1	3	-92.35
1	4	-92.61
1	5	-87.07
1	8	-94.34
1	9	-85.44
1	12	-75.89
1	14	-94.22
1	15	-84.86
1	16	-84.96
1	17	-74.29
1	26	-82.43
1	27	-88.85
1	28	-88.15
1	29	-92.03
1	30	-91.85
1	32	-87.99
1	34	-93.04
1	35	-92.56
1	36	-72.60
1	37	-94.62
1	38	-89.87
1	40	-84.49
1	42	-91.20
1	45	-92.50
1	46	-79.75
1	49	-74.83
1	55	-82.46
1	57	-92.65
1	59	-82.00
2	4	-90.97
2	8	-79.62
2	9	-92.78
2	13	-83.32
2	14	-86.49
2	15	-92.87
2	16	-91.50
2	18	-94.87
2	19	-92.70
2	20	-74.55
2	22	-77.92
2	23	-61.70
2	32	-92.17
2	33	-64.56
2	34	-85.71
2	35	-83.34
2	38	-92.52
2	40	-92.04
2	42	-85.66
2	43	-76.34
2	44	-91.55
2	47	-77.29
2	51	-93.99
2	52	-73.90
2	54	-86.76
2	55	-93.11
2	56	-75.70
3	1	-92.35
3	4	-81.74
3	5	-91.43
3	6	-84.18
3	7	-93.35
3	8	-92.49
3	9	-84.89
3	10	-89.17
3	12	-92.29
3	14	-87.71
3	15	-94.45
3	16	-89.26
3	17	-88.33
3	18	-89.54
3	19	-90.42
3	21	-92.41
3	25	-83.61
3	26	-93.42
3	27	-70.43
3	28	-72.70
3	29	-66.95
3	30	-77.98
3	31	-92.20
3	32	-82.89
3	35	-91.51
3	37	-71.81
3	38	-79.75
3	39	-92.72
3	40	-88.25
3	42	-90.58
3	43	-93.73
3	44	-93.54
3	45	-67.73
3	46	-94.68
3	47	-93.38
3	48	-88.64
3	54	-88.42
3	55	-92.65
3	57	-67.73
3	59	-93.72
3	60	-92.72
4	1	-92.61
4	2	-90.97
4	3	-81.74
4	6	-91.02
4	8	-83.60
4	9	-79.58
4	12	-94.40
4	13	-92.96
4	14	-72.35
4	15	-90.98
4	16	-83.82
4	17	-90.51
4	18	-87.27
4	19	-86.17
4	20	-94.14
4	21	-94.04
4	22	-88.33
4	23	-92.04
4	25	-92.24
4	27	-82.03
4	28	-82.28
4	29	-75.43
4	30	-89.51
4	32	-74.29
4	33	-90.30
4	34	-91.34
4	35	-82.43
4	37	-78.66
4	38	-68.12
4	40	-83.02
4	41	-94.88
4	42	-81.41
4	43	-85.73
4	44	-89.16
4	45	-75.18
4	47	-85.12
4	48	-87.42
4	50	-94.99
4	51	-93.82
4	52	-94.76
4	54	-75.94
4	55	-89.17
4	56	-88.52
4	57	-86.28
5	1	-87.07
5	3	-91.43
5	9	-92.20
5	10	-87.24
5	12	-79.07
5	16	-93.80
5	17	-82.43
5	25	-93.17
5	26	-74.29
5	27	-88.91
5	28	-88.52
5	29	-92.80
5	30	-86.35
5	32	-93.04
5	36	-87.51
5	37	-94.66
5	38	-93.39
5	40	-93.16
5	45	-93.21
5	46	-81.32
5	49	-89.12
5	55	-94.12
5	57	-89.75
5	59	-75.97
6	3	-84.18
6	4	-91.02
6	7	-82.60
6	9	-94.35
6	10	-89.51
6	11	-92.02
6	14	-93.90
6	18	-88.43
6	19	-90.97
6	21	-84.69
6	25	-75.00
6	27	-88.63
6	28	-89.30
6	29	-86.66
6	30	-86.19
6	31	-80.08
6	32	-93.13
6	37	-83.18
6	38	-91.38
6	39	-81.87
6	41	-93.49
6	44	-94.09
6	45	-86.27
6	48	-86.58
6	50	-93.10
6	53	-91.39
6	54	-93.42
6	57	-83.13
6	60	-81.25
7	3	-93.35
7	6	-82.60
7	10	-93.82
7	11	-91.98
7	18	-92.70
7	19	-94.96
7	21	-83.76
7	24	-94.87
7	25	-86.48
7	29	-94.64
7	30	-93.76
7	31	-57.15
7	37	-92.52
7	39	-68.26
7	41	-94.09
7	45	-94.39
7	48	-91.36
7	50	-93.51
7	53	-90.93
7	57	-92.59
7	60	-51.76
8	1	-94.34
8	2	-79.62
8	3	-92.49
8	4	-83.60
8	9	-85.49
8	13	-83.48
8	14	-76.57
8	15	-87.96
8	16	-83.84
8	17	-94.26
8	18	-92.70
8	19	-90.66
8	20	-84.89
8	22	-81.65
8	23	-81.01
8	27	-91.76
8	28	-91.67
8	29	-89.88
8	32	-84.49
8	33	-76.61
8	34	-82.19
8	35	-63.58
8	37	-91.18
8	38	-85.37
8	40	-84.55
8	42	-71.07
8	43	-75.18
8	44	-90.93
8	45	-89.87
8	47	-74.69
8	48	-93.40
8	51	-94.55
8	52	-86.61
8	54	-80.11
8	55	-87.48
8	56	-71.07
8	57	-94.74
9	1	-85.44
9	2	-92.78
9	3	-84.89
9	4	-79.58
9	5	-92.20
9	6	-94.35
9	8	-85.49
9	12	-89.15
9	13	-91.51
9	14	-83.18
9	15	-84.23
9	16	-70.14
9	17	-83.38
9	18	-93.82
9	19	-93.18
9	20	-94.61
9	22	-92.59
9	23	-93.16
9	25	-94.06
9	26	-91.81
9	27	-80.53
9	28	-79.75
9	29	-81.92
9	30	-89.06
9	32	-62.82
9	33	-91.39
9	34	-88.71
9	35	-82.42
9	36	-90.35
9	37	-86.50
9	38	-72.70
9	40	-65.83
9	42	-79.56
9	43	-90.08
9	44	-94.94
9	45	-82.62
9	46	-91.89
9	47	-89.70
9	48	-93.80
9	49	-90.87
9	54	-86.50
9	55	-80.45
9	56	-88.73
9	57	-87.58
9	59	-91.89
10	3	-89.17
10	5	-87.24
10	6	-89.51
10	7	-93.82
10	12	-92.96
10	17	-92.19
10	25	-83.06
10	26	-92.05
10	27	-89.51
10	28	-89.71
10	29	-91.87
10	30	-81.05
10	31	-92.82
10	37	-92.29
10	38	-94.52
10	39	-91.58
10	45	-92.06
10	46	-94.41
10	57	-85.55
10	59	-92.56
10	60	-93.72
11	6	-92.02
11	7	-91.98
11	18	-82.89
11	19	-85.54
11	21	-80.50
11	24	-75.29
11	31	-92.06
11	37	-92.93
11	39	-94.16
11	41	-66.74
11	44	-86.36
11	45	-94.89
11	48	-82.88
11	50	-61.70
11	51	-85.33
11	53	-55.31
11	54	-93.68
11	58	-79.24
11	60	-91.29
12	1	-75.89
12	3	-92.29
12	4	-94.40
12	5	-79.07
12	9	-89.15
12	10	-92.96
12	15	-90.95
12	16	-89.99
12	17	-73.80
12	26	-68.26
12	27	-89.00
12	28	-88.38
12	29	-92.74
12	30	-89.95
12	32	-90.81
12	36	-76.28
12	38	-91.90
12	40	-89.39
12	42	-94.57
12	45	-93.19
12	46	-68.09
12	49	-79.62
12	55	-89.24
12	57	-91.76
12	59	-67.64
13	2	-83.32
13	4	-92.96
13	8	-83.48
13	9	-91.51
13	14	-90.29
13	15	-86.45
13	16	-88.50
13	20	-79.07
13	22	-90.08
13	23	-80.63
13	32	-91.89
13	33	-79.24
13	34	-68.87
13	35	-83.60
13	38	-93.13
13	40	-89.51
13	42	-84.74
13	43	-87.89
13	47	-88.03
13	52	-84.53
13	54	-91.81
13	55	-88.09
13	56	-76.46
14	1	-94.22
14	2	-86.49
14	3	-87.71
14	4	-72.35
14	6	-93.90
14	8	-76.57
14	9	-83.18
14	13	-90.29
14	15	-90.70
14	16	-84.62
14	17	-93.07
14	18	-87.80
14	19	-85.48
14	20	-90.87
14	22	-82.97
14	23	-88.06
14	27	-87.76
14	28	-87.84
14	29	-83.88
14	30	-93.29
14	32	-80.11
14	33	-85.84
14	34	-88.97
14	35	-76.96
14	37	-85.05
14	38	-78.84
14	40	-84.49
14	41	-94.69
14	42	-77.48
14	43	-78.62
14	44	-87.30
14	45	-83.67
14	47	-77.62
14	48	-88.54
14	50	-94.92
14	51	-92.34
14	52	-91.47
14	54	-65.24
14	55	-89.42
14	56	-84.01
14	57	-90.87
15	1	-84.86
15	2	-92.87
15	3	-94.45
15	4	-90.98
15	8	-87.96
15	9	-84.23
15	12	-90.95
15	13	-86.45
15	14	-90.70
15	16	-77.94
15	17	-88.42
15	20	-92.76
15	23	-92.35
15	26	-93.61
15	27	-92.07
15	28	-91.62
15	29	-93.04
15	32	-86.65
15	33	-90.81
15	34	-81.57
15	35	-85.42
15	36	-88.35
15	38	-89.20
15	40	-79.66
15	42	-83.88
15	43	-92.88
15	45	-93.35
15	46	-92.35
15	47	-92.74
15	49	-87.85
15	52	-94.90
15	54	-92.92
15	55	-64.41
15	56	-87.72
15	59	-93.43
16	1	-84.96
16	2	-91.50
16	3	-89.26
16	4	-83.82
16	5	-93.80
16	8	-83.84
16	9	-70.14
16	12	-89.99
16	13	-88.50
16	14	-84.62
16	15	-77.94
16	17	-85.37
16	19	-94.68
16	20	-92.88
16	22	-92.41
16	23	-91.59
16	26	-92.74
16	27	-86.13
16	28	-85.56
16	29	-86.97
16	30	-92.31
16	32	-75.39
16	33	-89.64
16	34	-84.67
16	35	-79.86
16	36	-89.78
16	37	-90.19
16	38	-80.47
16	40	-51.76
16	42	-76.28
16	43	-89.70
16	45	-87.41
16	46	-92.28
16	47	-89.40
16	49	-89.99
16	52	-94.55
16	54	-87.90
16	55	-72.46
16	56	-86.28
16	57	-91.28
16	59	-92.71
17	1	-74.29
17	3	-88.33
17	4	-90.51
17	5	-82.43
17	8	-94.26
17	9	-83.38
17	10	-92.19
17	12	-73.80
17	14	-93.07
17	15	-88.42
17	16	-85.37
17	25	-94.04
17	26	-80.19
17	27	-83.58
17	28	-82.61
17	29	-88.54
17	30	-86.90
17	32	-85.64
17	34	-94.53
17	35	-92.56
17	36	-81.54
17	37	-91.66
17	38	-87.14
17	40	-84.33
17	42	-91.17
17	45	-89.15
17	46	-81.05
17	49	-83.53
17	54	-94.69
17	55	-85.82
17	57	-88.28
17	59	-80.40
18	2	-94.87
18	3	-89.54
18	4	-87.27
18	6	-88.43
18	7	-92.70
18	8	-92.70
18	9	-93.82
18	11	-82.89
18	14	-87.80
18	19	-67.51
18	21	-83.88
18	22	-90.08
18	24	-89.05
18	25	-92.63
18	27	-92.25
18	28	-92.68
18	29	-88.21
18	30	-94.38
18	31	-92.15
18	32	-92.06
18	35	-93.28
18	37	-84.66
18	38	-90.19
18	39	-93.99
18	41	-82.42
18	42	-93.47
18	43	-90.39
18	44	-78.26
18	45	-87.57
18	47	-90.10
18	48	-58.61
18	50	-82.54
18	51	-84.77
18	53	-83.53
18	54	-85.06
18	57	-91.62
18	58	-88.79
18	60	-91.86
19	2	-92.70
19	3	-90.42
19	4	-86.17
19	6	-90.97
19	7	-94.96
19	8	-90.66
19	9	-93.18
19	11	-85.54
19	14	-85.48
19	16	-94.68
19	18	-67.51
19	21	-87.78
19	22	-86.82
19	23	-94.20
19	24	-90.27
19	25	-94.34
19	27	-92.60
19	28	-92.96
19	29	-88.61
19	31	-94.47
19	32	-91.36
19	33	-93.41
19	35	-91.55
19	37	-85.90
19	38	-89.61
19	40	-94.44
19	41	-84.01
19	42	-91.95
19	43	-87.43
19	44	-71.07
19	45	-88.02
19	47	-87.10
19	48	-73.40
19	50	-84.49
19	51	-82.42
19	53	-86.42
19	54	-81.75
19	56	-93.50
19	57	-92.67
19	58	-89.22
19	60	-94.24
20	2	-74.55
20	4	-94.14
20	8	-84.89
20	9	-94.61
20	13	-79.07
20	14	-90.87
20	15	-92.76
20	16	-92.88
20	22	-86.21
20	23	-67.38
20	32	-94.42
20	33	-73.43
20	34	-84.14
20	35	-86.84
20	40	-93.51
20	42	-88.49
20	43	-85.22
20	47	-85.68
20	52	-68.26
20	54	-91.49
20	55	-93.51
20	56	-79.04
21	3	-92.41
21	4	-94.04
21	6	-84.69
21	7	-83.76
21	11	-80.50
21	18	-83.88
21	19	-87.78
21	24	-87.19
21	25	-90.51
21	29	-92.72
21	31	-83.67
21	37	-89.70
21	39	-87.24
21	41	-84.61
21	44	-90.51
21	45	-92.29
21	48	-81.85
21	50	-83.54
21	51	-91.83
21	53	-78.37
21	54	-94.04
21	57	-92.97
21	58	-89.80
21	60	-82.39
22	2	-77.92
22	4	-88.33
22	8	-81.65
22	9	-92.59
22	13	-90.08
22	14	-82.97
22	16	-92.41
22	18	-90.08
22	19	-86.82
22	20	-86.21
22	23	-81.92
22	29	-93.01
22	32	-91.36
22	33	-81.22
22	34	-90.77
22	35	-85.08
22	37	-92.89
22	38	-90.98
22	40	-92.64
22	41	-93.98
22	42	-86.93
22	43	-67.28
22	44	-84.58
22	45	-92.80
22	47	-68.57
22	48	-91.39
22	50	-94.46
22	51	-88.52
22	52	-84.70
22	54	-80.93
22	55	-94.77
22	56	-83.77
23	2	-61.70
23	4	-92.04
23	8	-81.01
23	9	-93.16
23	13	-80.63
23	14	-88.06
23	15	-92.35
23	16	-91.59
23	19	-94.20
23	20	-67.38
23	22	-81.92
23	32	-92.75
23	33	-62.32
23	34	-84.14
23	35	-84.01
23	38	-93.28
23	40	-92.20
23	42	-86.15
23	43	-80.36
23	44	-93.23
23	47	-81.01
23	52	-70.65
23	54	-88.63
23	55	-92.82
23	56	-74.84
24	7	-94.87
24	11	-75.29
24	18	-89.05
24	19	-90.27
24	21	-87.19
24	41	-75.39
24	44	-89.76
24	48	-89.31
24	50	-74.66
24	51	-86.66
24	53	-76.57
24	58	-70.98
24	60	-94.41
25	3	-83.61
25	4	-92.24
25	5	-93.17
25	6	-75.00
25	7	-86.48
25	9	-94.06
25	10	-83.06
25	17	-94.04
25	18	-92.63
25	19	-94.34
25	21	-90.51
25	27	-87.19
25	28	-87.81
25	29	-87.23
25	30	-80.78
25	31	-84.53
25	32	-93.17
25	37	-85.71
25	38	-91.73
25	39	-83.84
25	45	-87.14
25	48	-91.36
25	57	-79.72
25	60	-85.92
26	1	-82.43
26	3	-93.42
26	5	-74.29
26	9	-91.81
26	10	-92.05
26	12	-68.26
26	15	-93.61
26	16	-92.74
26	17	-80.19
26	27	-90.66
26	28	-90.18
26	29	-94.15
26	30	-90.30
26	32	-93.07
26	36	-80.93
26	38	-93.85
26	40	-92.20
26	45	-94.56
26	46	-67.79
26	49	-83.34
26	55	-92.22
26	57	-92.52
26	59	-44.44
27	1	-88.85
27	3	-70.43
27	4	-82.03
27	5	-88.91
27	6	-88.63
27	8	-91.76
27	9	-80.53
27	10	-89.51
27	12	-89.00
27	14	-87.76
27	15	-92.07
27	16	-86.13
27	17	-83.58
27	18	-92.25
27	19	-92.60
27	25	-87.19
27	26	-90.66
27	28	-45.20
27	29	-72.35
27	30	-78.02
27	31	-94.87
27	32	-79.22
27	35	-90.35
27	36	-92.45
27	37	-79.81
27	38	-77.22
27	40	-84.79
27	42	-89.06
27	43	-93.83
27	45	-74.07
27	46	-91.98
27	47	-93.49
27	48	-91.69
27	49	-93.32
27	54	-89.20
27	55	-89.85
27	56	-94.44
27	57	-74.27
27	59	-90.99
28	1	-88.15
28	3	-72.70
28	4	-82.28
28	5	-88.52
28	6	-89.30
28	8	-91.67
28	9	-79.75
28	10	-89.71
28	12	-88.38
28	14	-87.84
28	15	-91.62
28	16	-85.56
28	17	-82.61
28	18	-92.68
28	19	-92.96
28	25	-87.81
28	26	-90.18
28	27	-45.20
28	29	-73.84
28	30	-78.60
28	32	-78.72
28	34	-94.83
28	35	-90.18
28	36	-91.92
28	37	-80.90
28	38	-77.16
28	40	-84.14
28	42	-88.83
28	43	-93.87
28	45	-75.43
28	46	-91.49
28	47	-93.53
28	48	-92.15
28	49	-92.81
28	54	-89.38
28	55	-89.31
28	56	-94.31
28	57	-75.76
28	59	-90.50
29	1	-92.03
29	3	-66.95
29	4	-75.43
29	5	-92.80
29	6	-86.66
29	7	-94.64
29	8	-89.88
29	9	-81.92
29	10	-91.87
29	12	-92.74
29	14	-83.88
29	15	-93.04
29	16	-86.97
29	17	-88.54
29	18	-88.21
29	19	-88.61
29	21	-92.72
29	22	-93.01
29	25	-87.23
29	26	-94.15
29	27	-72.35
29	28	-73.84
29	30	-83.06
29	31	-93.64
29	32	-78.62
29	33	-94.61
29	34	-94.72
29	35	-88.79
29	37	-68.92
29	38	-73.30
29	39	-94.34
29	40	-85.89
29	42	-87.75
29	43	-91.36
29	44	-91.90
29	45	-43.60
29	47	-90.95
29	48	-87.57
29	54	-84.96
29	55	-91.14
29	56	-93.17
29	57	-77.22
29	59	-94.40
29	60	-94.01
30	1	-91.85
30	3	-77.98
30	4	-89.51
30	5	-86.35
30	6	-86.19
30	7	-93.76
30	9	-89.06
30	10	-81.05
30	12	-89.95
30	14	-93.29
30	16	-92.31
30	17	-86.90
30	18	-94.38
30	25	-80.78
30	26	-90.30
30	27	-78.02
30	28	-78.60
30	29	-83.06
30	31	-92.60
30	32	-88.57
30	36	-94.19
30	37	-84.81
30	38	-87.43
30	39	-92.32
30	40	-91.43
30	42	-94.51
30	45	-83.54
30	46	-92.45
30	48	-93.56
30	54	-93.97
30	55	-94.47
30	57	-69.52
30	59	-90.79
30	60	-93.35
31	3	-92.20
31	6	-80.08
31	7	-57.15
31	10	-92.82
31	11	-92.06
31	18	-92.15
31	19	-94.47
31	21	-83.67
31	25	-84.53
31	27	-94.87
31	29	-93.64
31	30	-92.60
31	37	-91.42
31	39	-65.63
31	41	-94.08
31	45	-93.38
31	48	-90.73
31	50	-93.53
31	53	-91.07
31	57	-91.33
31	60	-53.97
32	1	-87.99
32	2	-92.17
32	3	-82.89
32	4	-74.29
32	5	-93.04
32	6	-93.13
32	8	-84.49
32	9	-62.82
32	12	-90.81
32	13	-91.89
32	14	-80.11
32	15	-86.65
32	16	-75.39
32	17	-85.64
32	18	-92.06
32	19	-91.36
32	20	-94.42
32	22	-91.36
32	23	-92.75
32	25	-93.17
32	26	-93.07
32	27	-79.22
32	28	-78.72
32	29	-78.62
32	30	-88.57
32	33	-90.95
32	34	-89.45
32	35	-81.68
32	36	-92.20
32	37	-83.88
32	38	-63.30
32	40	-73.13
32	42	-79.07
32	43	-88.74
32	44	-93.41
32	45	-79.34
32	46	-93.35
32	47	-88.30
32	48	-92.06
32	49	-92.71
32	54	-83.88
32	55	-83.73
32	56	-88.45
32	57	-86.40
32	59	-93.19
33	2	-64.56
33	4	-90.30
33	8	-76.61
33	9	-91.39
33	13	-79.24
33	14	-85.84
33	15	-90.81
33	16	-89.64
33	19	-93.41
33	20	-73.43
33	22	-81.22
33	23	-62.32
33	29	-94.61
33	32	-90.95
33	34	-82.00
33	35	-80.45
33	38	-91.58
33	40	-90.32
33	42	-83.14
33	43	-78.03
33	44	-92.71
33	45	-94.58
33	47	-78.62
33	52	-77.02
33	54	-86.82
33	55	-91.19
33	56	-67.64
34	1	-93.04
34	2	-85.71
34	4	-91.34
34	8	-82.19
34	9	-88.71
34	13	-68.87
34	14	-88.97
34	15	-81.57
34	16	-84.67
34	17	-94.53
34	20	-84.14
34	22	-90.77
34	23	-84.14
34	28	-94.83
34	29	-94.72
34	32	-89.45
34	33	-82.00
34	35	-80.88
34	38	-91.11
34	40	-86.02
34	42	-81.41
34	43	-88.19
34	45	-94.86
34	47	-88.20
34	49	-94.98
34	52	-87.99
34	54	-90.98
34	55	-83.75
34	56	-77.16
35	1	-92.56
35	2	-83.34
35	3	-91.51
35	4	-82.43
35	8	-63.58
35	9	-82.42
35	13	-83.60
35	14	-76.96
35	15	-85.42
35	16	-79.86
35	17	-92.56
35	18	-93.28
35	19	-91.55
35	20	-86.84
35	22	-85.08
35	23	-84.01
35	27	-90.35
35	28	-90.18
35	29	-88.79
35	32	-81.68
35	33	-80.45
35	34	-80.88
35	37	-90.60
35	38	-83.34
35	40	-80.85
35	42	-58.50
35	43	-80.20
35	44	-92.21
35	45	-88.88
35	47	-79.75
35	48	-93.82
35	52	-88.76
35	54	-81.50
35	55	-84.59
35	56	-74.49
35	57	-93.82
36	1	-72.60
36	5	-87.51
36	9	-90.35
36	12	-76.28
36	15	-88.35
36	16	-89.78
36	17	-81.54
36	26	-80.93
36	27	-92.45
36	28	-91.92
36	30	-94.19
36	32	-92.20
36	38	-93.61
36	40	-89.54
36	42	-94.46
36	46	-74.69
36	49	-57.15
36	55	-87.21
36	59	-79.98
37	1	-94.62
37	3	-71.81
37	4	-78.66
37	5	-94.66
37	6	-83.18
37	7	-92.52
37	8	-91.18
37	9	-86.50
37	10	-92.29
37	11	-92.93
37	14	-85.05
37	16	-90.19
37	17	-91.66
37	18	-84.66
37	19	-85.90
37	21	-89.70
37	22	-92.89
37	25	-85.71
37	27	-79.81
37	28	-80.90
37	29	-68.92
37	30	-84.81
37	31	-91.42
37	32	-83.88
37	35	-90.60
37	38	-80.06
37	39	-92.47
37	40	-89.40
37	41	-93.32
37	42	-89.96
37	43	-91.64
37	44	-90.08
37	45	-66.45
37	47	-91.25
37	48	-83.51
37	50	-93.23
37	51	-94.19
37	53	-92.86
37	54	-84.90
37	55	-93.71
37	56	-94.31
37	57	-78.82
37	60	-91.75
38	1	-89.87
38	2	-92.52
38	3	-79.75
38	4	-68.12
38	5	-93.39
38	6	-91.38
38	8	-85.37
38	9	-72.70
38	10	-94.52
38	12	-91.90
38	13	-93.13
38	14	-78.84
38	15	-89.20
38	16	-80.47
38	17	-87.14
38	18	-90.19
38	19	-89.61
38	22	-90.98
38	23	-93.28
38	25	-91.73
38	26	-93.85
38	27	-77.22
38	28	-77.16
38	29	-73.30
38	30	-87.43
38	32	-63.30
38	33	-91.58
38	34	-91.11
38	35	-83.34
38	36	-93.61
38	37	-80.06
38	40	-78.97
38	42	-81.50
38	43	-88.55
38	44	-92.12
38	45	-74.11
38	46	-94.34
38	47	-88.07
38	48	-90.10
38	49	-94.14
38	54	-82.19
38	55	-86.82
38	56	-89.49
38	57	-84.41
38	59	-94.00
39	3	-92.72
39	6	-81.87
39	7	-68.26
39	10	-91.58
39	11	-94.16
39	18	-93.99
39	21	-87.24
39	25	-83.84
39	29	-94.34
39	30	-92.32
39	31	-65.63
39	37	-92.47
39	45	-94.14
39	48	-92.74
39	53	-93.31
39	57	-91.50
39	60	-70.14
40	1	-84.49
40	2	-92.04
40	3	-88.25
40	4	-83.02
40	5	-93.16
40	8	-84.55
40	9	-65.83
40	12	-89.39
40	13	-89.51
40	14	-84.49
40	15	-79.66
40	16	-51.76
40	17	-84.33
40	19	-94.44
40	20	-93.51
40	22	-92.64
40	23	-92.20
40	26	-92.20
40	27	-84.79
40	28	-84.14
40	29	-85.89
40	30	-91.43
40	32	-73.13
40	33	-90.32
40	34	-86.02
40	35	-80.85
40	36	-89.54
40	37	-89.40
40	38	-78.97
40	42	-77.47
40	43	-90.01
40	45	-86.39
40	46	-91.86
40	47	-89.69
40	49	-89.86
40	54	-87.76
40	55	-74.44
40	56	-87.19
40	57	-90.37
40	59	-92.20
41	4	-94.88
41	6	-93.49
41	7	-94.09
41	11	-66.74
41	14	-94.69
41	18	-82.42
41	19	-84.01
41	21	-84.61
41	22	-93.98
41	24	-75.39
41	31	-94.08
41	37	-93.32
41	44	-83.57
41	47	-94.91
41	48	-83.25
41	50	-49.41
41	51	-80.93
41	53	-72.07
41	54	-92.81
41	58	-74.88
41	60	-93.47
42	1	-91.20
42	2	-85.66
42	3	-90.58
42	4	-81.41
42	8	-71.07
42	9	-79.56
42	12	-94.57
42	13	-84.74
42	14	-77.48
42	15	-83.88
42	16	-76.28
42	17	-91.17
42	18	-93.47
42	19	-91.95
42	20	-88.49
42	22	-86.93
42	23	-86.15
42	27	-89.06
42	28	-88.83
42	29	-87.75
42	30	-94.51
42	32	-79.07
42	33	-83.14
42	34	-81.41
42	35	-58.50
42	36	-94.46
42	37	-89.96
42	38	-81.50
42	40	-77.47
42	43	-82.73
42	44	-92.86
42	45	-87.91
42	47	-82.29
42	48	-93.91
42	49	-94.55
42	52	-90.34
42	54	-82.32
42	55	-82.54
42	56	-78.05
42	57	-92.95
43	2	-76.34
43	3	-93.73
43	4	-85.73
43	8	-75.18
43	9	-90.08
43	13	-87.89
43	14	-78.62
43	15	-92.88
43	16	-89.70
43	18	-90.39
43	19	-87.43
43	20	-85.22
43	22	-67.28
43	23	-80.36
43	27	-93.83
43	28	-93.87
43	29	-91.36
43	32	-88.74
43	33	-78.03
43	34	-88.19
43	35	-80.20
43	37	-91.64
43	38	-88.55
43	40	-90.01
43	42	-82.73
43	44	-86.50
43	45	-91.19
43	47	-40.23
43	48	-91.51
43	51	-90.72
43	52	-84.89
43	54	-77.67
43	55	-92.50
43	56	-79.56
44	2	-91.55
44	3	-93.54
44	4	-89.16
44	6	-94.09
44	8	-90.93
44	9	-94.94
44	11	-86.36
44	14	-87.30
44	18	-78.26
44	19	-71.07
44	21	-90.51
44	22	-84.58
44	23	-93.23
44	24	-89.76
44	29	-91.90
44	32	-93.41
44	33	-92.71
44	35	-92.21
44	37	-90.08
44	38	-92.12
44	41	-83.57
44	42	-92.86
44	43	-86.50
44	45	-91.47
44	47	-86.32
44	48	-81.50
44	50	-84.49
44	51	-75.43
44	52	-94.44
44	53	-87.58
44	54	-83.83
44	56	-93.32
44	58	-87.60
45	1	-92.50
45	3	-67.73
45	4	-75.18
45	5	-93.21
45	6	-86.27
45	7	-94.39
45	8	-89.87
45	9	-82.62
45	10	-92.06
45	11	-94.89
45	12	-93.19
45	14	-83.67
45	15	-93.35
45	16	-87.41
45	17	-89.15
45	18	-87.57
45	19	-88.02
45	21	-92.29
45	22	-92.80
45	25	-87.14
45	26	-94.56
45	27	-74.07
45	28	-75.43
45	29	-43.60
45	30	-83.54
45	31	-93.38
45	32	-79.34
45	33	-94.58
45	34	-94.86
45	35	-88.88
45	37	-66.45
45	38	-74.11
45	39	-94.14
45	40	-86.39
45	42	-87.91
45	43	-91.19
45	44	-91.47
45	47	-90.77
45	48	-86.89
45	53	-94.87
45	54	-84.57
45	55	-91.51
45	56	-93.19
45	57	-77.66
45	59	-94.80
45	60	-93.74
46	1	-79.75
46	3	-94.68
46	5	-81.32
46	9	-91.89
46	10	-94.41
46	12	-68.09
46	15	-92.35
46	16	-92.28
46	17	-81.05
46	26	-67.79
46	27	-91.98
46	28	-91.49
46	30	-92.45
46	32	-93.35
46	36	-74.69
46	38	-94.34
46	40	-91.86
46	49	-78.02
46	55	-91.10
46	57	-94.15
46	59	-64.75
47	2	-77.29
47	3	-93.38
47	4	-85.12
47	8	-74.69
47	9	-89.70
47	13	-88.03
47	14	-77.62
47	15	-92.74
47	16	-89.40
47	18	-90.10
47	19	-87.10
47	20	-85.68
47	22	-68.57
47	23	-81.01
47	27	-93.49
47	28	-93.53
47	29	-90.95
47	32	-88.30
47	33	-78.62
47	34	-88.20
47	35	-79.75
47	37	-91.25
47	38	-88.07
47	40	-89.69
47	41	-94.91
47	42	-82.29
47	43	-40.23
47	44	-86.32
47	45	-90.77
47	48	-91.22
47	51	-90.70
47	52	-85.46
47	54	-76.62
47	55	-92.30
47	56	-79.72
48	3	-88.64
48	4	-87.42
48	6	-86.58
48	7	-91.36
48	8	-93.40
48	9	-93.80
48	11	-82.88
48	14	-88.54
48	18	-58.61
48	19	-73.40
48	21	-81.85
48	22	-91.39
48	24	-89.31
48	25	-91.36
48	27	-91.69
48	28	-92.15
48	29	-87.57
48	30	-93.56
48	31	-90.73
48	32	-92.06
48	35	-93.82
48	37	-83.51
48	38	-90.10
48	39	-92.74
48	41	-83.25
48	42	-93.91
48	43	-91.51
48	44	-81.50
48	45	-86.89
48	47	-91.22
48	50	-83.13
48	51	-86.70
48	53	-83.17
48	54	-86.19
48	57	-90.65
48	58	-89.51
48	60	-90.43
49	1	-74.83
49	5	-89.12
49	9	-90.87
49	12	-79.62
49	15	-87.85
49	16	-89.99
49	17	-83.53
49	26	-83.34
49	27	-93.32
49	28	-92.81
49	32	-92.71
49	34	-94.98
49	36	-57.15
49	38	-94.14
49	40	-89.86
49	42	-94.55
49	46	-78.02
49	55	-87.01
49	59	-82.51
50	4	-94.99
50	6	-93.10
50	7	-93.51
50	11	-61.70
50	14	-94.92
50	18	-82.54
50	19	-84.49
50	21	-83.54
50	22	-94.46
50	24	-74.66
50	31	-93.53
50	37	-93.23
50	41	-49.41
50	44	-84.49
50	48	-83.13
50	51	-82.41
50	53	-68.79
50	54	-93.11
50	58	-75.89
50	60	-92.88
51	2	-93.99
51	4	-93.82
51	8	-94.55
51	11	-85.33
51	14	-92.34
51	18	-84.77
51	19	-82.42
51	21	-91.83
51	22	-88.52
51	24	-86.66
51	37	-94.19
51	41	-80.93
51	43	-90.72
51	44	-75.43
51	47	-90.70
51	48	-86.70
51	50	-82.41
51	53	-86.95
51	54	-90.02
51	58	-82.28
52	2	-73.90
52	4	-94.76
52	8	-86.61
52	13	-84.53
52	14	-91.47
52	15	-94.90
52	16	-94.55
52	20	-68.26
52	22	-84.70
52	23	-70.65
52	33	-77.02
52	34	-87.99
52	35	-88.76
52	42	-90.34
52	43	-84.89
52	44	-94.44
52	47	-85.46
52	54	-91.62
52	56	-82.74
53	6	-91.39
53	7	-90.93
53	11	-55.31
53	18	-83.53
53	19	-86.42
53	21	-78.37
53	24	-76.57
53	31	-91.07
53	37	-92.86
53	39	-93.31
53	41	-72.07
53	44	-87.58
53	45	-94.87
53	48	-83.17
53	50	-68.79
53	51	-86.95
53	54	-94.14
53	58	-81.25
53	60	-90.22
54	2	-86.76
54	3	-88.42
54	4	-75.94
54	6	-93.42
54	8	-80.11
54	9	-86.50
54	11	-93.68
54	13	-91.81
54	14	-65.24
54	15	-92.92
54	16	-87.90
54	17	-94.69
54	18	-85.06
54	19	-81.75
54	20	-91.49
54	21	-94.04
54	22	-80.93
54	23	-88.63
54	27	-89.20
54	28	-89.38
54	29	-84.96
54	30	-93.97
54	32	-83.88
54	33	-86.82
54	34	-90.98
54	35	-81.50
54	37	-84.90
54	38	-82.19
54	40	-87.76
54	41	-92.81
54	42	-82.32
54	43	-77.67
54	44	-83.83
54	45	-84.57
54	47	-76.62
54	48	-86.19
54	50	-93.11
54	51	-90.02
54	52	-91.62
54	53	-94.14
54	55	-91.85
54	56	-85.96
54	57	-91.45
55	1	-82.46
55	2	-93.11
55	3	-92.65
55	4	-89.17
55	5	-94.12
55	8	-87.48
55	9	-80.45
55	12	-89.24
55	13	-88.09
55	14	-89.42
55	15	-64.41
55	16	-72.46
55	17	-85.82
55	20	-93.51
55	22	-94.77
55	23	-92.82
55	26	-92.22
55	27	-89.85
55	28	-89.31
55	29	-91.14
55	30	-94.47
55	32	-83.73
55	33	-91.19
55	34	-83.75
55	35	-84.59
55	36	-87.21
55	37	-93.71
55	38	-86.82
55	40	-74.44
55	42	-82.54
55	43	-92.50
55	45	-91.51
55	46	-91.10
55	47	-92.30
55	49	-87.01
55	54	-91.85
55	56	-88.11
55	57	-94.01
55	59	-92.07
56	2	-75.70
56	4	-88.52
56	8	-71.07
56	9	-88.73
56	13	-76.46
56	14	-84.01
56	15	-87.72
56	16	-86.28
56	19	-93.50
56	20	-79.04
56	22	-83.77
56	23	-74.84
56	27	-94.44
56	28	-94.31
56	29	-93.17
56	32	-88.45
56	33	-67.64
56	34	-77.16
56	35	-74.49
56	37	-94.31
56	38	-89.49
56	40	-87.19
56	42	-78.05
56	43	-79.56
56	44	-93.32
56	45	-93.19
56	47	-79.72
56	52	-82.74
56	54	-85.96
56	55	-88.11
57	1	-92.65
57	3	-67.73
57	4	-86.28
57	5	-89.75
57	6	-83.13
57	7	-92.59
57	8	-94.74
57	9	-87.58
57	10	-85.55
57	12	-91.76
57	14	-90.87
57	16	-91.28
57	17	-88.28
57	18	-91.62
57	19	-92.67
57	21	-92.97
57	25	-79.72
57	26	-92.52
57	27	-74.27
57	28	-75.76
57	29	-77.22
57	30	-69.52
57	31	-91.33
57	32	-86.40
57	35	-93.82
57	37	-78.82
57	38	-84.41
57	39	-91.50
57	40	-90.37
57	42	-92.95
57	45	-77.66
57	46	-94.15
57	48	-90.65
57	54	-91.45
57	55	-94.01
57	59	-92.90
57	60	-92.02
58	11	-79.24
58	18	-88.79
58	19	-89.22
58	21	-89.80
58	24	-70.98
58	41	-74.88
58	44	-87.60
58	48	-89.51
58	50	-75.89
58	51	-82.28
58	53	-81.25
59	1	-82.00
59	3	-93.72
59	5	-75.97
59	9	-91.89
59	10	-92.56
59	12	-67.64
59	15	-93.43
59	16	-92.71
59	17	-80.40
59	26	-44.44
59	27	-90.99
59	28	-90.50
59	29	-94.40
59	30	-90.79
59	32	-93.19
59	36	-79.98
59	38	-94.00
59	40	-92.20
59	45	-94.80
59	46	-64.75
59	49	-82.51
59	55	-92.07
59	57	-92.90
60	3	-92.72
60	6	-81.25
60	7	-51.76
60	10	-93.72
60	11	-91.29
60	18	-91.86
60	19	-94.24
60	21	-82.39
60	24	-94.41
60	25	-85.92
60	29	-94.01
60	30	-93.35
60	31	-53.97
60	37	-91.75
60	39	-70.14
60	41	-93.47
60	45	-93.74
60	48	-90.43
60	50	-92.88
60	53	-90.22
60	57	-92.02
