1	3	-87.01
1	10	-92.72
1	21	-90.87
1	29	-94.94
1	30	-64.75
1	35	-94.14
1	37	-89.39
1	44	-84.78
1	45	-91.29
1	46	-92.14
1	47	-92.84
1	50	-66.41
1	53	-87.57
1	54	-67.79
1	55	-76.17
1	56	-92.20
1	58	-69.47
1	60	-80.36
1	61	-88.64
1	63	-67.08
1	70	-73.69
1	76	-79.62
1	77	-83.53
1	80	-89.56
2	3	-94.79
2	4	-82.13
2	5	-93.19
2	6	-88.39
2	8	-90.40
2	9	-85.66
2	14	-89.39
2	15	-89.00
2	18	-76.10
2	19	-81.96
2	22	-84.38
2	25	-91.30
2	27	-80.53
2	28	-90.78
2	32	-77.44
2	34	-94.01
2	35	-94.19
2	36	-88.39
2	37	-92.76
2	46	-90.89
2	47	-89.45
2	49	-88.52
2	52	-88.12
2	59	-73.90
2	66	-82.98
2	68	-89.45
2	75	-79.86
2	79	-83.77
3	1	-87.01
3	2	-94.79
3	4	-88.11
3	5	-93.94
3	6	-94.97
3	9	-89.06
3	14	-93.38
3	18	-92.91
3	19	-87.43
3	22	-86.70
3	27	-88.70
3	28	-90.98
3	29	-93.54
3	30	-84.11
3	32	-92.06
3	35	-90.47
3	37	-68.09
3	44	-92.14
3	46	-82.13
3	47	-81.22
3	49	-88.90
3	50	-84.55
3	54	-85.88
3	55	-92.26
3	58	-85.92
3	59	-91.69
3	60	-79.84
3	61	-92.90
3	63	-83.64
3	70	-90.18
3	75	-89.38
3	76	-91.54
3	77	-89.46
3	79	-87.21
4	2	-82.13
4	3	-88.11
4	5	-88.21
4	6	-85.10
4	8	-90.87
4	9	-70.88
4	12	-92.82
4	14	-83.89
4	15	-88.02
4	18	-82.89
4	19	-71.70
4	22	-56.73
4	25	-90.90
4	27	-51.76
4	28	-83.18
4	29	-92.23
4	31	-91.47
4	32	-71.81
4	34	-91.50
4	35	-87.63
4	36	-85.50
4	37	-84.29
4	46	-79.72
4	47	-76.45
4	49	-77.45
4	52	-88.87
4	59	-78.29
4	60	-91.68
4	63	-94.89
4	66	-84.03
4	68	-86.36
4	71	-94.84
4	73	-93.59
4	75	-76.57
4	79	-77.92
5	2	-93.19
5	3	-93.94
5	4	-88.21
5	6	-77.92
5	8	-86.21
5	9	-83.14
5	10	-93.82
5	11	-84.84
5	12	-75.49
5	14	-72.51
5	15	-82.30
5	16	-91.73
5	17	-92.56
5	19	-92.10
5	20	-94.82
5	22	-87.61
5	24	-91.51
5	25	-84.19
5	26	-89.05
5	27	-89.10
5	28	-71.63
5	29	-79.04
5	31	-68.68
5	32	-87.62
5	33	-91.90
5	34	-76.24
5	35	-74.97
5	36	-78.62
5	37	-91.68
5	38	-90.78
5	39	-83.13
5	40	-94.72
5	41	-90.66
5	42	-85.29
5	43	-83.02
5	44	-94.37
5	46	-85.97
5	47	-87.80
5	48	-93.79
5	49	-79.70
5	52	-85.93
5	56	-92.30
5	57	-82.33
5	59	-93.59
5	60	-92.59
5	61	-92.11
5	66	-86.13
5	67	-91.80
5	68	-76.78
5	71	-82.61
5	72	-94.34
5	73	-78.66
5	74	-91.85
5	75	-93.46
5	77	-92.60
5	78	-91.48
5	79	-93.80
6	2	-88.39
6	3	-94.97
6	4	-85.10
6	5	-77.92
6	8	-77.94
6	9	-80.15
6	11	-91.67
6	12	-86.33
6	14	-65.83
6	15	-67.76
6	17	-93.84
6	18	-92.23
6	19	-89.70
6	20	-94.76
6	22	-85.38
6	24	-90.56
6	25	-76.28
6	26	-86.05
6	27	-85.72
6	28	-77.62
6	29	-88.37
6	31	-82.22
6	32	-81.37
6	34	-78.06
6	35	-84.79
6	36	-40.23
6	37	-92.61
6	38	-93.61
6	39	-90.31
6	42	-91.36
6	43	-89.22
6	46	-87.58
6	47	-88.17
6	49	-79.81
6	52	-75.23
6	57	-87.95
6	59	-90.19
6	66	-74.49
6	68	-52.05
6	71	-90.27
6	73	-88.02
6	74	-92.01
6	75	-90.76
6	79	-91.79
7	8	-93.67
7	17	-78.48
7	20	-64.31
7	24	-81.22
7	25	-93.04
7	26	-88.14
7	31	-94.56
7	33	-90.89
7	34	-92.50
7	38	-87.06
7	40	-94.03
7	42	-94.36
7	43	-92.61
7	57	-91.36
7	62	-74.26
7	67	-92.23
7	69	-81.73
7	72	-90.21
7	74	-77.31
8	2	-90.40
8	4	-90.87
8	5	-86.21
8	6	-77.94
8	7	-93.67
8	9	-88.57
8	11	-94.70
8	12	-90.41
8	14	-82.88
8	15	-68.26
8	17	-92.09
8	18	-94.59
8	19	-93.78
8	20	-91.70
8	22	-91.38
8	24	-85.88
8	25	-60.10
8	26	-77.47
8	27	-91.02
8	28	-87.58
8	29	-92.87
8	31	-87.10
8	32	-87.25
8	34	-80.58
8	35	-91.24
8	36	-76.88
8	38	-93.33
8	39	-93.06
8	42	-93.47
8	43	-91.11
8	46	-93.45
8	47	-93.71
8	49	-88.79
8	52	-63.12
8	57	-89.40
8	59	-93.20
8	62	-94.42
8	66	-78.18
8	68	-77.22
8	71	-93.50
8	73	-91.75
8	74	-88.85
8	75	-94.20
9	2	-85.66
9	3	-89.06
9	4	-70.88
9	5	-83.14
9	6	-80.15
9	8	-88.57
9	11	-92.90
9	12	-89.35
9	14	-77.09
9	15	-84.76
9	18	-87.76
9	19	-81.14
9	22	-69.33
9	25	-88.19
9	26	-93.33
9	27	-73.80
9	28	-75.36
9	29	-88.86
9	30	-94.80
9	31	-87.58
9	32	-74.27
9	34	-87.97
9	35	-82.91
9	36	-80.86
9	37	-85.29
9	39	-92.67
9	42	-94.00
9	43	-93.01
9	46	-77.16
9	47	-76.67
9	49	-64.36
9	50	-94.65
9	52	-86.55
9	57	-92.62
9	58	-94.74
9	59	-84.59
9	60	-90.89
9	61	-94.83
9	63	-94.48
9	66	-81.97
9	68	-81.68
9	71	-91.97
9	73	-90.37
9	75	-83.93
9	77	-93.80
9	79	-84.62
10	1	-92.72
10	5	-93.82
10	11	-85.17
10	12	-90.61
10	13	-92.17
10	16	-86.25
10	21	-79.04
10	23	-81.50
10	28	-94.56
10	29	-87.50
10	30	-92.26
10	31	-93.19
10	33	-94.04
10	35	-91.00
10	39	-88.70
10	40	-93.26
10	41	-83.99
10	42	-89.64
10	43	-92.17
10	44	-80.47
10	45	-76.10
10	46	-94.90
10	48	-84.55
10	50	-91.57
10	51	-84.58
10	53	-88.07
10	54	-94.98
10	55	-94.27
10	56	-61.48
10	57	-93.70
10	58	-90.24
10	60	-91.31
10	61	-74.88
10	63	-92.13
10	64	-93.53
10	65	-79.51
10	67	-92.93
10	70	-88.73
10	71	-87.14
10	73	-89.25
10	76	-85.96
10	77	-83.45
10	78	-86.57
10	80	-76.24
11	5	-84.84
11	6	-91.67
11	8	-94.70
11	9	-92.90
11	10	-85.17
11	12	-75.37
11	14	-89.85
11	15	-93.16
11	16	-79.42
11	17	-92.74
11	21	-92.27
11	22	-94.92
11	23	-91.02
11	24	-94.96
11	25	-93.41
11	26	-94.77
11	28	-88.07
11	29	-73.23
11	31	-82.00
11	33	-86.55
11	34	-88.16
11	35	-83.46
11	36	-91.90
11	38	-88.31
11	39	-67.28
11	40	-88.30
11	41	-75.61
11	42	-73.01
11	43	-78.86
11	44	-89.88
11	45	-91.22
11	46	-91.95
11	47	-93.67
11	48	-83.13
11	49	-90.84
11	50	-94.86
11	51	-86.76
11	52	-94.96
11	56	-82.94
11	57	-82.32
11	58	-94.07
11	60	-92.75
11	61	-85.64
11	62	-94.96
11	64	-92.13
11	65	-90.76
11	67	-85.23
11	68	-91.11
11	69	-94.07
11	70	-94.44
11	71	-58.61
11	72	-90.01
11	73	-70.65
11	74	-94.01
11	76	-93.16
11	77	-89.10
11	78	-79.07
11	80	-90.87
12	4	-92.82
12	5	-75.49
12	6	-86.33
12	8	-90.41
12	9	-89.35
12	10	-90.61
12	11	-75.37
12	14	-83.99
12	15	-88.28
12	16	-86.17
12	17	-90.77
12	20	-94.24
12	22	-92.23
12	24	-91.85
12	25	-88.66
12	26	-90.93
12	27	-93.52
12	28	-82.59
12	29	-71.52
12	31	-67.79
12	32	-92.70
12	33	-87.43
12	34	-80.83
12	35	-78.87
12	36	-86.63
12	37	-94.04
12	38	-87.12
12	39	-70.47
12	40	-90.69
12	41	-84.66
12	42	-75.61
12	43	-73.85
12	44	-92.82
12	45	-94.88
12	46	-89.80
12	47	-91.57
12	48	-89.17
12	49	-86.88
12	51	-91.83
12	52	-90.75
12	56	-88.88
12	57	-75.89
12	60	-93.20
12	61	-89.74
12	62	-93.61
12	64	-94.87
12	65	-94.95
12	66	-91.53
12	67	-86.95
12	68	-85.42
12	69	-93.31
12	71	-70.14
12	72	-90.78
12	73	-57.15
12	74	-91.26
12	77	-91.47
12	78	-85.80
12	80	-94.41
13	10	-92.17
13	16	-90.10
13	21	-93.81
13	23	-84.21
13	33	-94.55
13	40	-90.96
13	41	-90.99
13	45	-93.20
13	48	-87.09
13	51	-83.36
13	56	-93.33
13	64	-84.55
13	65	-86.15
13	67	-93.59
13	72	-94.56
13	78	-90.44
13	80	-94.46
14	2	-89.39
14	3	-93.38
14	4	-83.89
14	5	-72.51
14	6	-65.83
14	8	-82.88
14	9	-77.09
14	11	-89.85
14	12	-83.99
14	15	-76.57
14	17	-94.30
14	18	-92.41
14	19	-88.98
14	22	-83.65
14	24	-91.98
14	25	-81.28
14	26	-88.45
14	27	-84.87
14	28	-69.38
14	29	-85.58
14	31	-79.86
14	32	-81.82
14	33	-94.82
14	34	-78.91
14	35	-80.45
14	36	-68.00
14	37	-90.77
14	38	-93.50
14	39	-88.69
14	41	-94.21
14	42	-90.11
14	43	-88.20
14	46	-84.67
14	47	-85.79
14	49	-74.66
14	52	-81.22
14	57	-87.25
14	59	-90.26
14	60	-93.33
14	61	-94.57
14	66	-79.56
14	67	-94.85
14	68	-66.95
14	71	-88.35
14	73	-85.84
14	74	-92.96
14	75	-90.41
14	77	-94.45
14	78	-94.86
14	79	-91.15
15	2	-89.00
15	4	-88.02
15	5	-82.30
15	6	-67.76
15	8	-68.26
15	9	-84.76
15	11	-93.16
15	12	-88.28
15	14	-76.57
15	17	-92.88
15	18	-93.22
15	19	-91.69
15	20	-93.26
15	22	-88.50
15	24	-88.29
15	25	-66.45
15	26	-82.19
15	27	-88.35
15	28	-83.35
15	29	-90.68
15	31	-84.43
15	32	-84.03
15	34	-77.96
15	35	-88.29
15	36	-65.50
15	37	-94.86
15	38	-93.33
15	39	-91.59
15	42	-92.30
15	43	-89.96
15	46	-90.75
15	47	-91.12
15	49	-84.89
15	52	-64.51
15	57	-88.38
15	59	-91.50
15	66	-73.69
15	68	-66.84
15	71	-91.84
15	73	-89.82
15	74	-90.38
15	75	-92.37
15	79	-93.49
16	5	-91.73
16	10	-86.25
16	11	-79.42
16	12	-86.17
16	13	-90.10
16	17	-92.38
16	21	-92.72
16	23	-87.66
16	28	-94.17
16	29	-86.59
16	31	-89.30
16	33	-82.04
16	34	-92.66
16	35	-91.51
16	38	-86.94
16	39	-80.40
16	40	-79.99
16	41	-61.77
16	42	-78.46
16	43	-83.72
16	44	-92.89
16	45	-91.63
16	48	-67.64
16	51	-77.26
16	56	-85.79
16	57	-86.40
16	61	-89.70
16	62	-94.00
16	64	-84.57
16	65	-88.06
16	67	-79.17
16	69	-92.21
16	71	-81.35
16	72	-85.42
16	73	-84.43
16	74	-94.70
16	77	-93.19
16	78	-38.63
16	80	-92.01
17	5	-92.56
17	6	-93.84
17	7	-78.48
17	8	-92.09
17	11	-92.74
17	12	-90.77
17	14	-94.30
17	15	-92.88
17	16	-92.38
17	20	-76.60
17	24	-80.76
17	25	-90.92
17	26	-86.89
17	29	-93.99
17	31	-89.96
17	33	-83.62
17	34	-88.32
17	36	-93.71
17	38	-75.89
17	39	-90.16
17	40	-89.04
17	41	-93.12
17	42	-88.66
17	43	-86.19
17	48	-94.55
17	52	-93.70
17	57	-84.50
17	62	-69.69
17	64	-94.45
17	67	-85.72
17	68	-93.05
17	69	-74.86
17	71	-91.86
17	72	-83.75
17	73	-91.21
17	74	-72.76
17	78	-92.06
18	2	-76.10
18	3	-92.91
18	4	-82.89
18	6	-92.23
18	8	-94.59
18	9	-87.76
18	14	-92.41
18	15	-93.22
18	19	-77.66
18	22	-84.64
18	27	-81.18
18	28	-92.76
18	32	-83.23
18	36	-92.32
18	37	-91.11
18	46	-90.77
18	47	-88.80
18	49	-90.27
18	52	-92.90
18	59	-64.56
18	66	-89.17
18	68	-93.07
18	75	-71.58
18	79	-76.97
19	2	-81.96
19	3	-87.43
19	4	-71.70
19	5	-92.10
19	6	-89.70
19	8	-93.78
19	9	-81.14
19	14	-88.98
19	15	-91.69
19	18	-77.66
19	22	-73.54
19	25	-93.95
19	27	-69.40
19	28	-88.35
19	29	-94.96
19	31	-94.65
19	32	-79.42
19	34	-94.70
19	35	-91.24
19	36	-89.96
19	37	-84.26
19	46	-83.64
19	47	-80.08
19	49	-84.49
19	52	-92.07
19	59	-72.40
19	60	-92.51
19	66	-88.09
19	68	-90.66
19	75	-62.82
19	79	-63.12
20	5	-94.82
20	6	-94.76
20	7	-64.31
20	8	-91.70
20	12	-94.24
20	15	-93.26
20	17	-76.60
20	24	-75.97
20	25	-90.97
20	26	-85.15
20	31	-93.06
20	33	-90.47
20	34	-90.52
20	36	-94.56
20	38	-86.16
20	39	-94.31
20	40	-93.97
20	42	-93.39
20	43	-91.33
20	52	-93.51
20	57	-89.80
20	62	-76.09
20	67	-91.81
20	68	-94.08
20	69	-82.89
20	72	-90.27
20	73	-94.79
20	74	-70.80
21	1	-90.87
21	10	-79.04
21	11	-92.27
21	13	-93.81
21	16	-92.72
21	23	-83.65
21	29	-93.23
21	30	-91.28
21	39	-94.56
21	41	-91.50
21	44	-79.90
21	45	-55.31
21	48	-91.16
21	50	-90.63
21	51	-90.27
21	53	-78.48
21	54	-93.46
21	55	-90.95
21	56	-81.75
21	58	-89.23
21	60	-92.11
21	61	-81.85
21	63	-91.30
21	65	-81.32
21	70	-85.73
21	71	-93.47
21	73	-94.76
21	76	-82.28
21	77	-85.06
21	78	-92.97
21	80	-62.76
22	2	-84.38
22	3	-86.70
22	4	-56.73
22	5	-87.61
22	6	-85.38
22	8	-91.38
22	9	-69.33
22	11	-94.92
22	12	-92.23
22	14	-83.65
22	15	-88.50
22	18	-84.64
22	19	-73.54
22	25	-91.27
22	27	-63.95
22	28	-82.09
22	29	-91.38
22	30	-94.19
22	31	-91.00
22	32	-75.39
22	34	-91.41
22	35	-86.40
22	36	-85.83
22	37	-82.32
22	39	-94.93
22	46	-76.54
22	47	-72.35
22	49	-75.53
22	50	-94.14
22	52	-89.55
22	58	-94.41
22	59	-80.76
22	60	-90.38
22	63	-93.88
22	66	-85.23
22	68	-86.54
22	71	-94.21
22	73	-92.97
22	75	-78.57
22	77	-94.23
22	79	-78.80
23	10	-81.50
23	11	-91.02
23	13	-84.21
23	16	-87.66
23	21	-83.65
23	29	-93.74
23	33	-94.83
23	39	-93.00
23	40	-92.64
23	41	-87.14
23	42	-93.03
23	44	-89.95
23	45	-82.27
23	48	-83.92
23	51	-79.99
23	53	-90.94
23	56	-84.41
23	61	-88.38
23	64	-90.42
23	65	-56.59
23	67	-93.70
23	70	-94.26
23	71	-92.43
23	73	-94.12
23	76	-92.37
23	77	-92.14
23	78	-88.11
23	80	-84.84
24	5	-91.51
24	6	-90.56
24	7	-81.22
24	8	-85.88
24	11	-94.96
24	12	-91.85
24	14	-91.98
24	15	-88.29
24	17	-80.76
24	20	-75.97
24	25	-84.87
24	26	-74.44
24	28	-94.11
24	29	-94.92
24	31	-89.83
24	33	-91.20
24	34	-85.50
24	36	-90.26
24	38	-86.95
24	39	-92.75
24	40	-94.92
24	42	-92.16
24	43	-89.46
24	52	-88.53
24	57	-87.32
24	62	-84.09
24	66	-92.38
24	67	-92.29
24	68	-89.70
24	69	-87.74
24	71	-93.92
24	72	-91.99
24	73	-92.74
24	74	-68.68
25	2	-91.30
25	4	-90.90
25	5	-84.19
25	6	-76.28
25	7	-93.04
25	8	-60.10
25	9	-88.19
25	11	-93.41
25	12	-88.66
25	14	-81.28
25	15	-66.45
25	17	-90.92
25	19	-93.95
25	20	-90.97
25	22	-91.27
25	24	-84.87
25	26	-76.38
25	27	-91.16
25	28	-86.33
25	29	-91.52
25	31	-84.87
25	32	-87.66
25	33	-94.45
25	34	-76.69
25	35	-90.01
25	36	-75.18
25	38	-91.99
25	39	-91.56
25	42	-92.00
25	43	-89.36
25	46	-92.93
25	47	-93.35
25	49	-88.06
25	52	-68.92
25	57	-87.43
25	59	-93.69
25	62	-93.53
25	66	-79.68
25	67	-94.90
25	68	-74.74
25	69	-94.92
25	71	-92.09
25	73	-90.16
25	74	-87.68
25	75	-94.50
26	5	-89.05
26	6	-86.05
26	7	-88.14
26	8	-77.47
26	9	-93.33
26	11	-94.77
26	12	-90.93
26	14	-88.45
26	15	-82.19
26	17	-86.89
26	20	-85.15
26	24	-74.44
26	25	-76.38
26	28	-91.48
26	29	-93.94
26	31	-88.13
26	32	-92.99
26	33	-93.32
26	34	-81.82
26	35	-93.60
26	36	-85.56
26	38	-90.01
26	39	-92.71
26	42	-92.58
26	43	-89.84
26	49	-93.06
26	52	-81.96
26	57	-87.68
26	62	-89.73
26	66	-87.74
26	67	-94.08
26	68	-85.06
26	69	-92.02
26	71	-93.60
26	72	-94.50
26	73	-92.09
26	74	-81.01
27	2	-80.53
27	3	-88.70
27	4	-51.76
27	5	-89.10
27	6	-85.72
27	8	-91.02
27	9	-73.80
27	12	-93.52
27	14	-84.87
27	15	-88.35
27	18	-81.18
27	19	-69.40
27	22	-63.95
27	25	-91.16
27	28	-84.53
27	29	-93.03
27	31	-92.17
27	32	-70.98
27	34	-92.03
27	35	-88.73
27	36	-86.06
27	37	-85.17
27	46	-81.51
27	47	-78.43
27	49	-79.52
27	52	-88.98
27	59	-75.86
27	60	-92.39
27	66	-84.01
27	68	-86.97
27	73	-94.28
27	75	-74.27
27	79	-76.54
28	2	-90.78
28	3	-90.98
28	4	-83.18
28	5	-71.63
28	6	-77.62
28	8	-87.58
28	9	-75.36
28	10	-94.56
28	11	-88.07
28	12	-82.59
28	14	-69.38
28	15	-83.35
28	16	-94.17
28	18	-92.76
28	19	-88.35
28	22	-82.09
28	24	-94.11
28	25	-86.33
28	26	-91.48
28	27	-84.53
28	29	-82.27
28	30	-94.50
28	31	-80.11
28	32	-83.60
28	33	-94.93
28	34	-82.88
28	35	-72.89
28	36	-78.62
28	37	-87.99
28	38	-94.12
28	39	-87.59
28	41	-93.07
28	42	-89.45
28	43	-88.20
28	44	-93.97
28	46	-79.97
28	47	-82.33
28	49	-67.79
28	50	-94.21
28	52	-86.40
28	56	-93.06
28	57	-87.88
28	58	-94.01
28	59	-90.61
28	60	-90.40
28	61	-92.15
28	63	-94.17
28	66	-84.55
28	67	-94.78
28	68	-78.05
28	71	-86.64
28	73	-84.19
28	74	-94.67
28	75	-90.19
28	77	-91.79
28	78	-93.99
28	79	-90.47
29	1	-94.94
29	3	-93.54
29	4	-92.23
29	5	-79.04
29	6	-88.37
29	8	-92.87
29	9	-88.86
29	10	-87.50
29	11	-73.23
29	12	-71.52
29	14	-85.58
29	15	-90.68
29	16	-86.59
29	17	-93.99
29	19	-94.96
29	21	-93.23
29	22	-91.38
29	23	-93.74
29	24	-94.92
29	25	-91.52
29	26	-93.94
29	27	-93.03
29	28	-82.27
29	30	-93.52
29	31	-78.20
29	32	-92.88
29	33	-90.32
29	34	-86.02
29	35	-73.84
29	36	-88.74
29	37	-91.88
29	38	-90.79
29	39	-76.02
29	40	-92.32
29	41	-84.34
29	42	-80.53
29	43	-81.82
29	44	-89.26
29	45	-92.38
29	46	-87.48
29	47	-89.76
29	48	-88.83
29	49	-86.02
29	50	-93.00
29	51	-91.23
29	52	-92.82
29	56	-85.09
29	57	-83.64
29	58	-92.29
29	60	-89.91
29	61	-85.38
29	63	-93.21
29	65	-93.32
29	66	-92.81
29	67	-89.60
29	68	-87.89
29	70	-93.35
29	71	-70.98
29	72	-93.14
29	73	-69.30
29	74	-94.48
29	76	-92.35
29	77	-87.38
29	78	-86.37
29	80	-91.63
30	1	-64.75
30	3	-84.11
30	9	-94.80
30	10	-92.26
30	21	-91.28
30	22	-94.19
30	28	-94.50
30	29	-93.52
30	35	-92.38
30	37	-86.72
30	44	-84.19
30	45	-91.52
30	46	-89.85
30	47	-90.68
30	49	-93.92
30	50	-48.57
30	53	-89.13
30	54	-71.72
30	55	-81.50
30	56	-91.50
30	58	-63.30
30	60	-74.60
30	61	-87.62
30	63	-40.23
30	70	-75.86
30	76	-80.41
30	77	-81.64
30	80	-89.74
31	4	-91.47
31	5	-68.68
31	6	-82.22
31	7	-94.56
31	8	-87.10
31	9	-87.58
31	10	-93.19
31	11	-82.00
31	12	-67.79
31	14	-79.86
31	15	-84.43
31	16	-89.30
31	17	-89.96
31	19	-94.65
31	20	-93.06
31	22	-91.00
31	24	-89.83
31	25	-84.87
31	26	-88.13
31	27	-92.17
31	28	-80.11
31	29	-78.20
31	32	-90.79
31	33	-88.76
31	34	-73.76
31	35	-79.65
31	36	-82.54
31	37	-94.01
31	38	-87.38
31	39	-78.33
31	40	-92.30
31	41	-88.30
31	42	-80.63
31	43	-76.57
31	44	-94.69
31	46	-89.43
31	47	-91.01
31	48	-91.88
31	49	-85.15
31	51	-94.15
31	52	-87.55
31	56	-91.72
31	57	-75.40
31	60	-94.12
31	61	-92.17
31	62	-93.06
31	66	-88.79
31	67	-88.70
31	68	-80.84
31	69	-93.20
31	71	-78.91
31	72	-91.72
31	73	-73.36
31	74	-89.67
31	77	-93.28
31	78	-88.96
32	2	-77.44
32	3	-92.06
32	4	-71.81
32	5	-87.62
32	6	-81.37
32	8	-87.25
32	9	-74.27
32	12	-92.70
32	14	-81.82
32	15	-84.03
32	18	-83.23
32	19	-79.42
32	22	-75.39
32	25	-87.66
32	26	-92.99
32	27	-70.98
32	28	-83.60
32	29	-92.88
32	31	-90.79
32	34	-89.71
32	35	-88.87
32	36	-81.64
32	37	-89.20
32	46	-85.06
32	47	-83.67
32	49	-79.79
32	52	-84.43
32	57	-94.69
32	59	-79.04
32	60	-94.47
32	66	-76.78
32	68	-83.11
32	73	-93.65
32	75	-80.63
32	79	-83.24
33	5	-91.90
33	7	-90.89
33	10	-94.04
33	11	-86.55
33	12	-87.43
33	13	-94.55
33	14	-94.82
33	16	-82.04
33	17	-83.62
33	20	-90.47
33	23	-94.83
33	24	-91.20
33	25	-94.45
33	26	-93.32
33	28	-94.93
33	29	-90.32
33	31	-88.76
33	34	-90.35
33	35	-93.66
33	38	-71.79
33	39	-83.73
33	40	-74.07
33	41	-84.23
33	42	-80.25
33	43	-80.86
33	48	-85.83
33	51	-88.74
33	56	-93.52
33	57	-82.13
33	62	-85.93
33	64	-86.36
33	67	-57.79
33	68	-94.57
33	69	-82.54
33	71	-86.21
33	72	-68.46
33	73	-86.90
33	74	-88.41
33	78	-81.44
34	2	-94.01
34	4	-91.50
34	5	-76.24
34	6	-78.06
34	7	-92.50
34	8	-80.58
34	9	-87.97
34	11	-88.16
34	12	-80.83
34	14	-78.91
34	15	-77.96
34	16	-92.66
34	17	-88.32
34	19	-94.70
34	20	-90.52
34	22	-91.41
34	24	-85.50
34	25	-76.69
34	26	-81.82
34	27	-92.03
34	28	-82.88
34	29	-86.02
34	31	-73.76
34	32	-89.71
34	33	-90.35
34	35	-85.50
34	36	-77.92
34	38	-87.72
34	39	-85.30
34	40	-94.05
34	41	-92.17
34	42	-86.02
34	43	-81.94
34	46	-91.43
34	47	-92.44
34	48	-94.87
34	49	-86.54
34	52	-82.13
34	57	-78.91
34	62	-91.73
34	66	-85.52
34	67	-90.73
34	68	-75.53
34	69	-92.61
34	71	-86.21
34	72	-92.67
34	73	-83.27
34	74	-86.41
34	78	-92.36
35	1	-94.14
35	2	-94.19
35	3	-90.47
35	4	-87.63
35	5	-74.97
35	6	-84.79
35	8	-91.24
35	9	-82.91
35	10	-91.00
35	11	-83.46
35	12	-78.87
35	14	-80.45
35	15	-88.29
35	16	-91.51
35	19	-91.24
35	22	-86.40
35	25	-90.01
35	26	-93.60
35	27	-88.73
35	28	-72.89
35	29	-73.84
35	30	-92.38
35	31	-79.65
35	32	-88.87
35	33	-93.66
35	34	-85.50
35	36	-85.37
35	37	-87.94
35	38	-93.47
35	39	-84.14
35	41	-89.96
35	42	-86.78
35	43	-86.50
35	44	-90.49
35	45	-94.48
35	46	-80.95
35	47	-84.26
35	48	-93.13
35	49	-78.32
35	50	-91.93
35	51	-94.90
35	52	-90.68
35	56	-89.05
35	57	-87.02
35	58	-91.48
35	59	-93.62
35	60	-87.74
35	61	-87.89
35	63	-92.01
35	66	-89.76
35	67	-93.26
35	68	-84.66
35	70	-93.33
35	71	-82.07
35	73	-79.75
35	75	-92.94
35	76	-92.81
35	77	-87.87
35	78	-91.35
35	79	-92.81
35	80	-93.57
36	2	-88.39
36	4	-85.50
36	5	-78.62
36	6	-40.23
36	8	-76.88
36	9	-80.86
36	11	-91.90
36	12	-86.63
36	14	-68.00
36	15	-65.50
36	17	-93.71
36	18	-92.32
36	19	-89.96
36	20	-94.56
36	22	-85.83
36	24	-90.26
36	25	-75.18
36	26	-85.56
36	27	-86.06
36	28	-78.62
36	29	-88.74
36	31	-82.54
36	32	-81.64
36	34	-77.92
36	35	-85.37
36	37	-92.95
36	38	-93.58
36	39	-90.50
36	42	-91.51
36	43	-89.33
36	46	-88.08
36	47	-88.62
36	49	-80.66
36	52	-73.97
36	57	-88.00
36	59	-90.32
36	66	-73.90
36	68	-51.76
36	71	-90.52
36	73	-88.30
36	74	-91.79
36	75	-90.96
36	79	-92.01
37	1	-89.39
37	2	-92.76
37	3	-68.09
37	4	-84.29
37	5	-91.68
37	6	-92.61
37	9	-85.29
37	12	-94.04
37	14	-90.77
37	15	-94.86
37	18	-91.11
37	19	-84.26
37	22	-82.32
37	27	-85.17
37	28	-87.99
37	29	-91.88
37	30	-86.72
37	31	-94.01
37	32	-89.20
37	35	-87.94
37	36	-92.95
37	44	-92.44
37	46	-75.84
37	47	-73.90
37	49	-85.16
37	50	-86.86
37	54	-88.98
37	55	-94.12
37	58	-87.71
37	59	-89.45
37	60	-81.17
37	61	-92.65
37	63	-86.25
37	66	-93.56
37	68	-93.13
37	70	-91.50
37	71	-94.87
37	73	-94.27
37	75	-86.90
37	76	-92.44
37	77	-89.62
37	79	-84.66
38	5	-90.78
38	6	-93.61
38	7	-87.06
38	8	-93.33
38	11	-88.31
38	12	-87.12
38	14	-93.50
38	15	-93.33
38	16	-86.94
38	17	-75.89
38	20	-86.16
38	24	-86.95
38	25	-91.99
38	26	-90.01
38	28	-94.12
38	29	-90.79
38	31	-87.38
38	33	-71.79
38	34	-87.72
38	35	-93.47
38	36	-93.58
38	39	-84.98
38	40	-82.71
38	41	-88.09
38	42	-82.27
38	43	-79.95
38	48	-90.00
38	51	-92.37
38	52	-94.56
38	57	-79.24
38	62	-80.99
38	64	-90.65
38	67	-75.93
38	68	-92.81
38	69	-78.46
38	71	-87.43
38	72	-75.86
38	73	-87.19
38	74	-83.02
38	78	-86.47
39	5	-83.13
39	6	-90.31
39	8	-93.06
39	9	-92.67
39	10	-88.70
39	11	-67.28
39	12	-70.47
39	14	-88.69
39	15	-91.59
39	16	-80.40
39	17	-90.16
39	20	-94.31
39	21	-94.56
39	22	-94.93
39	23	-93.00
39	24	-92.75
39	25	-91.56
39	26	-92.71
39	28	-87.59
39	29	-76.02
39	31	-78.33
39	33	-83.73
39	34	-85.30
39	35	-84.14
39	36	-90.50
39	38	-84.98
39	40	-87.06
39	41	-78.46
39	42	-61.77
39	43	-70.40
39	44	-92.50
39	45	-93.65
39	46	-92.56
39	47	-94.13
39	48	-84.84
39	49	-90.69
39	51	-88.39
39	52	-93.53
39	56	-87.06
39	57	-76.20
39	60	-94.37
39	61	-89.09
39	62	-92.86
39	64	-92.03
39	65	-92.89
39	66	-94.41
39	67	-82.60
39	68	-89.56
39	69	-92.00
39	71	-60.86
39	72	-87.97
39	73	-65.46
39	74	-91.59
39	77	-91.69
39	78	-79.81
39	80	-93.39
40	5	-94.72
40	7	-94.03
40	10	-93.26
40	11	-88.30
40	12	-90.69
40	13	-90.96
40	16	-79.99
40	17	-89.04
40	20	-93.97
40	23	-92.64
40	24	-94.92
40	29	-92.32
40	31	-92.30
40	33	-74.07
40	34	-94.05
40	38	-82.71
40	39	-87.06
40	41	-83.43
40	42	-84.57
40	43	-86.54
40	48	-82.42
40	51	-84.98
40	56	-93.10
40	57	-87.96
40	62	-89.93
40	64	-78.46
40	65	-93.26
40	67	-71.49
40	69	-86.64
40	71	-88.66
40	72	-73.36
40	73	-89.90
40	74	-92.72
40	78	-79.70
41	5	-90.66
41	10	-83.99
41	11	-75.61
41	12	-84.66
41	13	-90.99
41	14	-94.21
41	16	-61.77
41	17	-93.12
41	21	-91.50
41	23	-87.14
41	28	-93.07
41	29	-84.34
41	31	-88.30
41	33	-84.23
41	34	-92.17
41	35	-89.96
41	38	-88.09
41	39	-78.46
41	40	-83.43
41	42	-77.57
41	43	-83.34
41	44	-91.27
41	45	-90.31
41	48	-70.47
41	51	-78.48
41	56	-83.14
41	57	-86.19
41	61	-87.60
41	62	-94.84
41	64	-87.06
41	65	-87.30
41	67	-81.92
41	68	-94.96
41	69	-93.33
41	71	-78.62
41	72	-87.52
41	73	-82.54
41	76	-94.34
41	77	-91.51
41	78	-62.32
41	80	-90.57
42	5	-85.29
42	6	-91.36
42	7	-94.36
42	8	-93.47
42	9	-94.00
42	10	-89.64
42	11	-73.01
42	12	-75.61
42	14	-90.11
42	15	-92.30
42	16	-78.46
42	17	-88.66
42	20	-93.39
42	23	-93.03
42	24	-92.16
42	25	-92.00
42	26	-92.58
42	28	-89.45
42	29	-80.53
42	31	-80.63
42	33	-80.25
42	34	-86.02
42	35	-86.78
42	36	-91.51
42	38	-82.27
42	39	-61.77
42	40	-84.57
42	41	-77.57
42	43	-67.54
42	44	-93.71
42	45	-94.35
42	46	-94.10
42	48	-83.82
42	49	-92.25
42	51	-87.70
42	52	-94.10
42	56	-88.33
42	57	-74.84
42	61	-90.57
42	62	-91.48
42	64	-90.62
42	65	-93.05
42	67	-78.82
42	68	-90.61
42	69	-90.34
42	71	-70.88
42	72	-85.45
42	73	-73.23
42	74	-90.65
42	77	-93.13
42	78	-77.64
42	80	-94.22
43	5	-83.02
43	6	-89.22
43	7	-92.61
43	8	-91.11
43	9	-93.01
43	10	-92.17
43	11	-78.86
43	12	-73.85
43	14	-88.20
43	15	-89.96
43	16	-83.72
43	17	-86.19
43	20	-91.33
43	24	-89.46
43	25	-89.36
43	26	-89.84
43	28	-88.20
43	29	-81.82
43	31	-76.57
43	33	-80.86
43	34	-81.94
43	35	-86.50
43	36	-89.33
43	38	-79.95
43	39	-70.40
43	40	-86.54
43	41	-83.34
43	42	-67.54
43	46	-93.81
43	48	-87.71
43	49	-91.29
43	51	-90.76
43	52	-91.97
43	56	-90.95
43	57	-61.70
43	61	-92.50
43	62	-89.80
43	64	-92.47
43	66	-93.50
43	67	-80.67
43	68	-88.25
43	69	-89.12
43	71	-75.94
43	72	-85.76
43	73	-74.07
43	74	-87.89
43	77	-94.46
43	78	-83.13
44	1	-84.78
44	3	-92.14
44	5	-94.37
44	10	-80.47
44	11	-89.88
44	12	-92.82
44	16	-92.89
44	21	-79.90
44	23	-89.95
44	28	-93.97
44	29	-89.26
44	30	-84.19
44	31	-94.69
44	35	-90.49
44	37	-92.44
44	39	-92.50
44	41	-91.27
44	42	-93.71
44	45	-79.53
44	46	-92.23
44	47	-93.67
44	48	-92.35
44	49	-94.52
44	50	-82.98
44	51	-92.60
44	53	-83.06
44	54	-88.53
44	55	-87.89
44	56	-79.56
44	58	-80.40
44	60	-84.23
44	61	-70.47
44	63	-84.04
44	65	-88.57
44	70	-77.16
44	71	-90.92
44	73	-91.97
44	76	-70.80
44	77	-68.12
44	78	-93.03
44	80	-75.09
45	1	-91.29
45	10	-76.10
45	11	-91.22
45	12	-94.88
45	13	-93.20
45	16	-91.63
45	21	-55.31
45	23	-82.27
45	29	-92.38
45	30	-91.52
45	35	-94.48
45	39	-93.65
45	41	-90.31
45	42	-94.35
45	44	-79.53
45	48	-89.96
45	50	-90.86
45	51	-89.07
45	53	-80.93
45	54	-93.83
45	55	-91.72
45	56	-79.53
45	58	-89.45
45	60	-92.01
45	61	-80.45
45	63	-91.51
45	65	-79.65
45	70	-86.33
45	71	-92.51
45	73	-93.92
45	76	-82.92
45	77	-84.64
45	78	-91.89
45	80	-60.86
46	1	-92.14
46	2	-90.89
46	3	-82.13
46	4	-79.72
46	5	-85.97
46	6	-87.58
46	8	-93.45
46	9	-77.16
46	10	-94.90
46	11	-91.95
46	12	-89.80
46	14	-84.67
46	15	-90.75
46	18	-90.77
46	19	-83.64
46	22	-76.54
46	25	-92.93
46	27	-81.51
46	28	-79.97
46	29	-87.48
46	30	-89.85
46	31	-89.43
46	32	-85.06
46	34	-91.43
46	35	-80.95
46	36	-88.08
46	37	-75.84
46	39	-92.56
46	42	-94.10
46	43	-93.81
46	44	-92.23
46	47	-62.82
46	49	-75.11
46	50	-89.67
46	52	-92.25
46	54	-92.52
46	56	-93.51
46	57	-93.93
46	58	-89.86
46	59	-88.50
46	60	-84.03
46	61	-91.43
46	63	-89.41
46	66	-89.66
46	68	-88.22
46	70	-92.87
46	71	-91.38
46	73	-90.30
46	75	-86.64
46	76	-93.18
46	77	-89.30
46	79	-85.64
47	1	-92.84
47	2	-89.45
47	3	-81.22
47	4	-76.45
47	5	-87.80
47	6	-88.17
47	8	-93.71
47	9	-76.67
47	11	-93.67
47	12	-91.57
47	14	-85.79
47	15	-91.12
47	18	-88.80
47	19	-80.08
47	22	-72.35
47	25	-93.35
47	27	-78.43
47	28	-82.33
47	29	-89.76
47	30	-90.68
47	31	-91.01
47	32	-83.67
47	34	-92.44
47	35	-84.26
47	36	-88.62
47	37	-73.90
47	39	-94.13
47	44	-93.67
47	46	-62.82
47	49	-76.99
47	50	-90.61
47	52	-92.38
47	54	-92.90
47	58	-90.96
47	59	-86.27
47	60	-85.61
47	61	-93.13
47	63	-90.27
47	66	-89.40
47	68	-88.93
47	70	-93.89
47	71	-93.12
47	73	-92.09
47	75	-83.84
47	76	-94.34
47	77	-91.04
47	79	-82.42
48	5	-93.79
48	10	-84.55
48	11	-83.13
48	12	-89.17
48	13	-87.09
48	16	-67.64
48	17	-94.55
48	21	-91.16
48	23	-83.92
48	29	-88.83
48	31	-91.88
48	33	-85.83
48	34	-94.87
48	35	-93.13
48	38	-90.00
48	39	-84.84
48	40	-82.42
48	41	-70.47
48	42	-83.82
48	43	-87.71
48	44	-92.35
48	45	-89.96
48	51	-67.08
48	56	-84.83
48	57	-89.80
48	61	-89.32
48	64	-83.25
48	65	-84.67
48	67	-83.64
48	69	-94.08
48	71	-85.05
48	72	-87.95
48	73	-87.67
48	77	-93.09
48	78	-69.40
48	80	-90.66
49	2	-88.52
49	3	-88.90
49	4	-77.45
49	5	-79.70
49	6	-79.81
49	8	-88.79
49	9	-64.36
49	11	-90.84
49	12	-86.88
49	14	-74.66
49	15	-84.89
49	18	-90.27
49	19	-84.49
49	22	-75.53
49	25	-88.06
49	26	-93.06
49	27	-79.52
49	28	-67.79
49	29	-86.02
49	30	-93.92
49	31	-85.15
49	32	-79.79
49	34	-86.54
49	35	-78.32
49	36	-80.66
49	37	-85.16
49	39	-90.69
49	42	-92.25
49	43	-91.29
49	44	-94.52
49	46	-75.11
49	47	-76.99
49	50	-93.70
49	52	-87.18
49	56	-94.40
49	57	-91.01
49	58	-93.68
49	59	-87.67
49	60	-89.63
49	61	-93.16
49	63	-93.58
49	66	-83.90
49	68	-80.94
49	71	-89.79
49	73	-87.99
49	75	-86.93
49	77	-92.22
49	79	-87.19
50	1	-66.41
50	3	-84.55
50	9	-94.65
50	10	-91.57
50	11	-94.86
50	21	-90.63
50	22	-94.14
50	28	-94.21
50	29	-93.00
50	30	-48.57
50	35	-91.93
50	37	-86.86
50	44	-82.98
50	45	-90.86
50	46	-89.67
50	47	-90.61
50	49	-93.70
50	53	-88.63
50	54	-74.11
50	55	-81.85
50	56	-90.77
50	58	-57.15
50	60	-73.69
50	61	-86.65
50	63	-47.08
50	70	-74.37
50	76	-79.07
50	77	-80.14
50	80	-88.98
51	10	-84.58
51	11	-86.76
51	12	-91.83
51	13	-83.36
51	16	-77.26
51	21	-90.27
51	23	-79.99
51	29	-91.23
51	31	-94.15
51	33	-88.74
51	35	-94.90
51	38	-92.37
51	39	-88.39
51	40	-84.98
51	41	-78.48
51	42	-87.70
51	43	-90.76
51	44	-92.60
51	45	-89.07
51	48	-67.08
51	56	-85.62
51	57	-92.47
51	61	-90.01
51	64	-82.71
51	65	-81.50
51	67	-87.01
51	71	-88.39
51	72	-90.08
51	73	-90.55
51	77	-93.69
51	78	-78.18
51	80	-90.15
52	2	-88.12
52	4	-88.87
52	5	-85.93
52	6	-75.23
52	8	-63.12
52	9	-86.55
52	11	-94.96
52	12	-90.75
52	14	-81.22
52	15	-64.51
52	17	-93.70
52	18	-92.90
52	19	-92.07
52	20	-93.51
52	22	-89.55
52	24	-88.53
52	25	-68.92
52	26	-81.96
52	27	-88.98
52	28	-86.40
52	29	-92.82
52	31	-87.55
52	32	-84.43
52	34	-82.13
52	35	-90.68
52	36	-73.97
52	38	-94.56
52	39	-93.53
52	42	-94.10
52	43	-91.97
52	46	-92.25
52	47	-92.38
52	49	-87.18
52	57	-90.51
52	59	-91.33
52	66	-72.07
52	68	-75.40
52	71	-93.80
52	73	-92.06
52	74	-90.97
52	75	-92.49
52	79	-93.78
53	1	-87.57
53	10	-88.07
53	21	-78.48
53	23	-90.94
53	30	-89.13
53	44	-83.06
53	45	-80.93
53	50	-88.63
53	54	-90.42
53	55	-85.12
53	56	-89.05
53	58	-87.38
53	60	-91.80
53	61	-87.25
53	63	-89.34
53	65	-89.63
53	70	-82.04
53	76	-79.83
53	77	-86.89
53	80	-79.81
54	1	-67.79
54	3	-85.88
54	10	-94.98
54	21	-93.46
54	30	-71.72
54	37	-88.98
54	44	-88.53
54	45	-93.83
54	46	-92.52
54	47	-92.90
54	50	-74.11
54	53	-90.42
54	55	-78.20
54	56	-94.48
54	58	-77.36
54	60	-82.42
54	61	-91.46
54	63	-72.97
54	70	-80.95
54	76	-84.83
54	77	-87.24
54	80	-92.39
55	1	-76.17
55	3	-92.26
55	10	-94.27
55	21	-90.95
55	30	-81.50
55	37	-94.12
55	44	-87.89
55	45	-91.72
55	50	-81.85
55	53	-85.12
55	54	-78.20
55	56	-94.21
55	58	-82.13
55	60	-88.28
55	61	-91.55
55	63	-82.26
55	70	-79.07
55	76	-82.73
55	77	-88.40
55	80	-90.35
56	1	-92.20
56	5	-92.30
56	10	-61.48
56	11	-82.94
56	12	-88.88
56	13	-93.33
56	16	-85.79
56	21	-81.75
56	23	-84.41
56	28	-93.06
56	29	-85.09
56	30	-91.50
56	31	-91.72
56	33	-93.52
56	35	-89.05
56	39	-87.06
56	40	-93.10
56	41	-83.14
56	42	-88.33
56	43	-90.95
56	44	-79.56
56	45	-79.53
56	46	-93.51
56	48	-84.83
56	49	-94.40
56	50	-90.77
56	51	-85.62
56	53	-89.05
56	54	-94.48
56	55	-94.21
56	57	-92.56
56	58	-89.39
56	60	-90.01
56	61	-70.92
56	63	-91.32
56	64	-93.91
56	65	-82.95
56	67	-92.42
56	70	-88.35
56	71	-85.12
56	73	-87.38
56	76	-85.68
56	77	-81.61
56	78	-86.05
56	80	-78.66
57	5	-82.33
57	6	-87.95
57	7	-91.36
57	8	-89.40
57	9	-92.62
57	10	-93.70
57	11	-82.32
57	12	-75.89
57	14	-87.25
57	15	-88.38
57	16	-86.40
57	17	-84.50
57	20	-89.80
57	24	-87.32
57	25	-87.43
57	26	-87.68
57	28	-87.88
57	29	-83.64
57	31	-75.40
57	32	-94.69
57	33	-82.13
57	34	-78.91
57	35	-87.02
57	36	-88.00
57	38	-79.24
57	39	-76.20
57	40	-87.96
57	41	-86.19
57	42	-74.84
57	43	-61.70
57	46	-93.93
57	48	-89.80
57	49	-91.01
57	51	-92.47
57	52	-90.51
57	56	-92.56
57	61	-93.82
57	62	-88.69
57	64	-93.62
57	66	-92.44
57	67	-82.54
57	68	-86.81
57	69	-88.47
57	71	-79.80
57	72	-86.38
57	73	-77.30
57	74	-85.74
57	78	-85.90
58	1	-69.47
58	3	-85.92
58	9	-94.74
58	10	-90.24
58	11	-94.07
58	21	-89.23
58	22	-94.41
58	28	-94.01
58	29	-92.29
58	30	-63.30
58	35	-91.48
58	37	-87.71
58	44	-80.40
58	45	-89.45
58	46	-89.86
58	47	-90.96
58	49	-93.68
58	50	-57.15
58	53	-87.38
58	54	-77.36
58	55	-82.13
58	56	-89.39
58	60	-74.25
58	61	-84.81
58	63	-62.76
58	65	-94.96
58	70	-70.74
58	71	-94.52
58	73	-94.87
58	76	-75.88
58	77	-77.26
58	80	-87.36
59	2	-73.90
59	3	-91.69
59	4	-78.29
59	5	-93.59
59	6	-90.19
59	8	-93.20
59	9	-84.59
59	14	-90.26
59	15	-91.50
59	18	-64.56
59	19	-72.40
59	22	-80.76
59	25	-93.69
59	27	-75.86
59	28	-90.61
59	32	-79.04
59	35	-93.62
59	36	-90.32
59	37	-89.45
59	46	-88.50
59	47	-86.27
59	49	-87.67
59	52	-91.33
59	66	-87.03
59	68	-91.15
59	75	-65.07
59	79	-74.11
60	1	-80.36
60	3	-79.84
60	4	-91.68
60	5	-92.59
60	9	-90.89
60	10	-91.31
60	11	-92.75
60	12	-93.20
60	14	-93.33
60	19	-92.51
60	21	-92.11
60	22	-90.38
60	27	-92.39
60	28	-90.40
60	29	-89.91
60	30	-74.60
60	31	-94.12
60	32	-94.47
60	35	-87.74
60	37	-81.17
60	39	-94.37
60	44	-84.23
60	45	-92.01
60	46	-84.03
60	47	-85.61
60	49	-89.63
60	50	-73.69
60	53	-91.80
60	54	-82.42
60	55	-88.28
60	56	-90.01
60	58	-74.25
60	61	-85.83
60	63	-73.23
60	70	-82.19
60	71	-92.95
60	73	-92.96
60	75	-94.14
60	76	-83.73
60	77	-79.29
60	79	-92.93
60	80	-90.30
61	1	-88.64
61	3	-92.90
61	5	-92.11
61	9	-94.83
61	10	-74.88
61	11	-85.64
61	12	-89.74
61	14	-94.57
61	16	-89.70
61	21	-81.85
61	23	-88.38
61	28	-92.15
61	29	-85.38
61	30	-87.62
61	31	-92.17
61	35	-87.89
61	37	-92.65
61	39	-89.09
61	41	-87.60
61	42	-90.57
61	43	-92.50
61	44	-70.47
61	45	-80.45
61	46	-91.43
61	47	-93.13
61	48	-89.32
61	49	-93.16
61	50	-86.65
61	51	-90.01
61	53	-87.25
61	54	-91.46
61	55	-91.55
61	56	-70.92
61	57	-93.82
61	58	-84.81
61	60	-85.83
61	63	-87.38
61	65	-87.04
61	67	-94.72
61	70	-83.86
61	71	-87.09
61	73	-88.59
61	76	-80.53
61	77	-72.40
61	78	-89.85
61	80	-77.57
62	7	-74.26
62	8	-94.42
62	11	-94.96
62	12	-93.61
62	16	-94.00
62	17	-69.69
62	20	-76.09
62	24	-84.09
62	25	-93.53
62	26	-89.73
62	31	-93.06
62	33	-85.93
62	34	-91.73
62	38	-80.99
62	39	-92.86
62	40	-89.93
62	41	-94.84
62	42	-91.48
62	43	-89.80
62	57	-88.69
62	64	-94.71
62	67	-87.81
62	69	-69.10
62	71	-94.31
62	72	-84.55
62	73	-93.90
62	74	-78.46
62	78	-93.73
63	1	-67.08
63	3	-83.64
63	4	-94.89
63	9	-94.48
63	10	-92.13
63	21	-91.30
63	22	-93.88
63	28	-94.17
63	29	-93.21
63	30	-40.23
63	35	-92.01
63	37	-86.25
63	44	-84.04
63	45	-91.51
63	46	-89.41
63	47	-90.27
63	49	-93.58
63	50	-47.08
63	53	-89.34
63	54	-72.97
63	55	-82.26
63	56	-91.32
63	58	-62.76
63	60	-73.23
63	61	-87.38
63	70	-76.28
63	76	-80.53
63	77	-81.22
63	80	-89.73
64	10	-93.53
64	11	-92.13
64	12	-94.87
64	13	-84.55
64	16	-84.57
64	17	-94.45
64	23	-90.42
64	33	-86.36
64	38	-90.65
64	39	-92.03
64	40	-78.46
64	41	-87.06
64	42	-90.62
64	43	-92.47
64	48	-83.25
64	51	-82.71
64	56	-93.91
64	57	-93.62
64	62	-94.71
64	65	-91.48
64	67	-85.14
64	69	-92.20
64	71	-92.81
64	72	-85.27
64	73	-94.10
64	78	-84.76
65	10	-79.51
65	11	-90.76
65	12	-94.95
65	13	-86.15
65	16	-88.06
65	21	-81.32
65	23	-56.59
65	29	-93.32
65	39	-92.89
65	40	-93.26
65	41	-87.30
65	42	-93.05
65	44	-88.57
65	45	-79.65
65	48	-84.67
65	51	-81.50
65	53	-89.63
65	56	-82.95
65	58	-94.96
65	61	-87.04
65	64	-91.48
65	67	-94.09
65	70	-93.20
65	71	-92.20
65	73	-93.89
65	76	-91.15
65	77	-91.03
65	78	-88.49
65	80	-82.70
66	2	-82.98
66	4	-84.03
66	5	-86.13
66	6	-74.49
66	8	-78.18
66	9	-81.97
66	12	-91.53
66	14	-79.56
66	15	-73.69
66	18	-89.17
66	19	-88.09
66	22	-85.23
66	24	-92.38
66	25	-79.68
66	26	-87.74
66	27	-84.01
66	28	-84.55
66	29	-92.81
66	31	-88.79
66	32	-76.78
66	34	-85.52
66	35	-89.76
66	36	-73.90
66	37	-93.56
66	39	-94.41
66	43	-93.50
66	46	-89.66
66	47	-89.40
66	49	-83.90
66	52	-72.07
66	57	-92.44
66	59	-87.03
66	68	-76.62
66	71	-94.37
66	73	-92.72
66	74	-94.16
66	75	-88.56
66	79	-90.27
67	5	-91.80
67	7	-92.23
67	10	-92.93
67	11	-85.23
67	12	-86.95
67	13	-93.59
67	14	-94.85
67	16	-79.17
67	17	-85.72
67	20	-91.81
67	23	-93.70
67	24	-92.29
67	25	-94.90
67	26	-94.08
67	28	-94.78
67	29	-89.60
67	31	-88.70
67	33	-57.79
67	34	-90.73
67	35	-93.26
67	38	-75.93
67	39	-82.60
67	40	-71.49
67	41	-81.92
67	42	-78.82
67	43	-80.67
67	48	-83.64
67	51	-87.01
67	56	-92.42
67	57	-82.54
67	61	-94.72
67	62	-87.81
67	64	-85.14
67	65	-94.09
67	68	-94.76
67	69	-84.83
67	71	-85.12
67	72	-72.07
67	73	-86.19
67	74	-89.83
67	78	-78.46
68	2	-89.45
68	4	-86.36
68	5	-76.78
68	6	-52.05
68	8	-77.22
68	9	-81.68
68	11	-91.11
68	12	-85.42
68	14	-66.95
68	15	-66.84
68	17	-93.05
68	18	-93.07
68	19	-90.66
68	20	-94.08
68	22	-86.54
68	24	-89.70
68	25	-74.74
68	26	-85.06
68	27	-86.97
68	28	-78.05
68	29	-87.89
68	31	-80.84
68	32	-83.11
68	33	-94.57
68	34	-75.53
68	35	-84.66
68	36	-51.76
68	37	-93.13
68	38	-92.81
68	39	-89.56
68	41	-94.96
68	42	-90.61
68	43	-88.25
68	46	-88.22
68	47	-88.93
68	49	-80.94
68	52	-75.40
68	57	-86.81
68	59	-91.15
68	66	-76.62
68	67	-94.76
68	71	-89.63
68	73	-87.25
68	74	-91.15
68	75	-91.68
68	79	-92.61
69	7	-81.73
69	11	-94.07
69	12	-93.31
69	16	-92.21
69	17	-74.86
69	20	-82.89
69	24	-87.74
69	25	-94.92
69	26	-92.02
69	31	-93.20
69	33	-82.54
69	34	-92.61
69	38	-78.46
69	39	-92.00
69	40	-86.64
69	41	-93.33
69	42	-90.34
69	43	-89.12
69	48	-94.08
69	57	-88.47
69	62	-69.10
69	64	-92.20
69	67	-84.83
69	71	-93.55
69	72	-79.44
69	73	-93.41
69	74	-83.36
69	78	-91.93
70	1	-73.69
70	3	-90.18
70	10	-88.73
70	11	-94.44
70	21	-85.73
70	23	-94.26
70	29	-93.35
70	30	-75.86
70	35	-93.33
70	37	-91.50
70	44	-77.16
70	45	-86.33
70	46	-92.87
70	47	-93.89
70	50	-74.37
70	53	-82.04
70	54	-80.95
70	55	-79.07
70	56	-88.35
70	58	-70.74
70	60	-82.19
70	61	-83.86
70	63	-76.28
70	65	-93.20
70	76	-64.36
70	77	-77.98
70	80	-83.84
71	4	-94.84
71	5	-82.61
71	6	-90.27
71	8	-93.50
71	9	-91.97
71	10	-87.14
71	11	-58.61
71	12	-70.14
71	14	-88.35
71	15	-91.84
71	16	-81.35
71	17	-91.86
71	21	-93.47
71	22	-94.21
71	23	-92.43
71	24	-93.92
71	25	-92.09
71	26	-93.60
71	28	-86.64
71	29	-70.98
71	31	-78.91
71	33	-86.21
71	34	-86.21
71	35	-82.07
71	36	-90.52
71	37	-94.87
71	38	-87.43
71	39	-60.86
71	40	-88.66
71	41	-78.62
71	42	-70.88
71	43	-75.94
71	44	-90.92
71	45	-92.51
71	46	-91.38
71	47	-93.12
71	48	-85.05
71	49	-89.79
71	51	-88.39
71	52	-93.80
71	56	-85.12
71	57	-79.80
71	58	-94.52
71	60	-92.95
71	61	-87.09
71	62	-94.31
71	64	-92.81
71	65	-92.20
71	66	-94.37
71	67	-85.12
71	68	-89.63
71	69	-93.55
71	72	-89.83
71	73	-62.76
71	74	-93.00
71	76	-93.94
71	77	-89.93
71	78	-80.93
71	80	-92.13
72	5	-94.34
72	7	-90.21
72	11	-90.01
72	12	-90.78
72	13	-94.56
72	16	-85.42
72	17	-83.75
72	20	-90.27
72	24	-91.99
72	26	-94.50
72	29	-93.14
72	31	-91.72
72	33	-68.46
72	34	-92.67
72	38	-75.86
72	39	-87.97
72	40	-73.36
72	41	-87.52
72	42	-85.45
72	43	-85.76
72	48	-87.95
72	51	-90.08
72	57	-86.38
72	62	-84.55
72	64	-85.27
72	67	-72.07
72	69	-79.44
72	71	-89.83
72	73	-90.39
72	74	-89.05
72	78	-85.05
73	4	-93.59
73	5	-78.66
73	6	-88.02
73	8	-91.75
73	9	-90.37
73	10	-89.25
73	11	-70.65
73	12	-57.15
73	14	-85.84
73	15	-89.82
73	16	-84.43
73	17	-91.21
73	20	-94.79
73	21	-94.76
73	22	-92.97
73	23	-94.12
73	24	-92.74
73	25	-90.16
73	26	-92.09
73	27	-94.28
73	28	-84.19
73	29	-69.30
73	31	-73.36
73	32	-93.65
73	33	-86.90
73	34	-83.27
73	35	-79.75
73	36	-88.30
73	37	-94.27
73	38	-87.19
73	39	-65.46
73	40	-89.90
73	41	-82.54
73	42	-73.23
73	43	-74.07
73	44	-91.97
73	45	-93.92
73	46	-90.30
73	47	-92.09
73	48	-87.67
73	49	-87.99
73	51	-90.55
73	52	-92.06
73	56	-87.38
73	57	-77.30
73	58	-94.87
73	60	-92.96
73	61	-88.59
73	62	-93.90
73	64	-94.10
73	65	-93.89
73	66	-92.72
73	67	-86.19
73	68	-87.25
73	69	-93.41
73	71	-62.76
73	72	-90.39
73	74	-91.99
73	76	-94.70
73	77	-90.72
73	78	-84.03
73	80	-93.47
74	5	-91.85
74	6	-92.01
74	7	-77.31
74	8	-88.85
74	11	-94.01
74	12	-91.26
74	14	-92.96
74	15	-90.38
74	16	-94.70
74	17	-72.76
74	20	-70.80
74	24	-68.68
74	25	-87.68
74	26	-81.01
74	28	-94.67
74	29	-94.48
74	31	-89.67
74	33	-88.41
74	34	-86.41
74	36	-91.79
74	38	-83.02
74	39	-91.59
74	40	-92.72
74	42	-90.65
74	43	-87.89
74	52	-90.97
74	57	-85.74
74	62	-78.46
74	66	-94.16
74	67	-89.83
74	68	-91.15
74	69	-83.36
74	71	-93.00
74	72	-89.05
74	73	-91.99
74	78	-94.41
75	2	-79.86
75	3	-89.38
75	4	-76.57
75	5	-93.46
75	6	-90.76
75	8	-94.20
75	9	-83.93
75	14	-90.41
75	15	-92.37
75	18	-71.58
75	19	-62.82
75	22	-78.57
75	25	-94.50
75	27	-74.27
75	28	-90.19
75	32	-80.63
75	35	-92.94
75	36	-90.96
75	37	-86.90
75	46	-86.64
75	47	-83.84
75	49	-86.93
75	52	-92.49
75	59	-65.07
75	60	-94.14
75	66	-88.56
75	68	-91.68
75	79	-63.30
76	1	-79.62
76	3	-91.54
76	10	-85.96
76	11	-93.16
76	21	-82.28
76	23	-92.37
76	29	-92.35
76	30	-80.41
76	35	-92.81
76	37	-92.44
76	41	-94.34
76	44	-70.80
76	45	-82.92
76	46	-93.18
76	47	-94.34
76	50	-79.07
76	53	-79.83
76	54	-84.83
76	55	-82.73
76	56	-85.68
76	58	-75.88
76	60	-83.73
76	61	-80.53
76	63	-80.53
76	65	-91.15
76	70	-64.36
76	71	-93.94
76	73	-94.70
76	77	-75.19
76	80	-79.62
77	1	-83.53
77	3	-89.46
77	5	-92.60
77	9	-93.80
77	10	-83.45
77	11	-89.10
77	12	-91.47
77	14	-94.45
77	16	-93.19
77	21	-85.06
77	22	-94.23
77	23	-92.14
77	28	-91.79
77	29	-87.38
77	30	-81.64
77	31	-93.28
77	35	-87.87
77	37	-89.62
77	39	-91.69
77	41	-91.51
77	42	-93.13
77	43	-94.46
77	44	-68.12
77	45	-84.64
77	46	-89.30
77	47	-91.04
77	48	-93.09
77	49	-92.22
77	50	-80.14
77	51	-93.69
77	53	-86.89
77	54	-87.24
77	55	-88.40
77	56	-81.61
77	58	-77.26
77	60	-79.29
77	61	-72.40
77	63	-81.22
77	65	-91.03
77	70	-77.98
77	71	-89.93
77	73	-90.72
77	76	-75.19
77	78	-93.27
77	80	-81.78
78	5	-91.48
78	10	-86.57
78	11	-79.07
78	12	-85.80
78	13	-90.44
78	14	-94.86
78	16	-38.63
78	17	-92.06
78	21	-92.97
78	23	-88.11
78	28	-93.99
78	29	-86.37
78	31	-88.96
78	33	-81.44
78	34	-92.36
78	35	-91.35
78	38	-86.47
78	39	-79.81
78	40	-79.70
78	41	-62.32
78	42	-77.64
78	43	-83.13
78	44	-93.03
78	45	-91.89
78	48	-69.40
78	51	-78.18
78	56	-86.05
78	57	-85.90
78	61	-89.85
78	62	-93.73
78	64	-84.76
78	65	-88.49
78	67	-78.46
78	69	-91.93
78	71	-80.93
78	72	-85.05
78	73	-84.03
78	74	-94.41
78	77	-93.27
78	80	-92.24
79	2	-83.77
79	3	-87.21
79	4	-77.92
79	5	-93.80
79	6	-91.79
79	9	-84.62
79	14	-91.15
79	15	-93.49
79	18	-76.97
79	19	-63.12
79	22	-78.80
79	27	-76.54
79	28	-90.47
79	32	-83.24
79	35	-92.81
79	36	-92.01
79	37	-84.66
79	46	-85.64
79	47	-82.42
79	49	-87.19
79	52	-93.78
79	59	-74.11
79	60	-92.93
79	66	-90.27
79	68	-92.61
79	75	-63.30
80	1	-89.56
80	10	-76.24
80	11	-90.87
80	12	-94.41
80	13	-94.46
80	16	-92.01
80	21	-62.76
80	23	-84.84
80	29	-91.63
80	30	-89.74
80	35	-93.57
80	39	-93.39
80	41	-90.57
80	42	-94.22
80	44	-75.09
80	45	-60.86
80	48	-90.66
80	50	-88.98
80	51	-90.15
80	53	-79.81
80	54	-92.39
80	55	-90.35
80	56	-78.66
80	58	-87.36
80	60	-90.30
80	61	-77.57
80	63	-89.73
80	65	-82.70
80	70	-83.84
80	71	-92.13
80	73	-93.47
80	76	-79.62
80	77	-81.78
80	78	-92.24
