1	3	-93.39
1	7	-93.03
1	8	-90.52
1	12	-81.92
1	13	-90.99
1	15	-79.86
1	16	-82.74
1	17	-91.55
1	18	-84.93
1	21	-81.35
1	22	-85.07
1	23	-81.99
1	26	-71.65
1	29	-93.44
1	33	-93.82
1	34	-85.46
1	37	-94.84
1	38	-93.95
1	39	-38.63
1	42	-92.29
1	43	-77.98
1	47	-81.25
1	48	-88.07
1	49	-87.58
1	51	-94.93
1	54	-82.88
1	55	-93.38
1	57	-93.03
1	63	-89.10
1	64	-91.43
1	65	-80.99
1	66	-87.06
1	67	-94.50
1	70	-90.82
1	71	-86.19
1	72	-88.91
1	73	-89.88
1	78	-89.65
1	79	-73.76
1	80	-87.21
1	81	-84.38
1	82	-92.03
1	83	-93.47
1	85	-63.30
1	86	-92.37
2	4	-63.58
2	5	-92.44
2	7	-91.11
2	8	-89.90
2	9	-60.19
2	10	-94.12
2	11	-94.43
2	14	-85.33
2	30	-88.08
2	31	-79.61
2	34	-92.29
2	36	-89.64
2	38	-83.35
2	41	-83.73
2	44	-73.43
2	45	-83.83
2	50	-91.96
2	51	-77.94
2	53	-56.73
2	54	-93.17
2	55	-91.92
2	56	-73.85
2	60	-79.31
2	61	-88.09
2	62	-78.91
2	63	-89.71
2	64	-93.06
2	65	-93.43
2	66	-91.18
2	73	-92.25
2	75	-88.32
2	77	-85.57
2	78	-88.42
2	80	-93.76
2	83	-82.90
2	84	-87.38
2	87	-94.44
2	89	-81.21
2	90	-85.05
3	1	-93.39
3	12	-84.95
3	13	-89.80
3	16	-84.52
3	17	-63.06
3	21	-90.08
3	25	-94.69
3	26	-94.10
3	32	-91.66
3	33	-91.35
3	37	-72.89
3	39	-93.37
3	40	-94.70
3	42	-92.47
3	43	-94.26
3	47	-93.76
3	48	-87.81
3	49	-88.03
3	52	-86.90
3	57	-79.17
3	68	-94.56
3	69	-92.54
3	70	-83.45
3	71	-80.08
3	80	-94.65
3	85	-93.32
3	86	-93.03
4	2	-63.58
4	5	-90.39
4	7	-89.82
4	8	-91.14
4	9	-71.13
4	10	-92.80
4	11	-92.92
4	14	-87.89
4	27	-94.24
4	30	-86.61
4	31	-83.41
4	34	-92.95
4	36	-88.47
4	38	-81.85
4	41	-83.57
4	44	-63.90
4	45	-80.25
4	46	-94.05
4	47	-94.87
4	50	-89.95
4	51	-77.16
4	53	-70.03
4	54	-93.65
4	55	-90.63
4	56	-64.36
4	60	-77.36
4	61	-85.54
4	62	-74.83
4	63	-90.70
4	64	-92.07
4	65	-93.66
4	66	-90.84
4	73	-93.35
4	74	-93.97
4	75	-85.52
4	77	-84.66
4	78	-89.39
4	80	-93.19
4	83	-81.92
4	84	-84.67
4	87	-92.67
4	88	-94.25
4	89	-79.04
4	90	-83.88
5	2	-92.44
5	4	-90.39
5	6	-88.69
5	7	-88.80
5	9	-93.65
5	10	-86.93
5	11	-82.74
5	19	-93.38
5	20	-91.41
5	24	-92.81
5	25	-92.90
5	27	-81.94
5	28	-89.16
5	30	-90.06
5	33	-94.38
5	35	-94.19
5	36	-91.29
5	38	-89.93
5	40	-93.34
5	41	-93.56
5	42	-93.39
5	44	-88.22
5	45	-82.88
5	46	-74.34
5	50	-71.81
5	51	-91.38
5	53	-93.47
5	55	-88.51
5	56	-87.95
5	58	-89.68
5	59	-91.51
5	60	-89.96
5	61	-79.32
5	62	-88.15
5	64	-91.04
5	66	-94.47
5	68	-92.57
5	74	-86.49
5	75	-72.60
5	76	-89.13
5	77	-92.20
5	80	-94.21
5	83	-91.11
5	84	-81.61
5	86	-92.89
5	87	-66.41
5	88	-77.26
5	89	-89.93
5	90	-91.50
6	5	-88.69
6	7	-86.76
6	10	-78.86
6	11	-76.49
6	13	-86.68
6	19	-87.81
6	20	-71.81
6	21	-93.36
6	24	-77.92
6	25	-73.43
6	27	-74.66
6	28	-69.00
6	32	-82.66
6	33	-82.33
6	35	-88.83
6	38	-92.91
6	40	-74.97
6	42	-83.37
6	45	-91.50
6	46	-90.27
6	47	-93.62
6	48	-90.25
6	49	-90.49
6	50	-85.03
6	52	-88.00
6	55	-85.37
6	57	-92.44
6	58	-83.72
6	59	-68.46
6	60	-94.16
6	61	-88.32
6	64	-86.53
6	66	-93.05
6	68	-72.60
6	69	-84.59
6	70	-90.97
6	74	-73.54
6	75	-90.69
6	76	-52.05
6	80	-90.46
6	83	-93.78
6	86	-83.02
6	87	-89.15
6	88	-81.46
7	1	-93.03
7	2	-91.11
7	4	-89.82
7	5	-88.80
7	6	-86.76
7	8	-92.55
7	9	-92.65
7	10	-74.49
7	11	-80.93
7	12	-94.48
7	13	-85.46
7	14	-94.82
7	15	-93.26
7	16	-92.89
7	20	-91.03
7	21	-87.64
7	22	-94.77
7	23	-93.93
7	24	-92.89
7	25	-89.10
7	27	-85.14
7	28	-82.63
7	31	-93.67
7	32	-91.14
7	33	-85.96
7	34	-90.99
7	38	-79.24
7	39	-92.70
7	40	-89.95
7	42	-81.74
7	43	-86.93
7	44	-89.55
7	45	-82.65
7	46	-92.88
7	47	-84.78
7	48	-87.40
7	49	-87.25
7	50	-83.88
7	51	-84.76
7	52	-92.00
7	53	-92.29
7	54	-90.37
7	55	-52.83
7	56	-89.09
7	57	-93.73
7	58	-94.38
7	59	-89.83
7	60	-83.02
7	61	-80.15
7	62	-92.03
7	63	-90.86
7	64	-65.95
7	65	-88.32
7	66	-79.79
7	68	-88.16
7	69	-93.36
7	70	-90.99
7	71	-94.68
7	73	-94.14
7	74	-79.65
7	75	-86.84
7	76	-85.90
7	78	-89.67
7	79	-93.07
7	80	-77.64
7	83	-80.95
7	84	-92.02
7	85	-94.70
7	86	-80.45
7	87	-91.14
7	88	-88.36
7	89	-93.99
8	1	-90.52
8	2	-89.90
8	4	-91.14
8	7	-92.55
8	9	-90.24
8	14	-80.45
8	15	-82.42
8	18	-87.25
8	21	-93.04
8	22	-79.79
8	23	-81.50
8	26	-92.39
8	29	-86.71
8	31	-83.93
8	34	-73.30
8	38	-88.14
8	39	-90.34
8	43	-88.11
8	44	-92.90
8	45	-93.41
8	47	-89.40
8	51	-86.54
8	53	-89.95
8	54	-78.20
8	55	-93.38
8	56	-92.76
8	60	-88.15
8	61	-94.89
8	63	-62.32
8	64	-92.84
8	65	-82.37
8	66	-86.51
8	67	-86.40
8	72	-85.88
8	73	-65.63
8	78	-68.09
8	79	-85.76
8	80	-90.75
8	81	-83.76
8	82	-80.84
8	83	-86.63
8	85	-91.87
9	2	-60.19
9	4	-71.13
9	5	-93.65
9	7	-92.65
9	8	-90.24
9	14	-84.55
9	30	-88.19
9	31	-78.27
9	34	-92.88
9	36	-89.60
9	38	-85.80
9	41	-82.61
9	44	-77.16
9	45	-86.27
9	50	-93.36
9	51	-81.17
9	53	-40.23
9	54	-93.83
9	55	-93.38
9	56	-77.69
9	60	-82.51
9	61	-89.95
9	62	-80.34
9	63	-90.29
9	64	-94.38
9	65	-94.24
9	66	-92.44
9	73	-92.45
9	75	-89.93
9	77	-85.12
9	78	-89.17
9	80	-94.92
9	83	-85.30
9	84	-88.52
9	89	-81.50
9	90	-84.77
10	2	-94.12
10	4	-92.80
10	5	-86.93
10	6	-78.86
10	7	-74.49
10	11	-70.14
10	13	-84.19
10	16	-93.87
10	19	-93.60
10	20	-85.66
10	21	-89.80
10	24	-88.30
10	25	-83.57
10	27	-77.48
10	28	-71.70
10	32	-87.42
10	33	-82.27
10	34	-94.79
10	35	-94.35
10	38	-86.33
10	40	-84.78
10	42	-78.93
10	43	-90.75
10	44	-92.10
10	45	-85.72
10	46	-90.71
10	47	-88.85
10	48	-87.64
10	49	-87.70
10	50	-80.86
10	51	-89.87
10	52	-89.73
10	54	-94.20
10	55	-71.05
10	56	-91.72
10	57	-92.71
10	58	-90.46
10	59	-84.01
10	60	-88.44
10	61	-81.50
10	62	-93.78
10	63	-94.81
10	64	-75.61
10	65	-92.50
10	66	-86.84
10	68	-82.27
10	69	-89.93
10	70	-90.23
10	74	-62.57
10	75	-86.90
10	76	-77.48
10	78	-93.93
10	80	-83.72
10	83	-87.62
10	84	-92.52
10	86	-77.45
10	87	-88.91
10	88	-83.60
11	2	-94.43
11	4	-92.92
11	5	-82.74
11	6	-76.49
11	7	-80.93
11	10	-70.14
11	13	-88.23
11	19	-91.47
11	20	-83.96
11	21	-93.03
11	24	-86.82
11	25	-84.21
11	27	-65.50
11	28	-74.74
11	32	-88.82
11	33	-85.97
11	35	-92.37
11	38	-88.22
11	40	-85.20
11	42	-84.49
11	43	-93.72
11	44	-91.86
11	45	-85.34
11	46	-87.02
11	47	-92.23
11	48	-91.12
11	49	-91.20
11	50	-74.83
11	51	-91.11
11	52	-91.73
11	55	-79.24
11	56	-91.50
11	57	-94.76
11	58	-87.40
11	59	-82.97
11	60	-89.66
11	61	-80.06
11	62	-93.13
11	64	-82.83
11	65	-94.98
11	66	-90.27
11	68	-83.31
11	69	-90.65
11	70	-92.89
11	74	-65.50
11	75	-84.40
11	76	-76.40
11	80	-88.31
11	83	-89.51
11	84	-90.87
11	86	-83.62
11	87	-84.81
11	88	-76.49
11	89	-94.83
12	1	-81.92
12	3	-84.95
12	7	-94.48
12	13	-88.12
12	15	-90.83
12	16	-64.36
12	17	-81.50
12	18	-93.07
12	21	-80.68
12	22	-93.52
12	23	-91.88
12	26	-83.60
12	32	-94.09
12	33	-91.33
12	34	-93.26
12	37	-88.09
12	39	-81.96
12	42	-90.77
12	43	-85.97
12	47	-86.17
12	48	-83.89
12	49	-83.57
12	52	-90.73
12	54	-91.73
12	55	-94.47
12	57	-86.35
12	64	-92.50
12	65	-89.99
12	66	-91.49
12	70	-84.53
12	71	-67.73
12	79	-88.33
12	80	-89.48
12	81	-93.07
12	85	-81.66
12	86	-91.17
13	1	-90.99
13	3	-89.80
13	6	-86.68
13	7	-85.46
13	10	-84.19
13	11	-88.23
13	12	-88.12
13	15	-94.48
13	16	-85.09
13	17	-88.45
13	20	-89.17
13	21	-80.76
13	24	-90.69
13	25	-83.86
13	26	-93.89
13	27	-90.00
13	28	-82.70
13	32	-82.06
13	33	-69.30
13	34	-94.33
13	37	-87.68
13	38	-92.11
13	39	-90.69
13	40	-84.69
13	42	-67.28
13	43	-86.89
13	45	-93.96
13	47	-84.41
13	48	-68.68
13	49	-69.90
13	50	-92.55
13	51	-94.52
13	52	-79.26
13	54	-93.18
13	55	-84.59
13	57	-81.94
13	59	-87.25
13	60	-93.90
13	61	-92.34
13	64	-81.50
13	65	-90.95
13	66	-87.43
13	68	-82.76
13	69	-86.25
13	70	-75.11
13	71	-86.82
13	74	-85.03
13	76	-85.35
13	78	-94.90
13	79	-93.31
13	80	-81.61
13	83	-92.51
13	85	-92.41
13	86	-70.14
13	88	-93.15
14	2	-85.33
14	4	-87.89
14	7	-94.82
14	8	-80.45
14	9	-84.55
14	15	-91.39
14	18	-93.65
14	22	-89.67
14	23	-90.83
14	29	-90.61
14	31	-69.69
14	34	-87.09
14	38	-89.45
14	41	-93.03
14	43	-94.10
14	44	-90.35
14	45	-93.05
14	47	-94.67
14	51	-86.25
14	53	-84.41
14	54	-89.09
14	56	-90.37
14	60	-88.13
14	62	-92.38
14	63	-82.88
14	65	-90.83
14	66	-91.68
14	67	-89.39
14	72	-92.03
14	73	-83.25
14	77	-94.58
14	78	-82.61
14	79	-93.28
14	80	-94.84
14	81	-91.68
14	82	-86.95
14	83	-88.20
14	89	-93.04
14	90	-94.48
15	1	-79.86
15	7	-93.26
15	8	-82.42
15	12	-90.83
15	13	-94.48
15	14	-91.39
15	16	-90.98
15	18	-77.03
15	21	-88.20
15	22	-68.68
15	23	-55.13
15	26	-82.54
15	29	-87.28
15	31	-93.01
15	34	-73.80
15	38	-92.03
15	39	-79.75
15	42	-94.87
15	43	-81.78
15	47	-84.86
15	48	-92.81
15	49	-92.44
15	51	-92.23
15	54	-70.92
15	55	-93.87
15	60	-92.92
15	63	-80.93
15	64	-92.50
15	65	-75.61
15	66	-86.17
15	67	-88.58
15	71	-93.19
15	72	-80.94
15	73	-80.32
15	78	-82.73
15	79	-64.75
15	80	-88.96
15	81	-70.98
15	82	-84.26
15	83	-91.14
15	85	-81.82
15	86	-94.76
16	1	-82.74
16	3	-84.52
16	7	-92.89
16	10	-93.87
16	12	-64.36
16	13	-85.09
16	15	-90.98
16	17	-80.91
16	18	-93.76
16	21	-76.62
16	22	-93.71
16	23	-92.08
16	25	-94.16
16	26	-85.60
16	28	-93.81
16	32	-92.29
16	33	-88.98
16	34	-92.94
16	37	-86.78
16	39	-82.59
16	40	-94.46
16	42	-88.32
16	43	-84.55
16	47	-84.18
16	48	-79.66
16	49	-79.24
16	52	-88.57
16	54	-91.36
16	55	-92.82
16	57	-83.94
16	63	-94.93
16	64	-90.60
16	65	-89.31
16	66	-90.08
16	68	-93.72
16	69	-94.12
16	70	-80.93
16	71	-66.84
16	74	-94.68
16	78	-94.96
16	79	-88.63
16	80	-87.38
16	81	-93.50
16	85	-83.46
16	86	-88.80
17	1	-91.55
17	3	-63.06
17	12	-81.50
17	13	-88.45
17	16	-80.91
17	21	-87.90
17	25	-94.39
17	26	-92.43
17	32	-91.50
17	33	-90.51
17	37	-75.94
17	39	-91.53
17	40	-94.47
17	42	-91.39
17	43	-92.60
17	47	-92.09
17	48	-85.80
17	49	-85.99
17	52	-86.64
17	57	-78.37
17	64	-94.76
17	68	-94.19
17	69	-92.67
17	70	-81.50
17	71	-74.88
17	80	-93.26
17	85	-91.51
17	86	-91.97
18	1	-84.93
18	8	-87.25
18	12	-93.07
18	14	-93.65
18	15	-77.03
18	16	-93.76
18	21	-92.70
18	22	-74.55
18	23	-75.11
18	26	-83.26
18	29	-82.99
18	34	-84.18
18	39	-85.17
18	43	-89.06
18	47	-91.04
18	54	-83.90
18	63	-87.34
18	65	-86.27
18	66	-92.25
18	67	-85.59
18	72	-70.21
18	73	-84.27
18	78	-88.85
18	79	-78.91
18	80	-94.03
18	81	-65.63
18	82	-82.62
18	85	-84.48
19	5	-93.38
19	6	-87.81
19	10	-93.60
19	11	-91.47
19	20	-83.82
19	24	-81.73
19	25	-89.26
19	27	-89.10
19	28	-91.23
19	32	-92.06
19	33	-94.41
19	35	-52.83
19	40	-88.85
19	46	-91.55
19	50	-93.14
19	58	-72.46
19	59	-86.22
19	68	-89.88
19	69	-91.01
19	74	-91.87
19	76	-88.87
19	87	-92.04
19	88	-88.42
20	5	-91.41
20	6	-71.81
20	7	-91.03
20	10	-85.66
20	11	-83.96
20	13	-89.17
20	19	-83.82
20	24	-62.76
20	25	-73.06
20	27	-81.73
20	28	-79.65
20	32	-81.66
20	33	-85.12
20	35	-84.93
20	37	-94.97
20	40	-72.40
20	42	-87.18
20	45	-94.59
20	46	-91.83
20	48	-92.22
20	49	-92.49
20	50	-89.12
20	52	-88.07
20	55	-90.00
20	57	-92.82
20	58	-80.53
20	59	-59.44
20	61	-92.04
20	64	-90.66
20	68	-74.68
20	69	-81.65
20	70	-92.06
20	74	-82.63
20	75	-93.56
20	76	-73.84
20	80	-93.50
20	86	-87.15
20	87	-91.24
20	88	-84.92
21	1	-81.35
21	3	-90.08
21	6	-93.36
21	7	-87.64
21	8	-93.04
21	10	-89.80
21	11	-93.03
21	12	-80.68
21	13	-80.76
21	15	-88.20
21	16	-76.62
21	17	-87.90
21	18	-92.70
21	22	-91.41
21	23	-89.56
21	25	-92.26
21	26	-86.71
21	27	-94.72
21	28	-90.61
21	32	-91.23
21	33	-86.04
21	34	-89.21
21	37	-90.40
21	38	-91.48
21	39	-80.76
21	40	-92.76
21	42	-83.53
21	43	-75.40
21	45	-94.96
21	47	-72.46
21	48	-74.49
21	49	-73.13
21	51	-93.48
21	52	-88.61
21	54	-87.24
21	55	-87.71
21	57	-86.75
21	59	-94.14
21	60	-93.28
21	61	-94.31
21	63	-91.36
21	64	-84.41
21	65	-83.89
21	66	-83.14
21	68	-91.61
21	69	-93.52
21	70	-82.09
21	71	-82.22
21	72	-94.82
21	73	-93.43
21	74	-91.18
21	76	-92.54
21	78	-91.15
21	79	-85.97
21	80	-78.33
21	81	-91.76
21	83	-91.39
21	85	-84.14
21	86	-83.83
22	1	-85.07
22	7	-94.77
22	8	-79.79
22	12	-93.52
22	14	-89.67
22	15	-68.68
22	16	-93.71
22	18	-74.55
22	21	-91.41
22	23	-61.77
22	26	-86.14
22	29	-82.88
22	31	-91.92
22	34	-74.68
22	38	-92.84
22	39	-85.05
22	43	-86.28
22	47	-88.50
22	49	-94.86
22	51	-92.54
22	54	-75.73
22	60	-93.40
22	63	-79.80
22	64	-94.33
22	65	-80.90
22	66	-88.63
22	67	-84.49
22	72	-75.14
22	73	-75.11
22	78	-82.30
22	79	-76.45
22	80	-91.48
22	81	-63.58
22	82	-78.40
22	83	-91.89
22	85	-86.08
23	1	-81.99
23	7	-93.93
23	8	-81.50
23	12	-91.88
23	14	-90.83
23	15	-55.13
23	16	-92.08
23	18	-75.11
23	21	-89.56
23	22	-61.77
23	26	-83.77
23	29	-85.68
23	31	-92.68
23	34	-73.85
23	38	-92.43
23	39	-81.94
23	43	-83.76
23	47	-86.45
23	48	-93.80
23	49	-93.45
23	51	-92.43
23	54	-72.73
23	55	-94.54
23	60	-93.19
23	63	-80.51
23	64	-93.30
23	65	-77.94
23	66	-87.25
23	67	-87.12
23	71	-94.11
23	72	-78.60
23	73	-78.57
23	78	-82.61
23	79	-70.14
23	80	-90.06
23	81	-66.41
23	82	-82.30
23	83	-91.52
23	85	-83.43
24	5	-92.81
24	6	-77.92
24	7	-92.89
24	10	-88.30
24	11	-86.82
24	13	-90.69
24	19	-81.73
24	20	-62.76
24	25	-76.78
24	27	-84.78
24	28	-83.41
24	32	-82.60
24	33	-87.04
24	35	-82.74
24	40	-75.53
24	42	-89.17
24	46	-92.81
24	48	-93.41
24	49	-93.67
24	50	-91.00
24	52	-88.74
24	55	-91.99
24	57	-93.35
24	58	-79.99
24	59	-69.87
24	61	-93.71
24	64	-92.50
24	68	-78.48
24	69	-81.28
24	70	-92.94
24	74	-85.83
24	75	-94.94
24	76	-79.24
24	80	-94.96
24	86	-89.22
24	87	-92.44
24	88	-86.94
25	3	-94.69
25	5	-92.90
25	6	-73.43
25	7	-89.10
25	10	-83.57
25	11	-84.21
25	13	-83.86
25	16	-94.16
25	17	-94.39
25	19	-89.26
25	20	-73.06
25	21	-92.26
25	24	-76.78
25	27	-83.94
25	28	-75.40
25	32	-72.20
25	33	-77.43
25	35	-89.95
25	37	-91.80
25	38	-94.86
25	40	-49.00
25	42	-81.68
25	43	-94.86
25	45	-94.43
25	46	-94.08
25	47	-93.38
25	48	-88.02
25	49	-88.41
25	50	-90.08
25	52	-82.29
25	55	-87.93
25	57	-88.81
25	58	-87.14
25	59	-66.56
25	61	-92.02
25	64	-87.90
25	66	-93.76
25	68	-50.17
25	69	-76.10
25	70	-87.64
25	71	-94.66
25	74	-81.01
25	75	-94.23
25	76	-72.05
25	80	-90.73
25	86	-81.96
25	87	-93.27
25	88	-87.90
26	1	-71.65
26	3	-94.10
26	8	-92.39
26	12	-83.60
26	13	-93.89
26	15	-82.54
26	16	-85.60
26	17	-92.43
26	18	-83.26
26	21	-86.71
26	22	-86.14
26	23	-83.77
26	29	-93.04
26	34	-88.39
26	39	-73.01
26	43	-85.06
26	47	-87.17
26	48	-91.38
26	49	-91.02
26	54	-86.64
26	57	-94.73
26	63	-91.49
26	64	-94.64
26	65	-86.14
26	66	-91.15
26	67	-94.32
26	70	-93.16
26	71	-87.69
26	72	-88.08
26	73	-91.33
26	78	-92.18
26	79	-78.29
26	80	-91.38
26	81	-84.33
26	82	-92.31
26	85	-60.94
27	4	-94.24
27	5	-81.94
27	6	-74.66
27	7	-85.14
27	10	-77.48
27	11	-65.50
27	13	-90.00
27	19	-89.10
27	20	-81.73
27	21	-94.72
27	24	-84.78
27	25	-83.94
27	28	-77.22
27	32	-89.02
27	33	-87.48
27	35	-90.18
27	38	-90.66
27	40	-84.74
27	42	-86.86
27	44	-93.10
27	45	-87.48
27	46	-85.05
27	47	-94.20
27	48	-92.72
27	49	-92.84
27	50	-76.09
27	51	-93.04
27	52	-92.37
27	55	-83.88
27	56	-92.80
27	58	-84.03
27	59	-81.41
27	60	-91.75
27	61	-82.98
27	62	-93.99
27	64	-86.47
27	66	-92.61
27	68	-83.36
27	69	-90.40
27	70	-94.00
27	74	-73.00
27	75	-85.32
27	76	-75.88
27	80	-90.87
27	83	-91.79
27	84	-91.22
27	86	-86.25
27	87	-83.00
27	88	-69.90
28	5	-89.16
28	6	-69.00
28	7	-82.63
28	10	-71.70
28	11	-74.74
28	13	-82.70
28	16	-93.81
28	19	-91.23
28	20	-79.65
28	21	-90.61
28	24	-83.41
28	25	-75.40
28	27	-77.22
28	32	-82.28
28	33	-77.85
28	35	-92.03
28	37	-93.99
28	38	-90.71
28	40	-77.44
28	42	-77.47
28	43	-92.55
28	45	-90.06
28	46	-91.59
28	47	-90.79
28	48	-87.14
28	49	-87.38
28	50	-84.71
28	51	-93.41
28	52	-86.54
28	55	-80.72
28	56	-94.76
28	57	-90.89
28	58	-88.02
28	59	-76.55
28	60	-92.32
28	61	-86.78
28	64	-81.73
28	65	-94.59
28	66	-90.19
28	68	-73.13
28	69	-85.43
28	70	-88.70
28	71	-94.84
28	74	-65.46
28	75	-90.20
28	76	-64.36
28	80	-86.84
28	83	-91.64
28	84	-94.84
28	86	-76.68
28	87	-90.24
28	88	-83.93
29	1	-93.44
29	8	-86.71
29	14	-90.61
29	15	-87.28
29	18	-82.99
29	22	-82.88
29	23	-85.68
29	26	-93.04
29	31	-93.50
29	34	-88.06
29	39	-93.50
29	43	-94.61
29	54	-89.26
29	63	-88.45
29	65	-91.68
29	67	-61.70
29	72	-75.43
29	73	-83.18
29	78	-89.93
29	79	-89.57
29	81	-82.59
29	82	-71.13
29	85	-93.53
30	2	-88.08
30	4	-86.61
30	5	-90.06
30	9	-88.19
30	31	-93.99
30	36	-59.54
30	38	-93.32
30	41	-77.64
30	44	-84.39
30	45	-89.16
30	46	-91.75
30	50	-92.32
30	51	-92.27
30	53	-88.36
30	56	-84.86
30	60	-91.84
30	61	-91.10
30	62	-78.62
30	75	-87.47
30	77	-69.87
30	83	-93.74
30	84	-78.76
30	87	-91.14
30	88	-94.98
30	89	-74.25
30	90	-68.26
31	2	-79.61
31	4	-83.41
31	7	-93.67
31	8	-83.93
31	9	-78.27
31	14	-69.69
31	15	-93.01
31	22	-91.92
31	23	-92.68
31	29	-93.50
31	30	-93.99
31	34	-88.85
31	36	-94.91
31	38	-87.30
31	41	-90.04
31	43	-94.46
31	44	-86.68
31	45	-90.62
31	47	-94.79
31	51	-83.02
31	53	-78.06
31	54	-90.45
31	55	-94.45
31	56	-86.75
31	60	-85.22
31	61	-93.22
31	62	-89.12
31	63	-85.03
31	64	-94.85
31	65	-91.63
31	66	-91.33
31	67	-92.58
31	72	-94.38
31	73	-86.84
31	75	-94.14
31	77	-91.86
31	78	-84.07
31	79	-94.56
31	80	-94.45
31	81	-93.73
31	82	-90.47
31	83	-86.06
31	84	-93.95
31	89	-89.91
31	90	-91.72
32	3	-91.66
32	6	-82.66
32	7	-91.14
32	10	-87.42
32	11	-88.82
32	12	-94.09
32	13	-82.06
32	16	-92.29
32	17	-91.50
32	19	-92.06
32	20	-81.66
32	21	-91.23
32	24	-82.60
32	25	-72.20
32	27	-89.02
32	28	-82.28
32	33	-75.89
32	35	-92.49
32	37	-87.77
32	40	-71.41
32	42	-82.18
32	43	-94.60
32	47	-93.17
32	48	-86.02
32	49	-86.55
32	50	-93.39
32	52	-73.65
32	55	-90.21
32	57	-84.18
32	58	-91.00
32	59	-79.07
32	61	-94.61
32	64	-89.48
32	66	-94.37
32	68	-72.95
32	69	-66.84
32	70	-83.82
32	71	-92.44
32	74	-86.14
32	76	-81.69
32	80	-91.17
32	86	-82.98
32	88	-92.01
33	1	-93.82
33	3	-91.35
33	5	-94.38
33	6	-82.33
33	7	-85.96
33	10	-82.27
33	11	-85.97
33	12	-91.33
33	13	-69.30
33	16	-88.98
33	17	-90.51
33	19	-94.41
33	20	-85.12
33	21	-86.04
33	24	-87.04
33	25	-77.43
33	27	-87.48
33	28	-77.85
33	32	-75.89
33	35	-94.92
33	37	-88.57
33	38	-92.84
33	39	-93.57
33	40	-78.70
33	42	-67.64
33	43	-90.24
33	45	-93.80
33	47	-88.21
33	48	-78.76
33	49	-79.46
33	50	-91.26
33	52	-76.99
33	55	-84.76
33	57	-83.58
33	58	-92.65
33	59	-82.51
33	60	-94.48
33	61	-91.77
33	64	-82.95
33	65	-93.36
33	66	-89.77
33	68	-75.70
33	69	-82.00
33	70	-79.72
33	71	-89.99
33	74	-82.06
33	75	-94.70
33	76	-80.58
33	80	-85.12
33	83	-93.39
33	86	-70.12
33	88	-91.14
34	1	-85.46
34	2	-92.29
34	4	-92.95
34	7	-90.99
34	8	-73.30
34	9	-92.88
34	10	-94.79
34	12	-93.26
34	13	-94.33
34	14	-87.09
34	15	-73.80
34	16	-92.94
34	18	-84.18
34	21	-89.21
34	22	-74.68
34	23	-73.85
34	26	-88.39
34	29	-88.06
34	31	-88.85
34	38	-88.11
34	39	-85.18
34	42	-94.22
34	43	-82.33
34	44	-94.29
34	45	-93.69
34	47	-84.61
34	48	-93.19
34	49	-92.84
34	51	-87.88
34	53	-92.59
34	54	-60.53
34	55	-91.83
34	56	-94.10
34	60	-88.96
34	61	-94.69
34	63	-68.03
34	64	-90.71
34	65	-72.48
34	66	-82.65
34	67	-88.57
34	72	-84.70
34	73	-73.97
34	78	-71.72
34	79	-78.62
34	80	-87.43
34	81	-79.70
34	82	-83.58
34	83	-86.78
34	85	-87.48
34	86	-93.99
35	5	-94.19
35	6	-88.83
35	10	-94.35
35	11	-92.37
35	19	-52.83
35	20	-84.93
35	24	-82.74
35	25	-89.95
35	27	-90.18
35	28	-92.03
35	32	-92.49
35	33	-94.92
35	40	-89.51
35	46	-92.39
35	50	-93.97
35	58	-75.70
35	59	-87.16
35	68	-90.58
35	69	-91.32
35	74	-92.70
35	76	-89.80
35	87	-92.89
35	88	-89.56
36	2	-89.64
36	4	-88.47
36	5	-91.29
36	9	-89.60
36	30	-59.54
36	31	-94.91
36	38	-94.61
36	41	-78.86
36	44	-86.64
36	45	-90.86
36	46	-92.54
36	50	-93.52
36	51	-93.61
36	53	-89.79
36	56	-87.06
36	60	-93.25
36	61	-92.55
36	62	-81.87
36	75	-89.19
36	77	-72.07
36	83	-94.98
36	84	-81.66
36	87	-92.11
36	89	-78.10
36	90	-71.91
37	1	-94.84
37	3	-72.89
37	12	-88.09
37	13	-87.68
37	16	-86.78
37	17	-75.94
37	20	-94.97
37	21	-90.40
37	25	-91.80
37	28	-93.99
37	32	-87.77
37	33	-88.57
37	39	-94.76
37	40	-91.73
37	42	-90.51
37	43	-94.70
37	47	-93.91
37	48	-86.62
37	49	-87.02
37	52	-81.50
37	57	-71.81
37	59	-93.99
37	64	-94.82
37	68	-91.76
37	69	-88.57
37	70	-80.51
37	71	-84.14
37	76	-94.48
37	80	-94.13
37	86	-91.18
38	1	-93.95
38	2	-83.35
38	4	-81.85
38	5	-89.93
38	6	-92.91
38	7	-79.24
38	8	-88.14
38	9	-85.80
38	10	-86.33
38	11	-88.22
38	13	-92.11
38	14	-89.45
38	15	-92.03
38	21	-91.48
38	22	-92.84
38	23	-92.43
38	25	-94.86
38	27	-90.66
38	28	-90.71
38	30	-93.32
38	31	-87.30
38	33	-92.84
38	34	-88.11
38	36	-94.61
38	39	-93.67
38	41	-92.60
38	42	-90.26
38	43	-88.59
38	44	-82.74
38	45	-77.51
38	46	-94.09
38	47	-87.76
38	48	-92.75
38	49	-92.55
38	50	-87.04
38	51	-68.43
38	53	-85.20
38	54	-88.32
38	55	-81.22
38	56	-82.06
38	60	-63.30
38	61	-80.86
38	62	-87.15
38	63	-86.37
38	64	-82.98
38	65	-87.30
38	66	-80.53
38	68	-94.24
38	73	-90.69
38	74	-88.63
38	75	-85.90
38	76	-92.49
38	77	-92.88
38	78	-84.40
38	79	-92.63
38	80	-84.53
38	81	-94.43
38	82	-94.87
38	83	-55.31
38	84	-89.59
38	86	-89.59
38	87	-92.45
38	88	-91.99
38	89	-89.71
38	90	-92.34
39	1	-38.63
39	3	-93.37
39	7	-92.70
39	8	-90.34
39	12	-81.96
39	13	-90.69
39	15	-79.75
39	16	-82.59
39	17	-91.53
39	18	-85.17
39	21	-80.76
39	22	-85.05
39	23	-81.94
39	26	-73.01
39	29	-93.50
39	33	-93.57
39	34	-85.18
39	37	-94.76
39	38	-93.67
39	42	-91.99
39	43	-77.03
39	47	-80.50
39	48	-87.74
39	49	-87.24
39	51	-94.68
39	52	-94.87
39	54	-82.51
39	55	-93.06
39	57	-92.89
39	60	-94.92
39	63	-88.87
39	64	-91.07
39	65	-80.40
39	66	-86.58
39	67	-94.53
39	70	-90.61
39	71	-86.15
39	72	-89.03
39	73	-89.77
39	78	-89.39
39	79	-73.65
39	80	-86.72
39	81	-84.48
39	82	-92.03
39	83	-93.18
39	85	-65.63
39	86	-92.06
40	3	-94.70
40	5	-93.34
40	6	-74.97
40	7	-89.95
40	10	-84.78
40	11	-85.20
40	13	-84.69
40	16	-94.46
40	17	-94.47
40	19	-88.85
40	20	-72.40
40	21	-92.76
40	24	-75.53
40	25	-49.00
40	27	-84.74
40	28	-77.44
40	32	-71.41
40	33	-78.70
40	35	-89.51
40	37	-91.73
40	42	-82.89
40	45	-94.98
40	46	-94.36
40	47	-93.93
40	48	-88.59
40	49	-88.98
40	50	-90.70
40	52	-82.26
40	55	-88.85
40	57	-88.88
40	58	-86.97
40	59	-66.45
40	61	-92.65
40	64	-88.81
40	66	-94.35
40	68	-59.44
40	69	-74.36
40	70	-87.97
40	71	-94.88
40	74	-82.37
40	75	-94.71
40	76	-74.11
40	80	-91.43
40	86	-83.20
40	87	-93.62
40	88	-88.39
41	2	-83.73
41	4	-83.57
41	5	-93.56
41	9	-82.61
41	14	-93.03
41	30	-77.64
41	31	-90.04
41	36	-78.86
41	38	-92.60
41	44	-82.97
41	45	-90.11
41	50	-94.64
41	51	-90.63
41	53	-83.13
41	56	-83.67
41	60	-90.70
41	61	-92.65
41	62	-78.49
41	75	-90.61
41	77	-65.24
41	83	-92.70
41	84	-85.64
41	87	-94.84
41	89	-72.40
41	90	-67.51
42	1	-92.29
42	3	-92.47
42	5	-93.39
42	6	-83.37
42	7	-81.74
42	10	-78.93
42	11	-84.49
42	12	-90.77
42	13	-67.28
42	15	-94.87
42	16	-88.32
42	17	-91.39
42	20	-87.18
42	21	-83.53
42	24	-89.17
42	25	-81.68
42	27	-86.86
42	28	-77.47
42	32	-82.18
42	33	-67.64
42	34	-94.22
42	37	-90.51
42	38	-90.26
42	39	-91.99
42	40	-82.89
42	43	-87.57
42	45	-91.83
42	47	-85.02
42	48	-77.09
42	49	-77.47
42	50	-89.86
42	51	-93.05
42	52	-82.42
42	54	-93.21
42	55	-80.32
42	57	-86.02
42	58	-93.47
42	59	-84.98
42	60	-92.23
42	61	-89.76
42	63	-94.97
42	64	-77.09
42	65	-91.03
42	66	-86.38
42	68	-80.11
42	69	-86.38
42	70	-81.57
42	71	-89.95
42	74	-80.21
42	75	-93.28
42	76	-81.66
42	78	-94.37
42	79	-93.97
42	80	-80.32
42	83	-90.86
42	85	-93.75
42	86	-47.08
42	87	-94.58
42	88	-90.67
43	1	-77.98
43	3	-94.26
43	7	-86.93
43	8	-88.11
43	10	-90.75
43	11	-93.72
43	12	-85.97
43	13	-86.89
43	14	-94.10
43	15	-81.78
43	16	-84.55
43	17	-92.60
43	18	-89.06
43	21	-75.40
43	22	-86.28
43	23	-83.76
43	25	-94.86
43	26	-85.06
43	28	-92.55
43	29	-94.61
43	31	-94.46
43	32	-94.60
43	33	-90.24
43	34	-82.33
43	37	-94.70
43	38	-88.59
43	39	-77.03
43	42	-87.57
43	45	-93.51
43	47	-61.70
43	48	-84.29
43	49	-83.62
43	51	-90.39
43	52	-93.08
43	54	-79.04
43	55	-87.54
43	57	-92.09
43	60	-90.50
43	61	-93.45
43	63	-85.72
43	64	-84.69
43	65	-72.35
43	66	-76.57
43	68	-94.25
43	70	-88.98
43	71	-88.20
43	72	-91.30
43	73	-88.66
43	74	-92.41
43	76	-94.40
43	78	-85.57
43	79	-79.41
43	80	-77.16
43	81	-87.27
43	82	-92.44
43	83	-88.07
43	85	-82.37
43	86	-87.45
44	2	-73.43
44	4	-63.90
44	5	-88.22
44	7	-89.55
44	8	-92.90
44	9	-77.16
44	10	-92.10
44	11	-91.86
44	14	-90.35
44	27	-93.10
44	30	-84.39
44	31	-86.68
44	34	-94.29
44	36	-86.64
44	38	-82.74
44	41	-82.97
44	45	-77.57
44	46	-92.29
44	50	-88.16
44	51	-79.95
44	53	-76.67
44	54	-94.83
44	55	-90.26
44	56	-40.23
44	60	-79.07
44	61	-83.57
44	62	-68.57
44	63	-92.38
44	64	-91.97
44	65	-94.66
44	66	-91.58
44	73	-94.89
44	74	-93.18
44	75	-82.43
44	77	-83.15
44	78	-91.18
44	80	-93.49
44	83	-83.34
44	84	-80.86
44	87	-90.77
44	88	-92.85
44	89	-76.04
44	90	-82.06
45	2	-83.83
45	4	-80.25
45	5	-82.88
45	6	-91.50
45	7	-82.65
45	8	-93.41
45	9	-86.27
45	10	-85.72
45	11	-85.34
45	13	-93.96
45	14	-93.05
45	20	-94.59
45	21	-94.96
45	25	-94.43
45	27	-87.48
45	28	-90.06
45	30	-89.16
45	31	-90.62
45	33	-93.80
45	34	-93.69
45	36	-90.86
45	38	-77.51
45	40	-94.98
45	41	-90.11
45	42	-91.83
45	43	-93.51
45	44	-77.57
45	46	-89.12
45	47	-92.63
45	50	-80.15
45	51	-79.86
45	53	-85.83
45	54	-93.84
45	55	-83.45
45	56	-76.54
45	59	-94.11
45	60	-76.55
45	61	-68.68
45	62	-81.82
45	63	-92.38
45	64	-86.53
45	65	-93.06
45	66	-88.31
45	68	-93.89
45	74	-87.30
45	75	-74.45
45	76	-91.35
45	77	-89.62
45	78	-91.10
45	80	-89.58
45	83	-79.93
45	84	-82.19
45	86	-91.18
45	87	-86.81
45	88	-87.79
45	89	-85.56
45	90	-88.81
46	4	-94.05
46	5	-74.34
46	6	-90.27
46	7	-92.88
46	10	-90.71
46	11	-87.02
46	19	-91.55
46	20	-91.83
46	24	-92.81
46	25	-94.08
46	27	-85.05
46	28	-91.59
46	30	-91.75
46	35	-92.39
46	36	-92.54
46	38	-94.09
46	40	-94.36
46	44	-92.29
46	45	-89.12
46	50	-81.96
46	55	-92.54
46	56	-92.14
46	58	-87.76
46	59	-92.35
46	60	-94.10
46	61	-86.94
46	62	-91.68
46	64	-94.43
46	68	-93.93
46	74	-89.82
46	75	-83.00
46	76	-90.92
46	77	-94.13
46	83	-94.99
46	84	-85.73
46	87	-62.32
46	88	-79.17
46	89	-92.72
46	90	-93.57
47	1	-81.25
47	3	-93.76
47	4	-94.87
47	6	-93.62
47	7	-84.78
47	8	-89.40
47	10	-88.85
47	11	-92.23
47	12	-86.17
47	13	-84.41
47	14	-94.67
47	15	-84.86
47	16	-84.18
47	17	-92.09
47	18	-91.04
47	21	-72.46
47	22	-88.50
47	23	-86.45
47	25	-93.38
47	26	-87.17
47	27	-94.20
47	28	-90.79
47	31	-94.79
47	32	-93.17
47	33	-88.21
47	34	-84.61
47	37	-93.91
47	38	-87.76
47	39	-80.50
47	40	-93.93
47	42	-85.02
47	43	-61.70
47	45	-92.63
47	48	-81.78
47	49	-81.01
47	50	-94.26
47	51	-90.02
47	52	-91.67
47	54	-82.07
47	55	-85.35
47	57	-90.95
47	59	-94.85
47	60	-89.93
47	61	-92.32
47	63	-87.14
47	64	-81.78
47	65	-76.69
47	66	-74.69
47	68	-92.70
47	70	-87.41
47	71	-87.88
47	72	-92.97
47	73	-90.19
47	74	-90.69
47	76	-92.86
47	78	-86.72
47	79	-83.06
47	80	-71.79
47	81	-89.45
47	82	-93.81
47	83	-87.43
47	85	-84.77
47	86	-84.86
48	1	-88.07
48	3	-87.81
48	6	-90.25
48	7	-87.40
48	10	-87.64
48	11	-91.12
48	12	-83.89
48	13	-68.68
48	15	-92.81
48	16	-79.66
48	17	-85.80
48	20	-92.22
48	21	-74.49
48	23	-93.80
48	24	-93.41
48	25	-88.02
48	26	-91.38
48	27	-92.72
48	28	-87.14
48	32	-86.02
48	33	-78.76
48	34	-93.19
48	37	-86.62
48	38	-92.75
48	39	-87.74
48	40	-88.59
48	42	-77.09
48	43	-84.29
48	47	-81.78
48	49	-40.23
48	50	-94.54
48	51	-94.92
48	52	-81.97
48	54	-91.81
48	55	-86.95
48	57	-80.70
48	59	-90.69
48	60	-94.48
48	61	-93.96
48	63	-94.60
48	64	-83.78
48	65	-89.36
48	66	-86.90
48	68	-87.25
48	69	-89.15
48	70	-71.79
48	71	-82.51
48	74	-88.64
48	76	-89.23
48	78	-94.26
48	79	-91.28
48	80	-81.28
48	83	-92.96
48	85	-89.63
48	86	-78.27
49	1	-87.58
49	3	-88.03
49	6	-90.49
49	7	-87.25
49	10	-87.70
49	11	-91.20
49	12	-83.57
49	13	-69.90
49	15	-92.44
49	16	-79.24
49	17	-85.99
49	20	-92.49
49	21	-73.13
49	22	-94.86
49	23	-93.45
49	24	-93.67
49	25	-88.41
49	26	-91.02
49	27	-92.84
49	28	-87.38
49	32	-86.55
49	33	-79.46
49	34	-92.84
49	37	-87.02
49	38	-92.55
49	39	-87.24
49	40	-88.98
49	42	-77.47
49	43	-83.62
49	47	-81.01
49	48	-40.23
49	50	-94.55
49	51	-94.72
49	52	-82.73
49	54	-91.42
49	55	-86.84
49	57	-81.37
49	59	-90.98
49	60	-94.30
49	61	-93.91
49	63	-94.30
49	64	-83.57
49	65	-88.90
49	66	-86.46
49	68	-87.64
49	69	-89.59
49	70	-73.06
49	71	-82.39
49	74	-88.76
49	76	-89.48
49	78	-93.96
49	79	-90.87
49	80	-80.72
49	83	-92.74
49	85	-89.22
49	86	-78.54
50	2	-91.96
50	4	-89.95
50	5	-71.81
50	6	-85.03
50	7	-83.88
50	9	-93.36
50	10	-80.86
50	11	-74.83
50	13	-92.55
50	19	-93.14
50	20	-89.12
50	24	-91.00
50	25	-90.08
50	27	-76.09
50	28	-84.71
50	30	-92.32
50	32	-93.39
50	33	-91.26
50	35	-93.97
50	36	-93.52
50	38	-87.04
50	40	-90.70
50	41	-94.64
50	42	-89.86
50	44	-88.16
50	45	-80.15
50	46	-81.96
50	47	-94.26
50	48	-94.54
50	49	-94.55
50	51	-89.45
50	53	-93.11
50	55	-83.31
50	56	-87.76
50	58	-89.28
50	59	-88.85
50	60	-87.74
50	61	-72.51
50	62	-89.18
50	64	-86.78
50	66	-91.61
50	68	-89.55
50	69	-94.66
50	74	-80.63
50	75	-74.68
50	76	-85.30
50	77	-93.72
50	80	-90.97
50	83	-88.52
50	84	-85.30
50	86	-89.19
50	87	-77.91
50	88	-75.14
50	89	-91.23
50	90	-93.07
51	1	-94.93
51	2	-77.94
51	4	-77.16
51	5	-91.38
51	7	-84.76
51	8	-86.54
51	9	-81.17
51	10	-89.87
51	11	-91.11
51	13	-94.52
51	14	-86.25
51	15	-92.23
51	21	-93.48
51	22	-92.54
51	23	-92.43
51	27	-93.04
51	28	-93.41
51	30	-92.27
51	31	-83.02
51	34	-87.88
51	36	-93.61
51	38	-68.43
51	39	-94.68
51	41	-90.63
51	42	-93.05
51	43	-90.39
51	44	-79.95
51	45	-79.86
51	47	-90.02
51	48	-94.92
51	49	-94.72
51	50	-89.45
51	53	-80.32
51	54	-88.59
51	55	-86.14
51	56	-79.32
51	60	-58.16
51	61	-84.21
51	62	-85.29
51	63	-85.18
51	64	-87.34
51	65	-88.32
51	66	-84.01
51	73	-89.51
51	74	-91.64
51	75	-87.25
51	76	-94.86
51	77	-91.30
51	78	-83.02
51	79	-93.16
51	80	-88.00
51	81	-94.26
51	82	-93.86
51	83	-65.46
51	84	-89.40
51	86	-92.51
51	87	-93.69
51	88	-93.89
51	89	-87.89
51	90	-90.78
52	3	-86.90
52	6	-88.00
52	7	-92.00
52	10	-89.73
52	11	-91.73
52	12	-90.73
52	13	-79.26
52	16	-88.57
52	17	-86.64
52	20	-88.07
52	21	-88.61
52	24	-88.74
52	25	-82.29
52	27	-92.37
52	28	-86.54
52	32	-73.65
52	33	-76.99
52	37	-81.50
52	39	-94.87
52	40	-82.26
52	42	-82.42
52	43	-93.08
52	47	-91.67
52	48	-81.97
52	49	-82.73
52	55	-91.28
52	57	-74.83
52	58	-94.72
52	59	-86.33
52	64	-89.91
52	66	-93.85
52	68	-82.14
52	69	-78.09
52	70	-75.94
52	71	-88.32
52	74	-89.31
52	76	-87.09
52	80	-90.42
52	86	-83.53
52	88	-94.95
53	2	-56.73
53	4	-70.03
53	5	-93.47
53	7	-92.29
53	8	-89.95
53	9	-40.23
53	14	-84.41
53	30	-88.36
53	31	-78.06
53	34	-92.59
53	36	-89.79
53	38	-85.20
53	41	-83.13
53	44	-76.67
53	45	-85.83
53	50	-93.11
53	51	-80.32
53	54	-93.55
53	55	-93.05
53	56	-77.16
53	60	-81.75
53	61	-89.61
53	62	-80.32
53	63	-89.96
53	64	-94.05
53	65	-93.93
53	66	-92.07
53	73	-92.23
53	75	-89.69
53	77	-85.45
53	78	-88.79
53	80	-94.60
53	83	-84.67
53	84	-88.44
53	89	-81.73
53	90	-85.07
54	1	-82.88
54	2	-93.17
54	4	-93.65
54	7	-90.37
54	8	-78.20
54	9	-93.83
54	10	-94.20
54	12	-91.73
54	13	-93.18
54	14	-89.09
54	15	-70.92
54	16	-91.36
54	18	-83.90
54	21	-87.24
54	22	-75.73
54	23	-72.73
54	26	-86.64
54	29	-89.26
54	31	-90.45
54	34	-60.53
54	38	-88.32
54	39	-82.51
54	42	-93.21
54	43	-79.04
54	44	-94.83
54	45	-93.84
54	47	-82.07
54	48	-91.81
54	49	-91.42
54	51	-88.59
54	53	-93.55
54	55	-91.18
54	56	-94.62
54	60	-89.45
54	61	-94.62
54	63	-74.16
54	64	-89.78
54	65	-65.46
54	66	-81.14
54	67	-89.93
54	70	-94.79
54	71	-93.68
54	72	-85.37
54	73	-78.43
54	78	-75.88
54	79	-75.14
54	80	-85.88
54	81	-79.70
54	82	-85.54
54	83	-87.14
54	85	-85.42
54	86	-93.00
55	1	-93.38
55	2	-91.92
55	4	-90.63
55	5	-88.51
55	6	-85.37
55	7	-52.83
55	8	-93.38
55	9	-93.38
55	10	-71.05
55	11	-79.24
55	12	-94.47
55	13	-84.59
55	15	-93.87
55	16	-92.82
55	20	-90.00
55	21	-87.71
55	23	-94.54
55	24	-91.99
55	25	-87.93
55	27	-83.88
55	28	-80.72
55	31	-94.45
55	32	-90.21
55	33	-84.76
55	34	-91.83
55	38	-81.22
55	39	-93.06
55	40	-88.85
55	42	-80.32
55	43	-87.54
55	44	-90.26
55	45	-83.45
55	46	-92.54
55	47	-85.35
55	48	-86.95
55	49	-86.84
55	50	-83.31
55	51	-86.14
55	52	-91.28
55	53	-93.05
55	54	-91.18
55	56	-89.81
55	57	-93.26
55	58	-93.67
55	59	-88.70
55	60	-84.50
55	61	-80.41
55	62	-92.53
55	63	-91.78
55	64	-65.07
55	65	-89.17
55	66	-81.37
55	68	-86.90
55	69	-92.54
55	70	-90.48
55	71	-94.55
55	73	-94.87
55	74	-77.36
55	75	-86.94
55	76	-84.41
55	78	-90.69
55	79	-93.60
55	80	-78.37
55	83	-82.79
55	84	-92.23
55	85	-94.99
55	86	-78.85
55	87	-90.78
55	88	-87.55
55	89	-94.44
56	2	-73.85
56	4	-64.36
56	5	-87.95
56	7	-89.09
56	8	-92.76
56	9	-77.69
56	10	-91.72
56	11	-91.50
56	14	-90.37
56	27	-92.80
56	28	-94.76
56	30	-84.86
56	31	-86.75
56	34	-94.10
56	36	-87.06
56	38	-82.06
56	41	-83.67
56	44	-40.23
56	45	-76.54
56	46	-92.14
56	50	-87.76
56	51	-79.32
56	53	-77.16
56	54	-94.62
56	55	-89.81
56	60	-78.26
56	61	-82.93
56	62	-70.03
56	63	-92.20
56	64	-91.58
56	65	-94.42
56	66	-91.23
56	73	-94.77
56	74	-92.84
56	75	-81.98
56	77	-83.80
56	78	-90.97
56	80	-93.16
56	83	-82.74
56	84	-80.93
56	87	-90.58
56	88	-92.59
56	89	-77.06
56	90	-82.74
57	1	-93.03
57	3	-79.17
57	6	-92.44
57	7	-93.73
57	10	-92.71
57	11	-94.76
57	12	-86.35
57	13	-81.94
57	16	-83.94
57	17	-78.37
57	20	-92.82
57	21	-86.75
57	24	-93.35
57	25	-88.81
57	26	-94.73
57	28	-90.89
57	32	-84.18
57	33	-83.58
57	37	-71.81
57	39	-92.89
57	40	-88.88
57	42	-86.02
57	43	-92.09
57	47	-90.95
57	48	-80.70
57	49	-81.37
57	52	-74.83
57	55	-93.26
57	59	-91.54
57	64	-91.61
57	66	-94.07
57	68	-88.58
57	69	-86.21
57	70	-69.69
57	71	-82.33
57	74	-92.77
57	76	-91.71
57	80	-90.89
57	85	-93.60
57	86	-86.93
58	5	-89.68
58	6	-83.72
58	7	-94.38
58	10	-90.46
58	11	-87.40
58	19	-72.46
58	20	-80.53
58	24	-79.99
58	25	-87.14
58	27	-84.03
58	28	-88.02
58	32	-91.00
58	33	-92.65
58	35	-75.70
58	40	-86.97
58	42	-93.47
58	46	-87.76
58	50	-89.28
58	52	-94.72
58	55	-93.67
58	59	-83.26
58	61	-93.03
58	64	-94.76
58	68	-87.62
58	69	-90.58
58	74	-88.32
58	75	-93.11
58	76	-85.20
58	86	-93.31
58	87	-88.11
58	88	-82.71
59	5	-91.51
59	6	-68.46
59	7	-89.83
59	10	-84.01
59	11	-82.97
59	13	-87.25
59	19	-86.22
59	20	-59.44
59	21	-94.14
59	24	-69.87
59	25	-66.56
59	27	-81.41
59	28	-76.55
59	32	-79.07
59	33	-82.51
59	35	-87.16
59	37	-93.99
59	40	-66.45
59	42	-84.98
59	45	-94.11
59	46	-92.35
59	47	-94.85
59	48	-90.69
59	49	-90.98
59	50	-88.85
59	52	-86.33
59	55	-88.70
59	57	-91.54
59	58	-83.26
59	61	-91.52
59	64	-89.22
59	66	-94.78
59	68	-68.68
59	69	-80.08
59	70	-90.59
59	74	-80.78
59	75	-93.38
59	76	-69.69
59	80	-92.22
59	86	-84.99
59	87	-91.61
59	88	-85.38
60	2	-79.31
60	4	-77.36
60	5	-89.96
60	6	-94.16
60	7	-83.02
60	8	-88.15
60	9	-82.51
60	10	-88.44
60	11	-89.66
60	13	-93.90
60	14	-88.13
60	15	-92.92
60	21	-93.28
60	22	-93.40
60	23	-93.19
60	27	-91.75
60	28	-92.32
60	30	-91.84
60	31	-85.22
60	33	-94.48
60	34	-88.96
60	36	-93.25
60	38	-63.30
60	39	-94.92
60	41	-90.70
60	42	-92.23
60	43	-90.50
60	44	-79.07
60	45	-76.55
60	46	-94.10
60	47	-89.93
60	48	-94.48
60	49	-94.30
60	50	-87.74
60	51	-58.16
60	53	-81.75
60	54	-89.45
60	55	-84.50
60	56	-78.26
60	61	-81.68
60	62	-84.66
60	63	-86.76
60	64	-86.15
60	65	-88.91
60	66	-83.88
60	73	-90.81
60	74	-90.34
60	75	-85.43
60	76	-93.83
60	77	-91.14
60	78	-84.83
60	79	-93.68
60	80	-87.43
60	81	-95.00
60	82	-94.87
60	83	-63.90
60	84	-88.31
60	86	-91.64
60	87	-92.50
60	88	-92.65
60	89	-87.55
60	90	-90.55
61	2	-88.09
61	4	-85.54
61	5	-79.32
61	6	-88.32
61	7	-80.15
61	8	-94.89
61	9	-89.95
61	10	-81.50
61	11	-80.06
61	13	-92.34
61	20	-92.04
61	21	-94.31
61	24	-93.71
61	25	-92.02
61	27	-82.98
61	28	-86.78
61	30	-91.10
61	31	-93.22
61	32	-94.61
61	33	-91.77
61	34	-94.69
61	36	-92.55
61	38	-80.86
61	40	-92.65
61	41	-92.65
61	42	-89.76
61	43	-93.45
61	44	-83.57
61	45	-68.68
61	46	-86.94
61	47	-92.32
61	48	-93.96
61	49	-93.91
61	50	-72.51
61	51	-84.21
61	53	-89.61
61	54	-94.62
61	55	-80.41
61	56	-82.93
61	58	-93.03
61	59	-91.52
61	60	-81.68
61	62	-85.97
61	63	-93.80
61	64	-84.55
61	65	-93.59
61	66	-88.52
61	68	-91.42
61	74	-83.14
61	75	-72.70
61	76	-88.19
61	77	-91.99
61	78	-92.66
61	80	-88.76
61	83	-83.07
61	84	-84.03
61	86	-89.02
61	87	-84.11
61	88	-83.76
61	89	-88.77
61	90	-91.27
62	2	-78.91
62	4	-74.83
62	5	-88.15
62	7	-92.03
62	9	-80.34
62	10	-93.78
62	11	-93.13
62	14	-92.38
62	27	-93.99
62	30	-78.62
62	31	-89.12
62	36	-81.87
62	38	-87.15
62	41	-78.49
62	44	-68.57
62	45	-81.82
62	46	-91.68
62	50	-89.18
62	51	-85.29
62	53	-80.32
62	55	-92.53
62	56	-70.03
62	60	-84.66
62	61	-85.97
62	63	-94.77
62	64	-94.14
62	66	-94.15
62	74	-94.56
62	75	-82.99
62	77	-77.36
62	78	-93.78
62	83	-87.68
62	84	-76.96
62	87	-90.37
62	88	-93.29
62	89	-64.56
62	90	-75.49
63	1	-89.10
63	2	-89.71
63	4	-90.70
63	7	-90.86
63	8	-62.32
63	9	-90.29
63	10	-94.81
63	14	-82.88
63	15	-80.93
63	16	-94.93
63	18	-87.34
63	21	-91.36
63	22	-79.80
63	23	-80.51
63	26	-91.49
63	29	-88.45
63	31	-85.03
63	34	-68.03
63	38	-86.37
63	39	-88.87
63	42	-94.97
63	43	-85.72
63	44	-92.38
63	45	-92.38
63	47	-87.14
63	48	-94.60
63	49	-94.30
63	51	-85.18
63	53	-89.96
63	54	-74.16
63	55	-91.78
63	56	-92.20
63	60	-86.76
63	61	-93.80
63	62	-94.77
63	64	-91.08
63	65	-78.80
63	66	-83.60
63	67	-88.42
63	72	-86.78
63	73	-71.63
63	78	-57.15
63	79	-84.21
63	80	-88.63
63	81	-83.78
63	82	-83.51
63	83	-84.70
63	85	-90.75
63	86	-94.69
64	1	-91.43
64	2	-93.06
64	4	-92.07
64	5	-91.04
64	6	-86.53
64	7	-65.95
64	8	-92.84
64	9	-94.38
64	10	-75.61
64	11	-82.83
64	12	-92.50
64	13	-81.50
64	15	-92.50
64	16	-90.60
64	17	-94.76
64	20	-90.66
64	21	-84.41
64	22	-94.33
64	23	-93.30
64	24	-92.50
64	25	-87.90
64	26	-94.64
64	27	-86.47
64	28	-81.73
64	31	-94.85
64	32	-89.48
64	33	-82.95
64	34	-90.71
64	37	-94.82
64	38	-82.98
64	39	-91.07
64	40	-88.81
64	42	-77.09
64	43	-84.69
64	44	-91.97
64	45	-86.53
64	46	-94.43
64	47	-81.78
64	48	-83.78
64	49	-83.57
64	50	-86.78
64	51	-87.34
64	52	-89.91
64	53	-94.05
64	54	-89.78
64	55	-65.07
64	56	-91.58
64	57	-91.61
64	58	-94.76
64	59	-89.22
64	60	-86.15
64	61	-84.55
64	62	-94.14
64	63	-91.08
64	65	-87.29
64	66	-78.62
64	68	-86.84
64	69	-92.06
64	70	-88.32
64	71	-92.64
64	73	-94.20
64	74	-80.20
64	75	-89.72
64	76	-85.44
64	78	-90.08
64	79	-92.00
64	80	-71.91
64	83	-83.96
64	84	-94.15
64	85	-93.24
64	86	-75.43
64	87	-92.92
64	88	-89.87
65	1	-80.99
65	2	-93.43
65	4	-93.66
65	7	-88.32
65	8	-82.37
65	9	-94.24
65	10	-92.50
65	11	-94.98
65	12	-89.99
65	13	-90.95
65	14	-90.83
65	15	-75.61
65	16	-89.31
65	18	-86.27
65	21	-83.89
65	22	-80.90
65	23	-77.94
65	26	-86.14
65	28	-94.59
65	29	-91.68
65	31	-91.63
65	33	-93.36
65	34	-72.48
65	38	-87.30
65	39	-80.40
65	42	-91.03
65	43	-72.35
65	44	-94.66
65	45	-93.06
65	47	-76.69
65	48	-89.36
65	49	-88.90
65	51	-88.32
65	53	-93.93
65	54	-65.46
65	55	-89.17
65	56	-94.42
65	60	-88.91
65	61	-93.59
65	63	-78.80
65	64	-87.29
65	66	-76.85
65	67	-92.30
65	70	-92.86
65	71	-92.00
65	72	-88.13
65	73	-83.17
65	74	-94.11
65	78	-79.04
65	79	-75.94
65	80	-82.17
65	81	-83.24
65	82	-88.69
65	83	-86.27
65	85	-84.34
65	86	-90.81
66	1	-87.06
66	2	-91.18
66	4	-90.84
66	5	-94.47
66	6	-93.05
66	7	-79.79
66	8	-86.51
66	9	-92.44
66	10	-86.84
66	11	-90.27
66	12	-91.49
66	13	-87.43
66	14	-91.68
66	15	-86.17
66	16	-90.08
66	18	-92.25
66	21	-83.14
66	22	-88.63
66	23	-87.25
66	25	-93.76
66	26	-91.15
66	27	-92.61
66	28	-90.19
66	31	-91.33
66	32	-94.37
66	33	-89.77
66	34	-82.65
66	38	-80.53
66	39	-86.58
66	40	-94.35
66	42	-86.38
66	43	-76.57
66	44	-91.58
66	45	-88.31
66	47	-74.69
66	48	-86.90
66	49	-86.46
66	50	-91.61
66	51	-84.01
66	52	-93.85
66	53	-92.07
66	54	-81.14
66	55	-81.37
66	56	-91.23
66	57	-94.07
66	59	-94.78
66	60	-83.88
66	61	-88.52
66	62	-94.15
66	63	-83.60
66	64	-78.62
66	65	-76.85
66	68	-93.06
66	70	-91.19
66	71	-92.60
66	72	-93.34
66	73	-88.38
66	74	-89.22
66	75	-92.43
66	76	-92.36
66	78	-82.18
66	79	-86.06
66	80	-71.70
66	81	-90.26
66	82	-93.01
66	83	-79.84
66	85	-89.56
66	86	-85.83
66	88	-94.63
67	1	-94.50
67	8	-86.40
67	14	-89.39
67	15	-88.58
67	18	-85.59
67	22	-84.49
67	23	-87.12
67	26	-94.32
67	29	-61.70
67	31	-92.58
67	34	-88.57
67	39	-94.53
67	54	-89.93
67	63	-88.42
67	65	-92.30
67	72	-79.62
67	73	-83.13
67	78	-89.83
67	79	-90.82
67	81	-84.79
67	82	-71.05
67	85	-94.70
68	3	-94.56
68	5	-92.57
68	6	-72.60
68	7	-88.16
68	10	-82.27
68	11	-83.31
68	13	-82.76
68	16	-93.72
68	17	-94.19
68	19	-89.88
68	20	-74.68
68	21	-91.61
68	24	-78.48
68	25	-50.17
68	27	-83.36
68	28	-73.13
68	32	-72.95
68	33	-75.70
68	35	-90.58
68	37	-91.76
68	38	-94.24
68	40	-59.44
68	42	-80.11
68	43	-94.25
68	45	-93.89
68	46	-93.93
68	47	-92.70
68	48	-87.25
68	49	-87.64
68	50	-89.55
68	52	-82.14
68	55	-86.90
68	57	-88.58
68	58	-87.62
68	59	-68.68
68	61	-91.42
68	64	-86.84
68	66	-93.06
68	69	-77.62
68	70	-87.14
68	71	-94.31
68	74	-79.62
68	75	-93.80
68	76	-70.47
68	80	-89.87
68	83	-94.93
68	86	-80.37
68	87	-93.05
68	88	-87.63
69	3	-92.54
69	6	-84.59
69	7	-93.36
69	10	-89.93
69	11	-90.65
69	13	-86.25
69	16	-94.12
69	17	-92.67
69	19	-91.01
69	20	-81.65
69	21	-93.52
69	24	-81.28
69	25	-76.10
69	27	-90.40
69	28	-85.43
69	32	-66.84
69	33	-82.00
69	35	-91.32
69	37	-88.57
69	40	-74.36
69	42	-86.38
69	48	-89.15
69	49	-89.59
69	50	-94.66
69	52	-78.09
69	55	-92.54
69	57	-86.21
69	58	-90.58
69	59	-80.08
69	64	-92.06
69	68	-77.62
69	70	-86.84
69	71	-94.03
69	74	-88.58
69	76	-84.14
69	80	-93.58
69	86	-86.95
69	88	-92.88
70	1	-90.82
70	3	-83.45
70	6	-90.97
70	7	-90.99
70	10	-90.23
70	11	-92.89
70	12	-84.53
70	13	-75.11
70	16	-80.93
70	17	-81.50
70	20	-92.06
70	21	-82.09
70	24	-92.94
70	25	-87.64
