1	7	-93.97
1	9	-83.35
1	10	-82.61
1	11	-88.00
1	12	-91.16
1	15	-93.49
1	17	-83.27
1	18	-93.69
1	21	-88.55
1	23	-93.58
1	25	-90.51
1	26	-91.94
1	31	-65.46
1	33	-78.37
1	34	-89.39
1	35	-85.38
1	39	-91.86
1	40	-87.80
1	42	-66.52
1	44	-80.21
1	46	-83.93
1	47	-81.37
1	50	-89.10
1	51	-68.09
1	55	-82.30
1	56	-73.13
1	57	-83.25
1	59	-71.63
1	64	-81.35
1	65	-85.67
1	70	-90.20
2	4	-85.97
2	7	-84.01
2	9	-94.42
2	10	-92.53
2	11	-91.54
2	12	-84.18
2	13	-84.74
2	15	-86.07
2	17	-91.97
2	23	-78.09
2	25	-84.69
2	28	-65.95
2	35	-89.93
2	41	-72.40
2	43	-82.94
2	47	-92.38
2	48	-79.95
2	49	-80.40
2	54	-89.56
2	55	-92.85
2	57	-91.72
2	60	-90.07
2	61	-78.10
2	64	-94.63
2	66	-73.13
2	69	-87.32
2	70	-94.26
3	5	-92.30
3	8	-94.65
3	19	-93.16
3	20	-89.81
3	22	-87.74
3	24	-87.48
3	30	-93.18
3	32	-79.24
3	36	-93.29
3	37	-85.42
3	38	-93.30
3	53	-83.37
3	58	-94.50
3	62	-92.72
3	63	-90.35
4	2	-85.97
4	6	-94.42
4	7	-94.92
4	12	-94.27
4	13	-82.98
4	14	-87.71
4	15	-90.43
4	16	-91.82
4	23	-91.18
4	25	-93.38
4	27	-88.11
4	28	-88.93
4	29	-88.75
4	41	-79.24
4	43	-63.06
4	48	-93.21
4	49	-92.92
4	52	-91.77
4	54	-83.45
4	60	-86.99
4	61	-85.50
4	66	-90.60
4	67	-85.15
4	68	-92.23
4	69	-79.39
5	3	-92.30
5	6	-77.72
5	8	-75.94
5	9	-94.87
5	11	-93.83
5	13	-93.91
5	15	-93.73
5	18	-85.55
5	19	-84.33
5	20	-66.11
5	21	-91.90
5	22	-78.09
5	24	-76.67
5	26	-87.62
5	29	-92.49
5	30	-80.15
5	32	-89.45
5	34	-90.49
5	36	-56.73
5	37	-81.21
5	38	-69.33
5	40	-91.85
5	45	-74.29
5	50	-91.73
5	52	-93.65
5	53	-86.54
5	54	-92.00
5	58	-82.29
5	60	-90.13
5	62	-75.36
5	63	-83.62
5	69	-93.94
5	70	-90.32
6	4	-94.42
6	5	-77.72
6	8	-74.66
6	9	-94.41
6	11	-92.40
6	13	-89.15
6	14	-90.71
6	15	-90.50
6	16	-92.15
6	18	-88.39
6	19	-86.38
6	20	-82.98
6	21	-93.22
6	22	-86.54
6	24	-86.28
6	26	-88.22
6	27	-93.07
6	29	-86.78
6	30	-85.79
6	32	-94.08
6	34	-91.21
6	36	-74.27
6	37	-89.42
6	38	-75.86
6	40	-91.87
6	45	-68.09
6	50	-93.26
6	52	-89.23
6	53	-91.80
6	54	-85.69
6	58	-86.08
6	60	-83.33
6	61	-92.72
6	62	-83.35
6	63	-87.88
6	67	-92.34
6	68	-91.33
6	69	-88.64
6	70	-89.57
7	1	-93.97
7	2	-84.01
7	4	-94.92
7	9	-92.74
7	10	-85.37
7	11	-91.04
7	12	-74.37
7	13	-92.42
7	15	-89.63
7	17	-84.77
7	23	-78.49
7	25	-81.93
7	28	-79.56
7	31	-92.03
7	33	-94.60
7	35	-84.29
7	41	-89.10
7	42	-91.69
7	43	-93.41
7	44	-92.81
7	47	-88.15
7	48	-65.16
7	49	-76.89
7	51	-92.45
7	55	-85.69
7	56	-91.07
7	57	-88.23
7	59	-92.20
7	61	-87.89
7	64	-92.47
7	66	-77.98
7	69	-94.70
7	70	-94.67
8	3	-94.65
8	5	-75.94
8	6	-74.66
8	13	-93.38
8	14	-91.86
8	15	-94.60
8	16	-92.19
8	18	-90.96
8	19	-78.06
8	20	-80.21
8	22	-80.95
8	24	-81.32
8	26	-91.73
8	27	-93.96
8	29	-88.36
8	30	-87.85
8	32	-90.77
8	34	-94.09
8	36	-72.51
8	37	-87.99
8	38	-62.76
8	40	-94.90
8	45	-78.87
8	52	-89.22
8	53	-87.68
8	54	-90.45
8	58	-88.82
8	60	-89.30
8	62	-85.29
8	63	-80.94
8	67	-93.76
8	68	-91.20
8	69	-92.61
8	70	-93.29
9	1	-83.35
9	2	-94.42
9	5	-94.87
9	6	-94.41
9	7	-92.74
9	10	-84.84
9	11	-72.05
9	12	-88.23
9	13	-92.30
9	15	-85.54
9	17	-84.42
9	18	-86.37
9	21	-80.21
9	23	-89.48
9	25	-84.99
9	26	-81.85
9	28	-93.06
9	30	-90.14
9	31	-80.58
9	33	-71.43
9	34	-77.86
9	35	-81.57
9	36	-94.98
9	39	-91.04
9	40	-71.81
9	42	-82.30
9	44	-60.10
9	45	-92.51
9	46	-79.26
9	47	-76.35
9	48	-93.51
9	50	-81.57
9	51	-77.82
9	54	-94.35
9	55	-85.18
9	56	-76.97
9	57	-74.37
9	58	-88.28
9	59	-75.65
9	60	-92.25
9	61	-90.87
9	62	-91.51
9	64	-54.57
9	65	-83.89
9	69	-94.78
9	70	-76.60
10	1	-82.61
10	2	-92.53
10	7	-85.37
10	9	-84.84
10	11	-85.76
10	12	-80.86
10	13	-94.66
10	15	-89.63
10	17	-47.08
10	21	-92.39
10	23	-86.25
10	25	-82.13
10	26	-93.14
10	28	-90.20
10	31	-78.18
10	33	-85.92
10	34	-91.70
10	35	-71.58
10	40	-89.63
10	41	-94.77
10	42	-76.97
10	44	-83.60
10	46	-90.58
10	47	-73.54
10	48	-87.93
10	49	-91.63
10	50	-92.97
10	51	-79.84
10	55	-40.23
10	56	-76.78
10	57	-76.89
10	59	-79.80
10	61	-91.68
10	64	-83.51
10	65	-92.50
10	66	-91.33
10	70	-90.45
11	1	-88.00
11	2	-91.54
11	5	-93.83
11	6	-92.40
11	7	-91.04
11	9	-72.05
11	10	-85.76
11	12	-85.67
11	13	-88.32
11	15	-78.46
11	17	-85.05
11	18	-86.89
11	20	-94.97
11	21	-84.33
11	23	-85.89
11	25	-80.53
11	26	-81.46
11	28	-90.14
11	30	-89.96
11	31	-85.42
11	33	-81.68
11	34	-80.50
11	35	-80.36
11	36	-93.74
11	39	-93.83
11	40	-75.70
11	41	-92.09
11	42	-86.41
11	44	-76.67
11	45	-90.62
11	46	-85.49
11	47	-78.37
11	48	-91.46
11	49	-94.34
11	50	-85.30
11	51	-83.93
11	54	-91.12
11	55	-86.25
11	56	-82.45
11	57	-74.84
11	58	-88.08
11	59	-82.51
11	60	-88.57
11	61	-86.52
11	62	-90.94
11	64	-74.74
11	65	-88.63
11	66	-92.80
11	69	-91.55
11	70	-73.51
12	1	-91.16
12	2	-84.18
12	4	-94.27
12	7	-74.37
12	9	-88.23
12	10	-80.86
12	11	-85.67
12	13	-89.79
12	15	-84.61
12	17	-79.61
12	21	-94.60
12	23	-70.80
12	25	-69.71
12	26	-93.60
12	28	-79.65
12	31	-88.59
12	33	-91.00
12	34	-93.17
12	35	-75.93
12	40	-91.28
12	41	-88.28
12	42	-88.43
12	43	-92.90
12	44	-88.52
12	46	-94.20
12	47	-82.28
12	48	-76.78
12	49	-84.08
12	51	-88.80
12	54	-93.60
12	55	-81.55
12	56	-86.94
12	57	-81.92
12	59	-88.31
12	60	-92.71
12	61	-84.49
12	64	-87.99
12	66	-82.41
12	69	-92.79
12	70	-90.71
13	2	-84.74
13	4	-82.98
13	5	-93.91
13	6	-89.15
13	7	-92.42
13	8	-93.38
13	9	-92.30
13	10	-94.66
13	11	-88.32
13	12	-89.79
13	14	-90.33
13	15	-78.62
13	16	-93.76
13	17	-94.14
13	18	-93.83
13	23	-85.88
13	25	-87.11
13	26	-91.36
13	27	-91.99
13	28	-86.14
13	29	-88.85
13	30	-94.23
13	34	-92.88
13	35	-91.52
13	36	-93.13
13	38	-93.93
13	40	-91.95
13	41	-79.98
13	43	-82.61
13	44	-93.57
13	45	-89.73
13	47	-92.67
13	48	-91.08
13	49	-92.45
13	52	-92.49
13	54	-73.01
13	55	-94.98
13	57	-91.53
13	58	-93.38
13	60	-73.43
13	61	-73.69
13	62	-93.90
13	64	-93.00
13	66	-89.73
13	67	-89.86
13	68	-93.68
13	69	-69.71
13	70	-89.46
14	4	-87.71
14	6	-90.71
14	8	-91.86
14	13	-90.33
14	16	-72.33
14	19	-94.23
14	27	-66.11
14	29	-70.32
14	36	-94.24
14	38	-93.50
14	41	-93.20
14	43	-90.00
14	45	-93.21
14	52	-72.95
14	54	-85.92
14	60	-88.79
14	61	-93.97
14	67	-66.11
14	68	-73.51
14	69	-86.54
15	1	-93.49
15	2	-86.07
15	4	-90.43
15	5	-93.73
15	6	-90.50
15	7	-89.63
15	8	-94.60
15	9	-85.54
15	10	-89.63
15	11	-78.46
15	12	-84.61
15	13	-78.62
15	17	-88.91
15	18	-90.58
15	21	-90.77
15	23	-81.14
15	25	-78.87
15	26	-86.71
15	28	-85.22
15	29	-93.76
15	30	-92.06
15	31	-91.53
15	33	-90.08
15	34	-87.86
15	35	-84.85
15	36	-93.28
15	38	-94.60
15	40	-85.93
15	41	-85.60
15	42	-91.99
15	43	-89.63
15	44	-87.43
15	45	-89.65
15	46	-92.19
15	47	-86.11
15	48	-89.00
15	49	-91.74
15	50	-91.32
15	51	-90.83
15	54	-84.66
15	55	-90.07
15	56	-89.62
15	57	-84.18
15	58	-90.70
15	59	-90.02
15	60	-81.57
15	61	-75.40
15	62	-92.29
15	64	-86.54
15	65	-94.19
15	66	-89.26
15	69	-84.64
15	70	-82.66
16	4	-91.82
16	6	-92.15
16	8	-92.19
16	13	-93.76
16	14	-72.33
16	19	-93.47
16	27	-72.60
16	29	-77.44
16	36	-94.96
16	38	-93.90
16	43	-93.59
16	45	-94.57
16	52	-68.26
16	54	-90.22
16	60	-92.15
16	67	-77.92
16	68	-54.57
16	69	-90.93
17	1	-83.27
17	2	-91.97
17	7	-84.77
17	9	-84.42
17	10	-47.08
17	11	-85.05
17	12	-79.61
17	13	-94.14
17	15	-88.91
17	21	-92.24
17	23	-85.33
17	25	-80.84
17	26	-92.82
17	28	-89.55
17	31	-78.87
17	33	-85.89
17	34	-91.43
17	35	-68.87
17	40	-89.30
17	41	-94.26
17	42	-77.94
17	44	-83.33
17	46	-90.55
17	47	-72.40
17	48	-87.34
17	49	-91.21
17	50	-92.82
17	51	-80.21
17	55	-53.97
17	56	-77.03
17	57	-75.70
17	59	-79.99
17	61	-91.03
17	64	-83.15
17	65	-92.53
17	66	-90.81
17	70	-90.01
18	1	-93.69
18	5	-85.55
18	6	-88.39
18	8	-90.96
18	9	-86.37
18	11	-86.89
18	13	-93.83
18	15	-90.58
18	19	-94.87
18	20	-85.91
18	21	-77.26
18	22	-90.95
18	24	-89.99
18	25	-93.89
18	26	-70.59
18	30	-70.12
18	31	-93.16
18	33	-87.68
18	34	-75.00
18	35	-93.66
18	36	-86.48
18	37	-85.79
18	38	-89.37
18	39	-88.32
18	40	-79.97
18	42	-93.98
18	44	-87.84
18	45	-84.41
18	46	-84.83
18	47	-92.07
18	50	-76.69
18	51	-91.95
18	53	-94.31
18	54	-93.89
18	56	-92.12
18	57	-91.18
18	58	-62.76
18	59	-91.33
18	60	-91.48
18	61	-94.70
18	62	-76.17
18	63	-94.24
18	64	-87.64
18	65	-86.02
18	70	-79.84
19	3	-93.16
19	5	-84.33
19	6	-86.38
19	8	-78.06
19	14	-94.23
19	16	-93.47
19	18	-94.87
19	20	-84.69
19	22	-79.41
19	24	-81.22
19	29	-91.75
19	30	-92.23
19	32	-87.17
19	36	-83.65
19	37	-89.59
19	38	-79.24
19	45	-88.14
19	52	-91.11
19	53	-83.26
19	58	-93.27
19	60	-94.50
19	62	-90.38
19	63	-68.46
19	68	-92.49
20	3	-89.81
20	5	-66.11
20	6	-82.98
20	8	-80.21
20	11	-94.97
20	18	-85.91
20	19	-84.69
20	21	-92.13
20	22	-73.76
20	24	-70.65
20	26	-88.73
20	29	-94.44
20	30	-80.14
20	32	-86.89
20	34	-91.16
20	36	-71.79
20	37	-75.65
20	38	-75.19
20	40	-92.67
20	45	-80.41
20	50	-91.86
20	53	-83.73
20	54	-94.17
20	58	-82.93
20	60	-92.53
20	62	-75.94
20	63	-82.59
20	70	-91.56
21	1	-88.55
21	5	-91.90
21	6	-93.22
21	9	-80.21
21	10	-92.39
21	11	-84.33
21	12	-94.60
21	15	-90.77
21	17	-92.24
21	18	-77.26
21	20	-92.13
21	24	-94.86
21	25	-92.35
21	26	-76.28
21	30	-83.99
21	31	-88.23
21	33	-79.31
21	34	-67.38
21	35	-90.84
21	36	-92.44
21	37	-91.43
21	38	-94.42
21	39	-84.03
21	40	-73.13
21	42	-89.40
21	44	-81.22
21	45	-90.61
21	46	-72.07
21	47	-88.22
21	50	-47.08
21	51	-86.51
21	55	-92.55
21	56	-87.18
21	57	-87.52
21	58	-81.66
21	59	-85.78
21	60	-93.87
21	61	-94.98
21	62	-86.66
21	64	-81.42
21	65	-75.88
21	70	-79.04
22	3	-87.74
22	5	-78.09
22	6	-86.54
22	8	-80.95
22	18	-90.95
22	19	-79.41
22	20	-73.76
22	24	-52.83
22	26	-93.05
22	30	-87.14
22	32	-81.28
22	34	-94.87
22	36	-79.53
22	37	-80.15
22	38	-77.64
22	45	-86.08
22	53	-75.11
22	58	-88.97
22	60	-94.92
22	62	-84.81
22	63	-73.30
23	1	-93.58
23	2	-78.09
23	4	-91.18
23	7	-78.49
23	9	-89.48
23	10	-86.25
23	11	-85.89
23	12	-70.80
23	13	-85.88
23	15	-81.14
23	17	-85.33
23	25	-70.92
23	26	-93.30
23	28	-71.70
23	31	-91.41
23	33	-92.54
23	34	-93.35
23	35	-81.68
23	40	-91.62
23	41	-83.34
23	42	-91.43
23	43	-89.49
23	44	-90.19
23	47	-85.83
23	48	-76.67
23	49	-82.97
23	51	-91.34
23	54	-90.77
23	55	-86.76
23	56	-89.82
23	57	-84.90
23	59	-90.79
23	60	-90.03
23	61	-78.03
23	64	-89.59
23	66	-79.04
23	69	-89.56
23	70	-90.44
24	3	-87.48
24	5	-76.67
24	6	-86.28
24	8	-81.32
24	18	-89.99
24	19	-81.22
24	20	-70.65
24	21	-94.86
24	22	-52.83
24	26	-92.29
24	30	-85.87
24	32	-81.92
24	34	-94.18
24	36	-78.66
24	37	-77.98
24	38	-77.62
24	45	-85.42
24	50	-94.60
24	53	-76.61
24	58	-87.89
24	60	-94.70
24	62	-83.38
24	63	-76.34
24	70	-94.56
25	1	-90.51
25	2	-84.69
25	4	-93.38
25	7	-81.93
25	9	-84.99
25	10	-82.13
25	11	-80.53
25	12	-69.71
25	13	-87.11
25	15	-78.87
25	17	-80.84
25	18	-93.89
25	21	-92.35
25	23	-70.92
25	26	-90.75
25	28	-81.25
25	31	-87.78
25	33	-88.96
25	34	-90.44
25	35	-73.90
25	40	-88.19
25	41	-87.49
25	42	-87.95
25	43	-92.15
25	44	-85.87
25	45	-94.90
25	46	-92.32
25	47	-79.84
25	48	-82.45
25	49	-87.51
25	50	-92.93
25	51	-87.55
25	54	-91.42
25	55	-82.88
25	56	-85.58
25	57	-78.18
25	58	-94.45
25	59	-86.78
25	60	-90.04
25	61	-81.35
25	64	-85.07
25	65	-94.35
25	66	-85.27
25	69	-90.79
25	70	-87.14
26	1	-91.94
26	5	-87.62
26	6	-88.22
26	8	-91.73
26	9	-81.85
26	10	-93.14
26	11	-81.46
26	12	-93.60
26	13	-91.36
26	15	-86.71
26	17	-92.82
26	18	-70.59
26	20	-88.73
26	21	-76.28
26	22	-93.05
26	23	-93.30
26	24	-92.29
26	25	-90.75
26	30	-78.66
26	31	-90.96
26	33	-84.99
26	34	-67.28
26	35	-90.66
26	36	-88.00
26	37	-89.69
26	38	-90.60
26	39	-90.08
26	40	-72.35
26	42	-91.88
26	44	-84.23
26	45	-84.55
26	46	-83.58
26	47	-88.93
26	50	-76.88
26	51	-89.59
26	54	-92.01
26	55	-93.37
26	56	-89.50
26	57	-87.68
26	58	-74.07
26	59	-88.76
26	60	-89.17
26	61	-91.99
26	62	-81.31
26	64	-83.73
26	65	-85.99
26	69	-93.26
26	70	-69.28
27	4	-88.11
27	6	-93.07
27	8	-93.96
27	13	-91.99
27	14	-66.11
27	16	-72.60
27	29	-78.27
27	41	-93.89
27	43	-90.40
27	52	-77.66
27	54	-88.48
27	60	-91.10
27	67	-64.51
27	68	-75.49
27	69	-88.59
28	2	-65.95
28	4	-88.93
28	7	-79.56
28	9	-93.06
28	10	-90.20
28	11	-90.14
28	12	-79.65
28	13	-86.14
28	15	-85.22
28	17	-89.55
28	23	-71.70
28	25	-81.25
28	31	-94.55
28	35	-87.32
28	40	-94.58
28	41	-78.76
28	42	-94.52
28	43	-86.59
28	44	-93.66
28	47	-90.34
28	48	-74.29
28	49	-77.94
28	51	-94.55
28	54	-90.84
28	55	-90.56
28	56	-93.34
28	57	-89.70
28	59	-94.13
28	60	-90.86
28	61	-78.86
28	64	-93.19
28	66	-69.28
28	69	-89.09
28	70	-93.43
29	4	-88.75
29	5	-92.49
29	6	-86.78
29	8	-88.36
29	13	-88.85
29	14	-70.32
29	15	-93.76
29	16	-77.44
29	19	-91.75
29	20	-94.44
29	27	-78.27
29	36	-91.25
29	38	-90.39
29	41	-93.11
29	43	-90.69
29	45	-90.04
29	52	-71.07
29	54	-83.23
29	60	-85.90
29	61	-93.06
29	63	-94.06
29	67	-77.17
29	68	-76.32
29	69	-85.05
30	3	-93.18
30	5	-80.15
30	6	-85.79
30	8	-87.85
30	9	-90.14
30	11	-89.96
30	13	-94.23
30	15	-92.06
30	18	-70.12
30	19	-92.23
30	20	-80.14
30	21	-83.99
30	22	-87.14
30	24	-85.87
30	26	-78.66
30	32	-92.91
30	33	-91.36
30	34	-82.52
30	36	-81.85
30	37	-80.84
30	38	-85.60
30	39	-90.70
30	40	-85.46
30	44	-91.38
30	45	-81.01
30	46	-89.15
30	47	-94.61
30	50	-83.54
30	51	-94.74
30	53	-91.43
30	54	-93.66
30	56	-94.83
30	57	-93.80
30	58	-60.10
30	59	-94.22
30	60	-91.36
30	62	-62.12
30	63	-91.33
30	64	-91.17
30	65	-89.82
30	70	-84.50
31	1	-65.46
31	7	-92.03
31	9	-80.58
31	10	-78.18
31	11	-85.42
31	12	-88.59
31	15	-91.53
31	17	-78.87
31	18	-93.16
31	21	-88.23
31	23	-91.41
31	25	-87.78
31	26	-90.96
31	28	-94.55
31	33	-77.22
31	34	-88.47
31	35	-81.28
31	39	-92.87
31	40	-86.40
31	42	-52.83
31	44	-76.97
31	46	-84.36
31	47	-75.73
31	48	-93.54
31	50	-88.90
31	51	-57.15
31	55	-77.94
31	56	-61.70
31	57	-78.62
31	58	-94.55
31	59	-63.06
31	61	-94.47
31	64	-78.03
31	65	-86.72
31	70	-88.66
32	3	-79.24
32	5	-89.45
32	6	-94.08
32	8	-90.77
32	19	-87.17
32	20	-86.89
32	22	-81.28
32	24	-81.92
32	30	-92.91
32	36	-90.30
32	37	-85.49
32	38	-89.45
32	45	-93.71
32	53	-67.38
32	58	-94.28
32	62	-91.83
32	63	-82.70
33	1	-78.37
33	7	-94.60
33	9	-71.43
33	10	-85.92
33	11	-81.68
33	12	-91.00
33	15	-90.08
33	17	-85.89
33	18	-87.68
33	21	-79.31
33	23	-92.54
33	25	-88.96
33	26	-84.99
33	30	-91.36
33	31	-77.22
33	34	-80.47
33	35	-85.04
33	39	-88.32
33	40	-77.76
33	42	-79.62
33	44	-65.63
33	45	-94.60
33	46	-72.20
33	47	-80.08
33	50	-80.51
33	51	-73.23
33	55	-86.04
33	56	-75.49
33	57	-80.19
33	58	-89.80
33	59	-71.63
33	61	-94.09
33	62	-92.87
33	64	-68.87
33	65	-78.51
33	70	-82.74
34	1	-89.39
34	5	-90.49
34	6	-91.21
34	8	-94.09
34	9	-77.86
34	10	-91.70
34	11	-80.50
34	12	-93.17
34	13	-92.88
34	15	-87.86
34	17	-91.43
34	18	-75.00
34	20	-91.16
34	21	-67.38
34	22	-94.87
34	23	-93.35
34	24	-94.18
34	25	-90.44
34	26	-67.28
34	30	-82.52
34	31	-88.47
34	33	-80.47
34	35	-89.45
34	36	-90.89
34	37	-91.31
34	38	-93.07
34	39	-87.89
34	40	-63.47
34	42	-89.59
34	44	-80.33
34	45	-88.30
34	46	-78.10
34	47	-87.02
34	50	-69.52
34	51	-86.78
34	54	-93.87
34	55	-91.92
34	56	-86.95
34	57	-85.88
34	58	-79.34
34	59	-85.85
34	60	-91.43
34	61	-92.88
34	62	-85.07
34	64	-79.99
34	65	-81.78
34	69	-94.83
34	70	-70.92
35	1	-85.38
35	2	-89.93
35	7	-84.29
35	9	-81.57
35	10	-71.58
35	11	-80.36
35	12	-75.93
35	13	-91.52
35	15	-84.85
35	17	-68.87
35	18	-93.66
35	21	-90.84
35	23	-81.68
35	25	-73.90
35	26	-90.66
35	28	-87.32
35	31	-81.28
35	33	-85.04
35	34	-89.45
35	40	-86.90
35	41	-92.17
35	42	-81.33
35	44	-81.35
35	46	-89.78
35	47	-67.64
35	48	-86.21
35	49	-90.47
35	50	-91.50
35	51	-81.37
35	54	-94.63
35	55	-73.09
35	56	-78.10
35	57	-68.26
35	58	-94.57
35	59	-80.47
35	60	-93.23
35	61	-87.93
35	64	-80.68
35	65	-92.06
35	66	-89.43
35	69	-94.35
35	70	-87.15
36	3	-93.29
36	5	-56.73
36	6	-74.27
36	8	-72.51
36	9	-94.98
36	11	-93.74
36	13	-93.13
36	14	-94.24
36	15	-93.28
36	16	-94.96
36	18	-86.48
36	19	-83.65
36	20	-71.79
36	21	-92.44
36	22	-79.53
36	24	-78.66
36	26	-88.00
36	29	-91.25
36	30	-81.85
36	32	-90.30
36	34	-90.89
36	37	-83.58
36	38	-65.07
36	40	-92.09
36	45	-71.81
36	50	-92.32
36	52	-92.54
36	53	-87.43
36	54	-90.94
36	58	-83.45
36	60	-89.05
36	62	-77.73
36	63	-83.67
36	68	-94.20
36	69	-93.03
36	70	-90.39
37	3	-85.42
37	5	-81.21
37	6	-89.42
37	8	-87.99
37	18	-85.79
37	19	-89.59
37	20	-75.65
37	21	-91.43
37	22	-80.15
37	24	-77.98
37	26	-89.69
37	30	-80.84
37	32	-85.49
37	34	-91.31
37	36	-83.58
37	38	-85.30
37	39	-93.26
37	40	-93.10
37	45	-87.12
37	46	-94.50
37	50	-90.97
37	53	-83.99
37	58	-83.84
37	62	-79.58
37	63	-87.04
37	65	-94.41
37	70	-92.72
38	3	-93.30
38	5	-69.33
38	6	-75.86
38	8	-62.76
38	13	-93.93
38	14	-93.50
38	15	-94.60
38	16	-93.90
38	18	-89.37
38	19	-79.24
38	20	-75.19
38	21	-94.42
38	22	-77.64
38	24	-77.62
38	26	-90.60
38	29	-90.39
38	30	-85.60
38	32	-89.45
38	34	-93.07
38	36	-65.07
38	37	-85.30
38	40	-94.08
38	45	-77.36
38	50	-94.31
38	52	-91.29
38	53	-86.13
38	54	-91.43
38	58	-86.94
38	60	-90.01
38	62	-82.51
38	63	-80.15
38	68	-93.03
38	69	-93.48
38	70	-92.54
39	1	-91.86
39	9	-91.04
39	11	-93.83
39	18	-88.32
39	21	-84.03
39	26	-90.08
39	30	-90.70
39	31	-92.87
39	33	-88.32
39	34	-87.89
39	37	-93.26
39	40	-89.40
39	42	-93.60
39	44	-90.69
39	46	-82.92
39	47	-94.71
39	50	-83.23
39	51	-91.92
39	56	-92.98
39	57	-94.64
39	58	-90.24
39	59	-91.85
39	62	-92.48
39	64	-91.12
39	65	-78.27
39	70	-91.69
40	1	-87.80
40	5	-91.85
40	6	-91.87
40	8	-94.90
40	9	-71.81
40	10	-89.63
40	11	-75.70
40	12	-91.28
40	13	-91.95
40	15	-85.93
40	17	-89.30
40	18	-79.97
40	20	-92.67
40	21	-73.13
40	23	-91.62
40	25	-88.19
40	26	-72.35
40	28	-94.58
40	30	-85.46
40	31	-86.40
40	33	-77.76
40	34	-63.47
40	35	-86.90
40	36	-92.09
40	37	-93.10
40	38	-94.08
40	39	-89.40
40	42	-87.64
40	44	-76.02
40	45	-89.31
40	46	-78.33
40	47	-84.03
40	50	-75.11
40	51	-84.47
40	54	-93.39
40	55	-89.90
40	56	-84.38
40	57	-82.54
40	58	-82.83
40	59	-83.27
40	60	-90.92
40	61	-91.52
40	62	-87.38
40	64	-75.23
40	65	-82.76
40	69	-94.20
40	70	-66.74
41	2	-72.40
41	4	-79.24
41	7	-89.10
41	10	-94.77
41	11	-92.09
41	12	-88.28
41	13	-79.98
41	14	-93.20
41	15	-85.60
41	17	-94.26
41	23	-83.34
41	25	-87.49
41	27	-93.89
41	28	-78.76
41	29	-93.11
41	35	-92.17
41	43	-74.49
41	47	-94.02
41	48	-86.52
41	49	-86.72
41	54	-85.44
41	57	-93.24
41	60	-86.93
41	61	-75.97
41	66	-82.61
41	67	-91.92
41	69	-81.98
41	70	-94.12
42	1	-66.52
42	7	-91.69
42	9	-82.30
42	10	-76.97
42	11	-86.41
42	12	-88.43
42	15	-91.99
42	17	-77.94
42	18	-93.98
42	21	-89.40
42	23	-91.43
42	25	-87.95
42	26	-91.88
42	28	-94.52
42	31	-52.83
42	33	-79.62
42	34	-89.59
42	35	-81.33
42	39	-93.60
42	40	-87.64
42	44	-79.24
42	46	-85.82
42	47	-76.60
42	48	-93.31
42	50	-90.01
42	51	-65.07
42	55	-76.54
42	56	-66.11
42	57	-79.58
42	59	-68.55
42	61	-94.70
42	64	-80.08
42	65	-87.90
42	70	-89.66
43	2	-82.94
43	4	-63.06
43	7	-93.41
43	12	-92.90
43	13	-82.61
43	14	-90.00
43	15	-89.63
43	16	-93.59
43	23	-89.49
43	25	-92.15
43	27	-90.40
43	28	-86.59
43	29	-90.69
43	41	-74.49
43	48	-91.45
43	49	-91.03
43	52	-93.47
43	54	-84.66
43	60	-87.55
43	61	-83.73
43	66	-88.38
43	67	-87.91
43	68	-93.94
43	69	-80.67
44	1	-80.21
44	7	-92.81
44	9	-60.10
44	10	-83.60
44	11	-76.67
44	12	-88.52
44	13	-93.57
44	15	-87.43
44	17	-83.33
44	18	-87.84
44	21	-81.22
44	23	-90.19
44	25	-85.87
44	26	-84.23
44	28	-93.66
44	30	-91.38
44	31	-76.97
44	33	-65.63
44	34	-80.33
44	35	-81.35
44	39	-90.69
44	40	-76.02
44	42	-79.24
44	45	-93.87
44	46	-78.20
44	47	-74.97
44	48	-93.75
44	50	-82.44
44	51	-73.13
44	55	-83.88
44	56	-72.73
44	57	-74.27
44	58	-89.71
44	59	-70.14
44	60	-93.65
44	61	-92.03
44	62	-92.72
44	64	-47.08
44	65	-82.98
44	70	-80.40
45	5	-74.29
45	6	-68.09
45	8	-78.87
45	9	-92.51
45	11	-90.62
45	13	-89.73
45	14	-93.21
45	15	-89.65
45	16	-94.57
45	18	-84.41
45	19	-88.14
45	20	-80.41
45	21	-90.61
45	22	-86.08
45	24	-85.42
45	25	-94.90
45	26	-84.55
45	29	-90.04
45	30	-81.01
45	32	-93.71
45	33	-94.60
45	34	-88.30
45	36	-71.81
45	37	-87.12
45	38	-77.36
45	40	-89.31
45	44	-93.87
45	46	-93.95
45	50	-90.62
45	52	-92.16
45	53	-91.55
45	54	-87.48
45	57	-94.73
45	58	-81.28
45	60	-84.53
45	61	-92.70
45	62	-77.82
45	63	-88.70
45	64	-93.49
45	65	-94.96
45	67	-94.48
45	68	-93.90
45	69	-90.01
45	70	-86.78
46	1	-83.93
46	9	-79.26
46	10	-90.58
46	11	-85.49
46	12	-94.20
46	15	-92.19
46	17	-90.55
46	18	-84.83
46	21	-72.07
46	25	-92.32
46	26	-83.58
46	30	-89.15
46	31	-84.36
46	33	-72.20
46	34	-78.10
46	35	-89.78
46	37	-94.50
46	39	-82.92
46	40	-78.33
46	42	-85.82
46	44	-78.20
46	45	-93.95
46	47	-86.48
46	50	-73.06
46	51	-82.22
46	55	-90.66
46	56	-83.80
46	57	-86.30
46	58	-87.58
46	59	-81.68
46	62	-91.08
46	64	-79.22
46	65	-65.46
46	70	-83.58
47	1	-81.37
47	2	-92.38
47	7	-88.15
47	9	-76.35
47	10	-73.54
47	11	-78.37
47	12	-82.28
47	13	-92.67
47	15	-86.11
47	17	-72.40
47	18	-92.07
47	21	-88.22
47	23	-85.83
47	25	-79.84
47	26	-88.93
47	28	-90.34
47	30	-94.61
47	31	-75.73
47	33	-80.08
47	34	-87.02
47	35	-67.64
47	39	-94.71
47	40	-84.03
47	41	-94.02
47	42	-76.60
47	44	-74.97
47	46	-86.48
47	48	-89.68
47	49	-93.12
47	50	-89.00
47	51	-75.00
47	55	-74.45
47	56	-69.69
47	57	-57.15
47	58	-93.26
47	59	-73.23
47	60	-93.74
47	61	-89.96
47	64	-74.29
47	65	-89.24
47	66	-92.22
47	70	-85.23
48	2	-79.95
48	4	-93.21
48	7	-65.16
48	9	-93.51
48	10	-87.93
48	11	-91.46
48	12	-76.78
48	13	-91.08
48	15	-89.00
48	17	-87.34
48	23	-76.67
48	25	-82.45
48	28	-74.29
48	31	-93.54
48	35	-86.21
48	41	-86.52
48	42	-93.31
48	43	-91.45
48	44	-93.75
48	47	-89.68
48	49	-70.98
48	51	-93.81
48	54	-94.62
48	55	-88.25
48	56	-92.54
48	57	-89.51
48	59	-93.52
48	60	-94.41
48	61	-86.08
48	64	-93.38
48	66	-70.47
48	69	-93.39
48	70	-94.88
49	2	-80.40
49	4	-92.92
49	7	-76.89
49	10	-91.63
49	11	-94.34
49	12	-84.08
49	13	-92.45
49	15	-91.74
49	17	-91.21
49	23	-82.97
49	25	-87.51
49	28	-77.94
49	35	-90.47
49	41	-86.72
49	43	-91.03
49	47	-93.12
49	48	-70.98
49	55	-91.86
49	57	-92.97
49	61	-88.33
49	66	-67.38
49	69	-94.20
50	1	-89.10
50	5	-91.73
50	6	-93.26
50	9	-81.57
50	10	-92.97
50	11	-85.30
50	15	-91.32
50	17	-92.82
50	18	-76.69
50	20	-91.86
50	21	-47.08
50	24	-94.60
50	25	-92.93
50	26	-76.88
50	30	-83.54
50	31	-88.90
50	33	-80.51
50	34	-69.52
50	35	-91.50
50	36	-92.32
50	37	-90.97
50	38	-94.31
50	39	-83.23
50	40	-75.11
50	42	-90.01
50	44	-82.44
50	45	-90.62
50	46	-73.06
50	47	-89.00
50	51	-87.26
50	55	-93.11
50	56	-87.95
50	57	-88.35
50	58	-81.28
50	59	-86.60
50	60	-94.15
50	62	-86.33
50	64	-82.65
50	65	-75.73
50	70	-80.14
51	1	-68.09
51	7	-92.45
51	9	-77.82
51	10	-79.84
51	11	-83.93
51	12	-88.80
51	15	-90.83
51	17	-80.21
51	18	-91.95
51	21	-86.51
51	23	-91.34
51	25	-87.55
51	26	-89.59
51	28	-94.55
51	30	-94.74
51	31	-57.15
51	33	-73.23
51	34	-86.78
51	35	-81.37
51	39	-91.92
51	40	-84.47
51	42	-65.07
51	44	-73.13
51	46	-82.22
51	47	-75.00
51	48	-93.81
51	50	-87.26
51	55	-79.79
51	56	-58.61
51	57	-77.45
51	58	-93.47
51	59	-50.17
51	61	-94.11
51	64	-74.68
51	65	-85.11
51	70	-87.14
52	4	-91.77
52	5	-93.65
52	6	-89.23
52	8	-89.22
52	13	-92.49
52	14	-72.95
52	16	-68.26
52	19	-91.11
52	27	-77.66
52	29	-71.07
52	36	-92.54
52	38	-91.29
52	43	-93.47
52	45	-92.16
52	54	-88.33
52	60	-90.15
52	63	-93.72
52	67	-79.81
52	68	-62.82
52	69	-89.59
53	3	-83.37
53	5	-86.54
53	6	-91.80
53	8	-87.68
53	18	-94.31
53	19	-83.26
53	20	-83.73
53	22	-75.11
53	24	-76.61
53	30	-91.43
53	32	-67.38
53	36	-87.43
53	37	-83.99
53	38	-86.13
53	45	-91.55
53	58	-92.91
53	62	-90.01
53	63	-76.96
54	2	-89.56
54	4	-83.45
54	5	-92.00
54	6	-85.69
54	8	-90.45
54	9	-94.35
54	11	-91.12
54	12	-93.60
54	13	-73.01
54	14	-85.92
54	15	-84.66
54	16	-90.22
54	18	-93.89
54	20	-94.17
54	23	-90.77
54	25	-91.42
54	26	-92.01
54	27	-88.48
54	28	-90.84
54	29	-83.23
54	30	-93.66
54	34	-93.87
54	35	-94.63
54	36	-90.94
54	38	-91.43
54	40	-93.39
54	41	-85.44
54	43	-84.66
54	45	-87.48
54	48	-94.62
54	52	-88.33
54	57	-94.32
54	58	-93.07
54	60	-67.38
54	61	-83.29
54	62	-92.96
54	66	-93.41
54	67	-85.99
54	68	-90.01
54	69	-64.56
54	70	-90.98
55	1	-82.30
55	2	-92.85
55	7	-85.69
55	9	-85.18
55	10	-40.23
55	11	-86.25
55	12	-81.55
55	13	-94.98
55	15	-90.07
55	17	-53.97
55	21	-92.55
55	23	-86.76
55	25	-82.88
55	26	-93.37
55	28	-90.56
55	31	-77.94
55	33	-86.04
55	34	-91.92
55	35	-73.09
55	40	-89.90
55	42	-76.54
55	44	-83.88
55	46	-90.66
55	47	-74.45
55	48	-88.25
55	49	-91.86
55	50	-93.11
55	51	-79.79
55	56	-76.88
55	57	-77.72
55	59	-79.86
55	61	-92.07
55	64	-83.84
55	65	-92.53
55	66	-91.62
55	70	-90.76
56	1	-73.13
56	7	-91.07
56	9	-76.97
56	10	-76.78
56	11	-82.45
56	12	-86.94
56	15	-89.62
56	17	-77.03
56	18	-92.12
56	21	-87.18
56	23	-89.82
56	25	-85.58
56	26	-89.50
56	28	-93.34
56	30	-94.83
56	31	-61.70
56	33	-75.49
56	34	-86.95
56	35	-78.10
56	39	-92.98
56	40	-84.38
56	42	-66.11
56	44	-72.73
56	46	-83.80
56	47	-69.69
56	48	-92.54
56	50	-87.95
56	51	-58.61
56	55	-76.88
56	57	-73.51
56	58	-93.53
56	59	-55.98
56	61	-93.00
56	64	-73.69
56	65	-86.68
56	66	-94.78
56	70	-86.66
57	1	-83.25
57	2	-91.72
57	7	-88.23
57	9	-74.37
57	10	-76.89
57	11	-74.84
57	12	-81.92
57	13	-91.53
57	15	-84.18
57	17	-75.70
57	18	-91.18
57	21	-87.52
57	23	-84.90
57	25	-78.18
57	26	-87.68
57	28	-89.70
57	30	-93.80
57	31	-78.62
57	33	-80.19
57	34	-85.88
57	35	-68.26
57	39	-94.64
57	40	-82.54
57	41	-93.24
57	42	-79.58
57	44	-74.27
57	45	-94.73
57	46	-86.30
57	47	-57.15
57	48	-89.51
57	49	-92.97
57	50	-88.35
57	51	-77.45
57	54	-94.32
57	55	-77.72
57	56	-73.51
57	58	-92.36
57	59	-75.61
57	60	-92.59
57	61	-88.75
57	62	-94.71
57	64	-72.95
57	65	-89.20
57	66	-91.86
57	69	-94.33
57	70	-83.43
58	3	-94.50
58	5	-82.29
58	6	-86.08
58	8	-88.82
58	9	-88.28
58	11	-88.08
58	13	-93.38
58	15	-90.70
58	18	-62.76
58	19	-93.27
58	20	-82.93
58	21	-81.66
58	22	-88.97
58	24	-87.89
58	25	-94.45
58	26	-74.07
58	30	-60.10
58	31	-94.55
58	32	-94.28
58	33	-89.80
58	34	-79.34
58	35	-94.57
58	36	-83.45
58	37	-83.84
58	38	-86.94
58	39	-90.24
58	40	-82.83
58	44	-89.71
58	45	-81.28
58	46	-87.58
58	47	-93.26
58	50	-81.28
58	51	-93.47
58	53	-92.91
58	54	-93.07
58	56	-93.53
58	57	-92.36
58	59	-92.89
58	60	-90.58
58	61	-94.63
58	62	-69.33
58	63	-92.61
58	64	-89.46
58	65	-88.59
58	69	-94.55
58	70	-81.65
59	1	-71.63
59	7	-92.20
59	9	-75.65
59	10	-79.80
59	11	-82.51
59	12	-88.31
59	15	-90.02
59	17	-79.99
59	18	-91.33
59	21	-85.78
59	23	-90.79
59	25	-86.78
59	26	-88.76
59	28	-94.13
59	30	-94.22
59	31	-63.06
59	33	-71.63
59	34	-85.85
59	35	-80.47
59	39	-91.85
59	40	-83.27
59	42	-68.55
59	44	-70.14
59	46	-81.68
59	47	-73.23
59	48	-93.52
59	50	-86.60
59	51	-50.17
59	55	-79.86
59	56	-55.98
59	57	-75.61
59	58	-92.89
59	61	-93.52
59	64	-71.91
59	65	-84.90
59	70	-86.06
60	2	-90.07
60	4	-86.99
60	5	-90.13
60	6	-83.33
60	8	-89.30
60	9	-92.25
60	11	-88.57
60	12	-92.71
60	13	-73.43
60	14	-88.79
60	15	-81.57
60	16	-92.15
60	18	-91.48
60	19	-94.50
60	20	-92.53
60	21	-93.87
60	22	-94.92
60	23	-90.03
60	24	-94.70
60	25	-90.04
60	26	-89.17
60	27	-91.10
60	28	-90.86
60	29	-85.90
60	30	-91.36
60	34	-91.43
60	35	-93.23
60	36	-89.05
60	38	-90.01
60	40	-90.92
60	41	-86.93
60	43	-87.55
60	44	-93.65
60	45	-84.53
60	47	-93.74
60	48	-94.41
60	50	-94.15
60	52	-90.15
60	54	-67.38
60	57	-92.59
60	58	-90.58
60	61	-82.76
60	62	-90.67
60	64	-93.11
60	66	-93.61
60	67	-89.20
60	68	-91.83
60	69	-74.29
60	70	-88.00
61	2	-78.10
61	4	-85.50
61	6	-92.72
61	7	-87.89
61	9	-90.87
61	10	-91.68
61	11	-86.52
61	12	-84.49
61	13	-73.69
61	14	-93.97
61	15	-75.40
61	17	-91.03
61	18	-94.70
61	21	-94.98
61	23	-78.03
61	25	-81.35
61	26	-91.99
61	28	-78.86
61	29	-93.06
61	31	-94.47
61	33	-94.09
61	34	-92.88
61	35	-87.93
61	40	-91.52
61	41	-75.97
61	42	-94.70
61	43	-83.73
61	44	-92.03
61	45	-92.70
61	47	-89.96
61	48	-86.08
61	49	-88.33
61	51	-94.11
61	54	-83.29
61	55	-92.07
61	56	-93.00
61	57	-88.75
61	58	-94.63
61	59	-93.52
61	60	-82.76
61	64	-91.41
61	66	-84.66
61	67	-93.35
61	69	-81.07
61	70	-89.42
62	3	-92.72
62	5	-75.36
62	6	-83.35
62	8	-85.29
62	9	-91.51
62	11	-90.94
62	13	-93.90
62	15	-92.29
62	18	-76.17
62	19	-90.38
62	20	-75.94
62	21	-86.66
62	22	-84.81
62	24	-83.38
62	26	-81.31
62	30	-62.12
62	32	-91.83
62	33	-92.87
62	34	-85.07
62	36	-77.73
62	37	-79.58
62	38	-82.51
62	39	-92.48
62	40	-87.38
62	44	-92.72
62	45	-77.82
62	46	-91.08
62	50	-86.33
62	53	-90.01
62	54	-92.96
62	57	-94.71
62	58	-69.33
62	60	-90.67
62	63	-89.48
62	64	-92.49
62	65	-91.74
62	69	-94.62
62	70	-86.03
63	3	-90.35
63	5	-83.62
63	6	-87.88
63	8	-80.94
63	18	-94.24
63	19	-68.46
63	20	-82.59
63	22	-73.30
63	24	-76.34
63	29	-94.06
63	30	-91.33
63	32	-82.70
63	36	-83.67
63	37	-87.04
63	38	-80.15
63	45	-88.70
63	52	-93.72
63	53	-76.96
63	58	-92.61
63	62	-89.48
63	68	-94.91
64	1	-81.35
64	2	-94.63
64	7	-92.47
64	9	-54.57
64	10	-83.51
64	11	-74.74
64	12	-87.99
64	13	-93.00
64	15	-86.54
64	17	-83.15
64	18	-87.64
64	21	-81.42
64	23	-89.59
64	25	-85.07
64	26	-83.73
64	28	-93.19
64	30	-91.17
64	31	-78.03
64	33	-68.87
64	34	-79.99
64	35	-80.68
64	39	-91.12
64	40	-75.23
64	42	-80.08
64	44	-47.08
64	45	-93.49
64	46	-79.22
64	47	-74.29
64	48	-93.38
64	50	-82.65
64	51	-74.68
64	55	-83.84
64	56	-73.69
64	57	-72.95
64	58	-89.46
64	59	-71.91
64	60	-93.11
64	61	-91.41
64	62	-92.49
64	65	-83.78
64	70	-79.39
65	1	-85.67
65	9	-83.89
65	10	-92.50
65	11	-88.63
65	15	-94.19
65	17	-92.53
65	18	-86.02
65	21	-75.88
65	25	-94.35
65	26	-85.99
65	30	-89.82
65	31	-86.72
65	33	-78.51
65	34	-81.78
65	35	-92.06
65	37	-94.41
65	39	-78.27
65	40	-82.76
65	42	-87.90
65	44	-82.98
65	45	-94.96
65	46	-65.46
65	47	-89.24
65	50	-75.73
65	51	-85.11
65	55	-92.53
65	56	-86.68
65	57	-89.20
65	58	-88.59
65	59	-84.90
65	62	-91.74
65	64	-83.78
65	70	-86.70
66	2	-73.13
66	4	-90.60
66	7	-77.98
66	10	-91.33
66	11	-92.80
66	12	-82.41
66	13	-89.73
66	15	-89.26
66	17	-90.81
66	23	-79.04
66	25	-85.27
66	28	-69.28
66	35	-89.43
66	41	-82.61
66	43	-88.38
66	47	-92.22
66	48	-70.47
66	49	-67.38
66	54	-93.41
66	55	-91.62
66	56	-94.78
66	57	-91.86
66	60	-93.61
66	61	-84.66
66	69	-91.81
67	4	-85.15
67	6	-92.34
67	8	-93.76
67	13	-89.86
67	14	-66.11
67	16	-77.92
67	27	-64.51
67	29	-77.17
67	41	-91.92
67	43	-87.91
67	45	-94.48
67	52	-79.81
67	54	-85.99
67	60	-89.20
67	61	-93.35
67	68	-79.44
67	69	-85.83
68	4	-92.23
68	6	-91.33
68	8	-91.20
68	13	-93.68
68	14	-73.51
68	16	-54.57
68	19	-92.49
68	27	-75.49
68	29	-76.32
68	36	-94.20
68	38	-93.03
68	43	-93.94
68	45	-93.90
68	52	-62.82
68	54	-90.01
68	60	-91.83
68	63	-94.91
68	67	-79.44
68	69	-90.91
69	2	-87.32
69	4	-79.39
69	5	-93.94
69	6	-88.64
69	7	-94.70
69	8	-92.61
69	9	-94.78
69	11	-91.55
69	12	-92.79
69	13	-69.71
69	14	-86.54
69	15	-84.64
69	16	-90.93
69	23	-89.56
69	25	-90.79
69	26	-93.26
69	27	-88.59
69	28	-89.09
69	29	-85.05
69	34	-94.83
69	35	-94.35
69	36	-93.03
69	38	-93.48
69	40	-94.20
69	41	-81.98
69	43	-80.67
69	45	-90.01
69	48	-93.39
69	49	-94.20
69	52	-89.59
69	54	-64.56
69	57	-94.33
69	58	-94.55
69	60	-74.29
69	61	-81.07
69	62	-94.62
69	66	-91.81
69	67	-85.83
69	68	-90.91
69	70	-92.00
70	1	-90.20
70	2	-94.26
70	5	-90.32
70	6	-89.57
70	7	-94.67
70	8	-93.29
70	9	-76.60
70	10	-90.45
70	11	-73.51
70	12	-90.71
70	13	-89.46
70	15	-82.66
70	17	-90.01
70	18	-79.84
70	20	-91.56
70	21	-79.04
70	23	-90.44
70	24	-94.56
70	25	-87.14
70	26	-69.28
70	28	-93.43
70	30	-84.50
70	31	-88.66
70	33	-82.74
70	34	-70.92
70	35	-87.15
70	36	-90.39
70	37	-92.72
70	38	-92.54
70	39	-91.69
70	40	-66.74
70	41	-94.12
70	42	-89.66
70	44	-80.40
70	45	-86.78
70	46	-83.58
70	47	-85.23
70	48	-94.88
70	50	-80.14
70	51	-87.14
70	54	-90.98
70	55	-90.76
70	56	-86.66
70	57	-83.43
70	58	-81.65
70	59	-86.06
70	60	-88.00
70	61	-89.42
70	62	-86.03
70	64	-79.39
70	65	-86.70
70	69	-92.00
