1	9	-93.88
1	12	-84.11
1	13	-85.32
1	15	-77.76
1	19	-94.46
1	20	-90.10
1	26	-90.81
1	27	-86.02
1	28	-94.50
1	30	-89.91
1	32	-92.74
1	35	-94.73
1	37	-87.48
1	39	-87.39
1	40	-93.75
1	45	-93.61
1	47	-91.10
1	53	-80.73
1	58	-85.90
1	67	-93.26
1	71	-86.62
1	80	-94.76
1	86	-93.99
2	5	-81.69
2	8	-73.13
2	14	-91.64
2	16	-88.30
2	21	-77.86
2	22	-80.81
2	23	-53.97
2	29	-93.35
2	31	-75.97
2	38	-92.90
2	40	-93.83
2	43	-84.55
2	44	-87.25
2	47	-93.02
2	48	-91.59
2	49	-80.21
2	50	-91.01
2	51	-82.59
2	54	-89.96
2	55	-88.50
2	56	-90.29
2	61	-94.48
2	66	-82.62
2	68	-93.80
2	72	-69.69
2	73	-83.18
2	74	-86.59
2	75	-93.19
2	76	-77.02
2	80	-94.47
2	81	-87.19
2	82	-94.23
2	87	-73.69
2	88	-82.88
2	90	-93.90
3	4	-93.93
3	5	-89.05
3	6	-85.80
3	7	-87.86
3	9	-77.92
3	10	-86.64
3	11	-90.58
3	12	-93.94
3	13	-91.02
3	14	-74.11
3	15	-92.45
3	16	-88.69
3	17	-81.18
3	18	-92.60
3	19	-75.49
3	20	-87.93
3	21	-91.47
3	22	-88.87
3	25	-91.64
3	26	-90.86
3	27	-93.02
3	28	-87.48
3	29	-94.92
3	30	-82.33
3	31	-91.43
3	32	-88.31
3	34	-93.94
3	35	-73.13
3	36	-79.80
3	37	-92.70
3	38	-90.44
3	39	-91.96
3	40	-74.26
3	41	-94.84
3	44	-94.73
3	45	-75.01
3	47	-87.64
3	48	-87.60
3	49	-89.20
3	51	-90.73
3	52	-93.86
3	53	-90.63
3	54	-78.62
3	55	-93.53
3	58	-94.33
3	59	-84.21
3	60	-92.24
3	61	-54.38
3	62	-84.84
3	63	-90.06
3	64	-86.36
3	65	-89.54
3	67	-73.54
3	68	-62.57
3	69	-81.98
3	70	-93.33
3	71	-93.70
3	72	-93.70
3	73	-90.45
3	74	-92.15
3	76	-92.59
3	77	-93.60
3	78	-93.51
3	79	-87.48
3	80	-65.46
3	81	-87.95
3	82	-64.41
3	84	-94.27
3	85	-94.99
3	86	-71.91
3	87	-92.40
3	89	-84.59
3	90	-90.12
4	3	-93.93
4	5	-93.70
4	6	-84.03
4	7	-86.52
4	10	-87.77
4	11	-86.64
4	14	-92.90
4	16	-88.61
4	17	-94.08
4	21	-94.39
4	24	-71.13
4	29	-83.78
4	33	-77.92
4	38	-81.43
4	41	-64.41
4	42	-72.00
4	48	-85.06
4	49	-94.86
4	52	-89.31
4	54	-93.06
4	57	-73.85
4	61	-93.39
4	62	-87.04
4	64	-85.33
4	65	-76.99
4	68	-94.32
4	70	-66.11
4	73	-92.12
4	75	-84.43
4	76	-94.48
4	77	-59.44
4	78	-83.82
4	79	-84.11
4	82	-92.25
4	85	-79.41
4	90	-79.26
5	2	-81.69
5	3	-89.05
5	4	-93.70
5	6	-92.21
5	7	-94.87
5	8	-84.76
5	9	-94.39
5	10	-94.68
5	13	-94.91
5	14	-82.83
5	16	-76.45
5	19	-93.72
5	21	-64.75
5	22	-71.72
5	23	-81.22
5	29	-88.90
5	30	-94.85
5	31	-76.45
5	33	-92.35
5	35	-93.11
5	38	-85.87
5	39	-94.50
5	40	-88.36
5	43	-92.66
5	44	-90.00
5	45	-93.36
5	47	-90.50
5	48	-82.59
5	49	-58.93
5	50	-92.56
5	51	-82.19
5	54	-79.62
5	55	-89.85
5	56	-92.49
5	61	-87.77
5	62	-93.30
5	64	-93.41
5	65	-92.63
5	66	-90.98
5	67	-92.61
5	68	-87.10
5	70	-94.56
5	72	-75.62
5	73	-66.74
5	74	-87.38
5	75	-88.88
5	76	-70.98
5	77	-94.29
5	79	-93.64
5	80	-88.57
5	81	-84.01
5	82	-87.06
5	85	-90.76
5	86	-92.56
5	87	-78.48
5	88	-88.75
5	90	-87.19
6	3	-85.80
6	4	-84.03
6	5	-92.21
6	7	-69.97
6	9	-89.44
6	10	-70.88
6	11	-76.88
6	14	-86.72
6	16	-88.11
6	17	-84.27
6	18	-93.74
6	19	-88.40
6	20	-94.83
6	21	-93.77
6	22	-94.01
6	24	-85.88
6	25	-92.61
6	28	-92.36
6	29	-90.66
6	30	-93.22
6	32	-93.91
6	33	-89.83
6	34	-94.26
6	35	-87.81
6	36	-87.09
6	38	-84.85
6	40	-90.89
6	41	-84.82
6	42	-89.10
6	45	-89.42
6	46	-94.66
6	48	-84.01
6	49	-93.14
6	52	-84.69
6	54	-87.98
6	57	-89.68
6	59	-89.73
6	60	-90.54
6	61	-85.37
6	62	-64.36
6	63	-88.33
6	64	-58.61
6	65	-70.59
6	67	-89.79
6	68	-87.34
6	69	-87.71
6	70	-81.42
6	73	-91.73
6	75	-91.05
6	76	-94.35
6	77	-82.48
6	78	-81.61
6	79	-60.10
6	80	-88.79
6	82	-83.69
6	84	-91.07
6	85	-89.40
6	86	-88.81
6	89	-87.64
6	90	-82.98
7	3	-87.86
7	4	-86.52
7	5	-94.87
7	6	-69.97
7	9	-89.55
7	10	-55.31
7	11	-65.63
7	14	-89.77
7	16	-91.66
7	17	-82.91
7	18	-91.81
7	19	-88.69
7	20	-94.50
7	24	-86.68
7	25	-90.52
7	28	-91.32
7	29	-93.35
7	30	-93.60
7	32	-93.18
7	33	-92.20
7	34	-92.15
7	35	-88.32
7	36	-86.49
7	38	-89.01
7	40	-92.54
7	41	-86.25
7	42	-90.58
7	45	-89.93
7	46	-91.93
7	48	-88.57
7	52	-79.17
7	54	-91.00
7	57	-91.07
7	59	-88.70
7	60	-87.38
7	61	-87.86
7	62	-64.51
7	63	-84.90
7	64	-61.55
7	65	-76.96
7	67	-90.56
7	68	-89.61
7	69	-86.72
7	70	-83.35
7	73	-94.55
7	75	-93.68
7	77	-84.66
7	78	-77.92
7	79	-62.32
7	80	-90.59
7	82	-86.78
7	83	-93.54
7	84	-87.55
7	85	-92.08
7	86	-89.56
7	89	-85.92
7	90	-87.55
8	2	-73.13
8	5	-84.76
8	13	-94.47
8	14	-91.87
8	16	-91.00
8	21	-83.27
8	22	-80.76
8	23	-76.46
8	31	-74.49
8	39	-93.26
8	40	-92.96
8	43	-80.99
8	44	-80.84
8	47	-90.61
8	48	-93.64
8	49	-82.63
8	50	-86.40
8	51	-77.62
8	54	-90.34
8	55	-83.18
8	56	-85.25
8	58	-94.78
8	61	-94.47
8	66	-76.10
8	68	-93.57
8	72	-80.11
8	73	-87.19
8	74	-81.07
8	76	-83.65
8	80	-93.98
8	81	-84.12
8	82	-94.45
8	87	-70.80
8	88	-72.76
9	1	-93.88
9	3	-77.92
9	5	-94.39
9	6	-89.44
9	7	-89.55
9	10	-88.20
9	11	-91.61
9	12	-89.30
9	13	-90.94
9	14	-85.99
9	15	-90.89
9	16	-94.18
9	17	-76.68
9	18	-87.43
9	19	-52.83
9	20	-78.85
9	22	-93.89
9	25	-86.36
9	26	-83.60
9	27	-87.75
9	28	-77.66
9	30	-73.97
9	32	-78.82
9	34	-89.59
9	35	-60.53
9	36	-68.43
9	37	-87.04
9	39	-92.47
9	40	-81.78
9	45	-58.16
9	46	-94.99
9	47	-89.83
9	48	-93.19
9	49	-94.38
9	51	-94.64
9	52	-94.08
9	53	-88.82
9	54	-88.07
9	58	-94.41
9	59	-72.51
9	60	-88.81
9	61	-80.45
9	62	-87.57
9	63	-86.47
9	64	-89.13
9	65	-92.82
9	67	-66.67
9	68	-81.22
9	69	-71.38
9	71	-88.61
9	78	-94.79
9	79	-90.15
9	80	-79.24
9	81	-92.15
9	82	-82.33
9	83	-93.96
9	84	-91.95
9	86	-64.41
9	89	-77.16
9	90	-94.61
10	3	-86.64
10	4	-87.77
10	5	-94.68
10	6	-70.88
10	7	-55.31
10	9	-88.20
10	11	-70.21
10	14	-89.05
10	16	-91.68
10	17	-80.66
10	18	-90.89
10	19	-87.26
10	20	-93.53
10	24	-88.13
10	25	-89.51
10	26	-94.68
10	28	-90.15
10	29	-93.82
10	30	-92.60
10	32	-92.14
10	33	-92.91
10	34	-91.36
10	35	-86.88
10	36	-84.76
10	38	-89.43
10	40	-91.68
10	41	-87.68
10	42	-91.61
10	45	-88.65
10	46	-91.67
10	48	-88.71
10	52	-80.70
10	54	-90.43
10	57	-92.07
10	59	-87.25
10	60	-86.45
10	61	-86.75
10	62	-60.53
10	63	-83.58
10	64	-63.30
10	65	-78.97
10	67	-89.37
10	68	-88.63
10	69	-85.03
10	70	-85.05
10	73	-94.50
10	75	-94.14
10	77	-86.17
10	78	-80.51
10	79	-66.67
10	80	-89.59
10	82	-85.70
10	83	-93.07
10	84	-87.06
10	85	-92.71
10	86	-88.28
10	89	-84.18
10	90	-88.09
11	3	-90.58
11	4	-86.64
11	6	-76.88
11	7	-65.63
11	9	-91.61
11	10	-70.21
11	14	-92.19
11	16	-93.38
11	17	-85.69
11	18	-92.23
11	19	-90.93
11	24	-85.64
11	25	-91.02
11	28	-92.58
11	29	-94.18
11	32	-94.37
11	33	-92.65
11	34	-92.28
11	35	-90.69
11	36	-88.80
11	38	-90.56
11	40	-94.55
11	41	-85.64
11	42	-90.26
11	45	-92.06
11	46	-90.84
11	48	-90.58
11	52	-72.35
11	54	-93.21
11	57	-90.71
11	59	-90.39
11	60	-87.24
11	61	-90.61
11	62	-75.01
11	63	-85.33
11	64	-72.95
11	65	-79.07
11	67	-92.67
11	68	-92.06
11	69	-88.81
11	70	-82.99
11	75	-94.51
11	77	-84.50
11	78	-72.07
11	79	-71.63
11	80	-92.87
11	82	-89.73
11	83	-93.03
11	84	-86.45
11	85	-92.75
11	86	-91.81
11	89	-87.76
11	90	-89.19
12	1	-84.11
12	3	-93.94
12	9	-89.30
12	13	-90.69
12	15	-86.64
12	17	-93.42
12	18	-91.79
12	19	-90.35
12	20	-80.37
12	25	-92.16
12	26	-78.62
12	27	-59.44
12	28	-87.25
12	30	-85.64
12	32	-84.00
12	34	-93.38
12	35	-90.97
12	36	-91.36
12	37	-66.84
12	39	-92.67
12	40	-92.94
12	45	-89.76
12	47	-93.57
12	53	-85.90
12	58	-93.01
12	59	-89.63
12	61	-94.74
12	67	-89.99
12	68	-94.46
12	69	-91.16
12	71	-60.53
12	80	-93.21
12	86	-90.61
12	89	-92.02
13	1	-85.32
13	3	-91.02
13	5	-94.91
13	8	-94.47
13	9	-90.94
13	12	-90.69
13	14	-91.64
13	15	-73.00
13	19	-91.19
13	20	-90.55
13	22	-92.29
13	26	-92.74
13	27	-90.97
13	28	-94.21
13	30	-86.30
13	31	-93.01
13	32	-93.06
13	35	-91.15
13	36	-93.62
13	37	-91.61
13	39	-63.58
13	40	-86.07
13	44	-89.22
13	45	-89.84
13	47	-75.89
13	49	-94.04
13	50	-86.61
13	51	-89.85
13	53	-72.65
13	54	-91.85
13	55	-86.82
13	56	-88.32
13	58	-72.40
13	59	-94.05
13	61	-91.33
13	67	-88.75
13	68	-89.96
13	69	-94.19
13	71	-91.83
13	74	-87.38
13	80	-88.49
13	81	-86.51
13	82	-92.44
13	86	-89.79
13	87	-93.42
13	88	-92.61
14	2	-91.64
14	3	-74.11
14	4	-92.90
14	5	-82.83
14	6	-86.72
14	7	-89.77
14	8	-91.87
14	9	-85.99
14	10	-89.05
14	11	-92.19
14	13	-91.64
14	15	-93.83
14	16	-83.24
14	17	-87.43
14	19	-84.71
14	20	-92.25
14	21	-86.40
14	22	-83.13
14	23	-91.67
14	26	-94.56
14	28	-92.23
14	29	-92.31
14	30	-87.64
14	31	-86.89
14	32	-92.76
14	33	-93.94
14	35	-83.54
14	36	-87.06
14	38	-87.23
14	39	-92.00
14	40	-76.67
14	41	-94.23
14	44	-92.49
14	45	-84.19
14	47	-86.94
14	48	-83.13
14	49	-83.17
14	50	-93.59
14	51	-86.82
14	53	-92.35
14	54	-60.10
14	55	-91.40
14	56	-94.04
14	58	-94.48
14	59	-89.95
14	61	-70.14
14	62	-87.09
14	63	-93.63
14	64	-87.93
14	65	-89.30
14	67	-82.97
14	68	-68.55
14	69	-88.41
14	70	-92.83
14	72	-89.51
14	73	-85.05
14	74	-89.46
14	75	-92.49
14	76	-87.98
14	77	-92.90
14	78	-94.32
14	79	-88.69
14	80	-74.27
14	81	-84.19
14	82	-68.68
14	85	-92.82
14	86	-82.62
14	87	-88.22
14	88	-93.12
14	89	-90.00
14	90	-87.33
15	1	-77.76
15	3	-92.45
15	9	-90.89
15	12	-86.64
15	13	-73.00
15	14	-93.83
15	19	-91.40
15	20	-88.56
15	26	-90.52
15	27	-87.40
15	28	-93.16
15	30	-85.66
15	32	-91.56
15	35	-91.55
15	36	-93.59
15	37	-88.42
15	39	-78.27
15	40	-88.76
15	44	-93.18
15	45	-90.14
15	47	-83.92
15	50	-91.04
15	51	-93.62
15	53	-62.32
15	54	-94.26
15	55	-91.41
15	56	-92.33
15	58	-78.32
15	59	-93.52
15	61	-92.95
15	67	-89.37
15	68	-91.93
15	69	-93.98
15	71	-88.39
15	74	-91.86
15	80	-90.45
15	81	-90.99
15	82	-94.03
15	86	-90.39
16	2	-88.30
16	3	-88.69
16	4	-88.61
16	5	-76.45
16	6	-88.11
16	7	-91.66
16	8	-91.00
16	9	-94.18
16	10	-91.68
16	11	-93.38
16	14	-83.24
16	17	-93.65
16	19	-93.39
16	21	-78.91
16	22	-83.84
16	23	-87.59
16	24	-92.23
16	29	-82.48
16	31	-86.39
16	33	-86.97
16	35	-92.75
16	36	-94.15
16	38	-75.39
16	40	-90.08
16	41	-90.94
16	42	-91.39
16	44	-94.62
16	45	-93.36
16	47	-93.75
16	48	-69.00
16	49	-80.08
16	51	-89.31
16	54	-81.37
16	55	-94.38
16	57	-91.79
16	61	-87.34
16	62	-90.01
16	64	-89.80
16	65	-87.75
16	67	-92.88
16	68	-87.55
16	69	-94.91
16	70	-89.96
16	72	-83.88
16	73	-71.07
16	74	-92.60
16	75	-82.66
16	76	-79.86
16	77	-89.51
16	78	-94.07
16	79	-89.88
16	80	-89.37
16	81	-89.72
16	82	-85.93
16	85	-84.67
16	86	-92.56
16	87	-87.41
16	88	-93.81
16	90	-78.10
17	3	-81.18
17	4	-94.08
17	6	-84.27
17	7	-82.91
17	9	-76.68
17	10	-80.66
17	11	-85.69
17	12	-93.42
17	14	-87.43
17	16	-93.65
17	18	-85.17
17	19	-75.39
17	20	-86.04
17	24	-94.72
17	25	-83.23
17	26	-88.03
17	27	-92.11
17	28	-80.32
17	30	-85.32
17	32	-83.76
17	34	-86.97
17	35	-75.56
17	36	-65.46
17	37	-91.36
17	38	-93.39
17	40	-87.25
17	41	-94.32
17	45	-78.82
17	46	-91.54
17	47	-93.94
17	48	-91.88
17	52	-89.05
17	53	-93.93
17	54	-89.39
17	59	-73.30
17	60	-83.34
17	61	-82.66
17	62	-80.62
17	63	-78.99
17	64	-83.06
17	65	-88.90
17	67	-80.95
17	68	-84.64
17	69	-65.95
17	70	-92.68
17	71	-92.58
17	77	-93.26
17	78	-90.34
17	79	-84.53
17	80	-84.59
17	81	-94.84
17	82	-82.97
17	83	-91.21
17	84	-87.06
17	86	-79.04
17	89	-66.52
17	90	-92.67
18	3	-92.60
18	6	-93.74
18	7	-91.81
18	9	-87.43
18	10	-90.89
18	11	-92.23
18	12	-91.79
18	17	-85.17
18	19	-88.03
18	20	-86.40
18	25	-56.73
18	26	-84.76
18	27	-90.25
18	28	-78.70
18	30	-90.50
18	32	-81.85
18	34	-62.76
18	35	-88.75
18	36	-85.05
18	37	-89.04
18	40	-94.81
18	45	-89.17
18	46	-85.62
18	52	-92.57
18	59	-81.28
18	60	-76.62
18	61	-93.45
18	62	-91.77
18	63	-78.46
18	64	-92.72
18	67	-90.45
18	68	-94.17
18	69	-83.31
18	71	-90.19
18	79	-93.32
18	80	-93.69
18	82	-93.83
18	83	-80.81
18	84	-83.03
18	86	-89.96
18	89	-80.81
19	1	-94.46
19	3	-75.49
19	5	-93.72
19	6	-88.40
19	7	-88.69
19	9	-52.83
19	10	-87.26
19	11	-90.93
19	12	-90.35
19	13	-91.19
19	14	-84.71
19	15	-91.40
19	16	-93.39
19	17	-75.39
19	18	-88.03
19	20	-81.01
19	22	-93.32
19	25	-86.90
19	26	-85.17
19	27	-88.93
19	28	-79.44
19	30	-75.89
19	32	-80.84
19	34	-90.04
19	35	-48.57
19	36	-67.38
19	37	-88.29
19	38	-94.23
19	39	-92.62
19	40	-80.90
19	45	-56.73
19	47	-89.73
19	48	-92.31
19	49	-93.75
19	51	-94.24
19	52	-93.62
19	53	-89.39
19	54	-87.01
19	58	-94.61
19	59	-74.00
19	60	-88.88
19	61	-78.43
19	62	-86.47
19	63	-86.41
19	64	-88.13
19	65	-91.98
19	67	-65.46
19	68	-79.56
19	69	-71.43
19	71	-89.73
19	73	-94.77
19	74	-94.89
19	78	-94.21
19	79	-89.22
19	80	-77.69
19	81	-91.74
19	82	-80.47
19	83	-94.19
19	84	-91.90
19	86	-60.53
19	89	-77.22
19	90	-93.81
20	1	-90.10
20	3	-87.93
20	6	-94.83
20	7	-94.50
20	9	-78.85
20	10	-93.53
20	12	-80.37
20	13	-90.55
20	14	-92.25
20	15	-88.56
20	17	-86.04
20	18	-86.40
20	19	-81.01
20	25	-86.28
20	26	-68.00
20	27	-76.99
20	28	-75.43
20	30	-75.70
20	32	-67.79
20	34	-88.91
20	35	-82.32
20	36	-82.41
20	37	-75.14
20	39	-92.50
20	40	-88.07
20	45	-80.49
20	47	-91.64
20	53	-86.61
20	54	-93.51
20	58	-93.80
20	59	-79.24
20	60	-90.60
20	61	-89.22
20	62	-93.38
20	63	-89.47
20	64	-94.45
20	67	-81.64
20	68	-89.21
20	69	-82.06
20	71	-78.57
20	80	-87.61
20	82	-90.42
20	83	-93.81
20	84	-93.69
20	86	-82.26
20	89	-83.86
21	2	-77.86
21	3	-91.47
21	4	-94.39
21	5	-64.75
21	6	-93.77
21	8	-83.27
21	14	-86.40
21	16	-78.91
21	22	-75.29
21	23	-76.67
21	29	-88.69
21	31	-76.32
21	33	-92.47
21	35	-94.96
21	38	-86.95
21	40	-90.78
21	43	-91.39
21	44	-90.19
21	47	-92.07
21	48	-84.67
21	49	-67.38
21	50	-92.98
21	51	-83.25
21	54	-83.97
21	55	-90.40
21	56	-92.74
21	61	-90.39
21	62	-94.86
21	64	-94.89
21	65	-93.87
21	66	-89.83
21	67	-94.52
21	68	-89.83
21	72	-67.38
21	73	-66.84
21	74	-88.13
21	75	-88.58
21	76	-56.73
21	80	-91.03
21	81	-85.97
21	82	-89.78
21	85	-90.86
21	86	-94.48
21	87	-77.48
21	88	-88.25
21	90	-88.37
22	2	-80.81
22	3	-88.87
22	5	-71.72
22	6	-94.01
22	8	-80.76
22	9	-93.89
22	13	-92.29
22	14	-83.13
22	16	-83.84
22	19	-93.32
22	21	-75.29
22	23	-81.43
22	29	-92.67
22	30	-93.67
22	31	-65.95
22	35	-92.74
22	36	-94.96
22	38	-90.10
22	39	-91.58
22	40	-86.46
22	43	-90.81
22	44	-85.49
22	45	-92.72
22	47	-86.82
22	48	-87.38
22	49	-64.56
22	50	-88.77
22	51	-72.89
22	53	-94.46
22	54	-80.08
22	55	-85.12
22	56	-88.74
22	58	-93.89
22	61	-87.76
22	62	-94.70
22	64	-94.98
22	65	-94.83
22	66	-88.45
22	67	-91.78
22	68	-86.50
22	72	-78.54
22	73	-79.29
22	74	-81.54
22	75	-92.66
22	76	-78.48
22	80	-87.51
22	81	-76.76
22	82	-87.58
22	85	-94.09
22	86	-91.93
22	87	-70.98
22	88	-84.55
22	90	-90.97
23	2	-53.97
23	5	-81.22
23	8	-76.46
23	14	-91.67
23	16	-87.59
23	21	-76.67
23	22	-81.43
23	29	-92.55
23	31	-77.51
23	38	-92.29
23	40	-94.10
23	43	-85.76
23	44	-88.54
23	47	-93.62
23	48	-91.05
23	49	-80.15
23	50	-92.01
23	51	-83.92
23	54	-89.99
23	55	-89.63
23	56	-91.36
23	61	-94.53
23	66	-84.26
23	68	-93.92
23	72	-66.41
23	73	-82.15
23	74	-87.79
23	75	-92.37
23	76	-75.11
23	80	-94.64
23	81	-88.03
23	82	-94.22
23	85	-94.47
23	87	-75.89
23	88	-84.66
23	90	-93.35
24	4	-71.13
24	6	-85.88
24	7	-86.68
24	10	-88.13
24	11	-85.64
24	16	-92.23
24	17	-94.72
24	29	-88.45
24	33	-83.64
24	38	-87.06
24	41	-57.15
24	42	-73.23
24	48	-89.42
24	52	-87.14
24	57	-74.29
24	62	-88.07
24	64	-86.36
24	65	-80.20
24	70	-67.73
24	75	-88.90
24	77	-67.54
24	78	-80.47
24	79	-85.05
24	82	-94.21
24	85	-85.23
24	90	-85.54
25	3	-91.64
25	6	-92.61
25	7	-90.52
25	9	-86.36
25	10	-89.51
25	11	-91.02
25	12	-92.16
25	17	-83.23
25	18	-56.73
25	19	-86.90
25	20	-86.28
25	26	-85.18
25	27	-90.63
25	28	-77.76
25	30	-89.99
25	32	-81.68
25	34	-66.74
25	35	-87.63
25	36	-83.41
25	37	-89.47
25	40	-94.14
25	45	-88.22
25	46	-85.37
25	52	-91.53
25	59	-79.51
25	60	-73.84
25	61	-92.53
25	62	-90.47
25	63	-75.14
25	64	-91.51
25	67	-89.59
25	68	-93.34
25	69	-81.44
25	71	-90.66
25	78	-94.17
25	79	-92.16
25	80	-92.90
25	82	-92.89
25	83	-81.50
25	84	-81.74
25	86	-89.00
25	89	-78.27
26	1	-90.81
26	3	-90.86
26	9	-83.60
26	10	-94.68
26	12	-78.62
26	13	-92.74
26	14	-94.56
26	15	-90.52
26	17	-88.03
26	18	-84.76
26	19	-85.17
26	20	-68.00
26	25	-85.18
26	27	-74.27
26	28	-76.35
26	30	-82.29
26	32	-68.68
26	34	-87.41
26	35	-86.21
26	36	-85.32
26	37	-70.43
26	39	-94.47
26	40	-91.22
26	45	-85.12
26	47	-94.03
26	53	-89.10
26	59	-81.73
26	60	-90.29
26	61	-91.94
26	62	-94.73
26	63	-89.64
26	67	-86.13
26	68	-92.03
26	69	-84.59
26	71	-74.86
26	80	-90.78
26	82	-92.89
26	83	-92.67
26	84	-93.42
26	86	-86.45
26	89	-85.42
27	1	-86.02
27	3	-93.02
27	9	-87.75
27	12	-59.44
27	13	-90.97
27	15	-87.40
27	17	-92.11
27	18	-90.25
27	19	-88.93
27	20	-76.99
27	25	-90.63
27	26	-74.27
27	28	-85.05
27	30	-84.19
27	32	-81.18
27	34	-92.04
27	35	-89.65
27	36	-89.88
27	37	-54.38
27	39	-92.94
27	40	-92.26
27	45	-88.39
27	47	-93.46
27	53	-86.34
27	58	-93.49
27	59	-87.85
27	60	-94.34
27	61	-93.90
27	63	-93.83
27	67	-88.77
27	68	-93.68
27	69	-89.61
27	71	-52.05
27	80	-92.39
27	82	-94.84
27	86	-89.37
27	89	-90.50
28	1	-94.50
28	3	-87.48
28	6	-92.36
28	7	-91.32
28	9	-77.66
28	10	-90.15
28	11	-92.58
28	12	-87.25
28	13	-94.21
28	14	-92.23
28	15	-93.16
28	17	-80.32
28	18	-78.70
28	19	-79.44
28	20	-75.43
28	25	-77.76
28	26	-76.35
28	27	-85.05
28	30	-82.22
28	32	-64.41
28	34	-82.74
28	35	-80.95
28	36	-76.60
28	37	-83.50
28	40	-89.69
28	45	-80.84
28	46	-91.89
28	47	-94.29
28	52	-94.07
28	53	-91.64
28	54	-93.64
28	59	-67.08
28	60	-84.49
28	61	-88.81
28	62	-90.37
28	63	-82.83
28	64	-91.64
28	67	-82.90
28	68	-89.43
28	69	-74.27
28	71	-85.52
28	79	-92.44
28	80	-88.41
28	82	-89.68
28	83	-89.64
28	84	-88.98
28	86	-82.45
28	89	-74.74
29	2	-93.35
29	3	-94.92
29	4	-83.78
29	5	-88.90
29	6	-90.66
29	7	-93.35
29	10	-93.82
29	11	-94.18
29	14	-92.31
29	16	-82.48
29	21	-88.69
29	22	-92.67
29	23	-92.55
29	24	-88.45
29	31	-93.66
29	33	-72.73
29	38	-76.40
29	41	-86.90
29	42	-84.70
29	48	-81.82
29	49	-90.55
29	54	-91.64
29	57	-85.03
29	61	-94.14
29	62	-92.75
29	64	-92.01
29	65	-88.06
29	68	-94.57
29	70	-87.19
29	72	-90.40
29	73	-85.64
29	75	-40.23
29	76	-88.19
29	77	-86.04
29	78	-93.44
29	79	-91.61
29	82	-93.10
29	85	-65.91
29	87	-94.08
29	90	-78.40
30	1	-89.91
30	3	-82.33
30	5	-94.85
30	6	-93.22
30	7	-93.60
30	9	-73.97
30	10	-92.60
30	12	-85.64
30	13	-86.30
30	14	-87.64
30	15	-85.66
30	17	-85.32
30	18	-90.50
30	19	-75.89
30	20	-75.70
30	22	-93.67
30	25	-89.99
30	26	-82.29
30	27	-84.19
30	28	-82.22
30	32	-80.40
30	34	-92.41
30	35	-76.78
30	36	-81.32
30	37	-83.93
30	39	-88.61
30	40	-80.47
30	45	-72.40
30	47	-86.35
30	49	-94.57
30	51	-93.63
30	53	-82.62
30	54	-89.18
30	55	-94.19
30	58	-90.84
30	59	-81.57
30	60	-92.63
30	61	-84.00
30	62	-92.00
30	63	-91.10
30	64	-93.14
30	67	-71.52
30	68	-83.32
30	69	-82.27
30	71	-85.54
30	74	-93.56
30	79	-93.91
30	80	-80.49
30	81	-90.70
30	82	-85.92
30	86	-74.29
30	89	-85.09
31	2	-75.97
31	3	-91.43
31	5	-76.45
31	8	-74.49
31	13	-93.01
31	14	-86.89
31	16	-86.39
31	21	-76.32
31	22	-65.95
31	23	-77.51
31	29	-93.66
31	35	-94.68
31	38	-91.85
31	39	-92.06
31	40	-89.10
31	43	-88.03
31	44	-83.35
31	45	-94.60
31	47	-88.03
31	48	-89.70
31	49	-71.70
31	50	-87.63
31	51	-70.59
31	54	-84.63
31	55	-83.76
31	56	-87.26
31	58	-94.12
31	61	-90.54
31	66	-85.18
31	67	-93.75
31	68	-89.45
31	72	-76.17
31	73	-81.57
31	74	-80.11
31	75	-93.60
31	76	-78.46
31	80	-90.17
31	81	-78.70
31	82	-90.44
31	86	-93.93
31	87	-53.53
31	88	-80.85
31	90	-92.73
32	1	-92.74
32	3	-88.31
32	6	-93.91
32	7	-93.18
32	9	-78.82
32	10	-92.14
32	11	-94.37
32	12	-84.00
32	13	-93.06
32	14	-92.76
32	15	-91.56
32	17	-83.76
32	18	-81.85
32	19	-80.84
32	20	-67.79
32	25	-81.68
32	26	-68.68
32	27	-81.18
32	28	-64.41
32	30	-80.40
32	34	-85.20
32	35	-82.27
32	36	-80.15
32	37	-79.17
32	39	-94.68
32	40	-89.59
32	45	-81.37
32	46	-93.57
32	47	-93.61
32	53	-89.96
32	54	-94.08
32	59	-74.37
32	60	-87.47
32	61	-89.59
32	62	-92.21
32	63	-86.30
32	64	-93.35
32	67	-83.06
32	68	-89.93
32	69	-78.93
32	71	-81.85
32	79	-94.08
32	80	-88.69
32	82	-90.59
32	83	-91.27
32	84	-91.23
32	86	-83.06
32	89	-80.11
33	4	-77.92
33	5	-92.35
33	6	-89.83
33	7	-92.20
33	10	-92.91
33	11	-92.65
33	14	-93.94
33	16	-86.97
33	21	-92.47
33	24	-83.64
33	29	-72.73
33	38	-79.90
33	41	-81.74
33	42	-76.78
33	48	-84.94
33	49	-93.68
33	52	-94.64
33	54	-93.63
33	57	-77.22
33	62	-92.06
33	64	-91.05
33	65	-86.14
33	70	-83.13
33	72	-93.96
33	73	-90.03
33	75	-73.69
33	76	-92.21
33	77	-81.41
33	78	-91.11
33	79	-90.42
33	82	-94.14
33	85	-60.28
33	90	-79.84
34	3	-93.94
34	6	-94.26
34	7	-92.15
34	9	-89.59
34	10	-91.36
34	11	-92.28
34	12	-93.38
34	17	-86.97
34	18	-62.76
34	19	-90.04
34	20	-88.91
34	25	-66.74
34	26	-87.41
34	27	-92.04
34	28	-82.74
34	30	-92.41
34	32	-85.20
34	35	-90.63
34	36	-87.29
34	37	-90.96
34	45	-91.10
34	46	-82.79
34	52	-92.18
34	59	-84.41
34	60	-75.11
34	61	-94.70
34	62	-92.37
34	63	-78.91
34	64	-93.20
34	67	-92.22
34	69	-85.82
34	71	-91.92
34	79	-93.71
34	82	-94.98
34	83	-76.04
34	84	-80.94
34	86	-91.75
34	89	-83.46
35	1	-94.73
35	3	-73.13
35	5	-93.11
35	6	-87.81
35	7	-88.32
35	9	-60.53
35	10	-86.88
35	11	-90.69
35	12	-90.97
35	13	-91.15
35	14	-83.54
35	15	-91.55
35	16	-92.75
35	17	-75.56
35	18	-88.75
35	19	-48.57
35	20	-82.32
35	21	-94.96
35	22	-92.74
35	25	-87.63
35	26	-86.21
35	27	-89.65
35	28	-80.95
35	30	-76.78
35	31	-94.68
35	32	-82.27
35	34	-90.63
35	36	-69.00
35	37	-89.07
35	38	-93.67
35	39	-92.51
35	40	-79.84
35	45	-57.79
35	47	-89.40
35	48	-91.64
35	49	-93.16
35	51	-93.77
35	52	-93.51
35	53	-89.56
35	54	-86.02
35	58	-94.57
35	59	-75.89
35	60	-89.30
35	61	-76.54
35	62	-85.92
35	63	-86.82
35	64	-87.63
35	65	-91.50
35	67	-64.36
35	68	-77.92
35	69	-73.01
35	70	-94.89
35	71	-90.43
35	73	-94.19
35	74	-94.51
35	78	-93.97
35	79	-88.75
35	80	-76.04
35	81	-91.23
35	82	-78.84
35	83	-94.58
35	84	-92.16
35	86	-57.15
35	89	-78.20
35	90	-93.25
36	3	-79.80
36	6	-87.09
36	7	-86.49
36	9	-68.43
36	10	-84.76
36	11	-88.80
36	12	-91.36
36	13	-93.62
36	14	-87.06
36	15	-93.59
36	16	-94.15
36	17	-65.46
36	18	-85.05
36	19	-67.38
36	20	-82.41
36	22	-94.96
36	25	-83.41
36	26	-85.32
36	27	-89.88
36	28	-76.60
36	30	-81.32
36	32	-80.15
36	34	-87.29
36	35	-69.00
36	37	-89.06
36	38	-94.39
36	39	-94.87
36	40	-85.33
36	45	-72.89
36	46	-92.82
36	47	-92.45
36	48	-92.75
36	52	-91.56
36	53	-91.91
36	54	-89.09
36	59	-66.52
36	60	-85.32
36	61	-81.82
36	62	-84.43
36	63	-82.00
36	64	-86.36
36	65	-91.03
36	67	-76.38
36	68	-83.41
36	69	-53.97
36	70	-94.42
36	71	-90.48
36	77	-94.90
36	78	-92.64
36	79	-87.57
36	80	-82.65
36	81	-93.94
36	82	-82.83
36	83	-91.99
36	84	-89.05
36	86	-74.07
36	89	-67.51
36	90	-93.83
37	1	-87.48
37	3	-92.70
37	9	-87.04
37	12	-66.84
37	13	-91.61
37	15	-88.42
37	17	-91.36
37	18	-89.04
37	19	-88.29
37	20	-75.14
37	25	-89.47
37	26	-70.43
37	27	-54.38
37	28	-83.50
37	30	-83.93
37	32	-79.17
37	34	-90.96
37	35	-89.07
37	36	-89.06
37	39	-93.50
37	40	-92.20
37	45	-87.85
37	47	-93.78
37	53	-87.27
37	58	-94.14
37	59	-86.74
37	60	-93.47
37	61	-93.61
37	63	-92.97
37	67	-88.37
37	68	-93.47
37	69	-88.69
37	71	-56.73
37	80	-92.20
37	82	-94.55
37	86	-88.90
37	89	-89.55
38	2	-92.90
38	3	-90.44
38	4	-81.43
38	5	-85.87
38	6	-84.85
38	7	-89.01
38	10	-89.43
38	11	-90.56
38	14	-87.23
38	16	-75.39
38	17	-93.39
38	19	-94.23
38	21	-86.95
38	22	-90.10
38	23	-92.29
38	24	-87.06
38	29	-76.40
38	31	-91.85
38	33	-79.90
38	35	-93.67
38	36	-94.39
38	40	-92.82
38	41	-85.17
38	42	-85.76
38	45	-94.48
38	48	-67.51
38	49	-87.85
38	51	-93.84
38	52	-93.69
38	54	-86.69
38	57	-86.36
38	61	-89.40
38	62	-87.76
38	64	-86.94
38	65	-82.27
38	67	-94.27
38	68	-90.15
38	70	-84.01
38	72	-89.76
38	73	-82.91
38	75	-77.26
38	76	-87.17
38	77	-83.13
38	78	-90.58
38	79	-86.61
38	80	-91.75
38	81	-93.90
38	82	-87.91
38	85	-76.62
38	86	-93.80
38	87	-92.55
38	90	-56.73
39	1	-87.39
39	3	-91.96
39	5	-94.50
39	8	-93.26
39	9	-92.47
39	12	-92.67
39	13	-63.58
39	14	-92.00
39	15	-78.27
39	19	-92.62
39	20	-92.50
39	22	-91.58
39	26	-94.47
39	27	-92.94
39	30	-88.61
39	31	-92.06
39	32	-94.68
39	35	-92.51
39	36	-94.87
39	37	-93.50
39	40	-87.14
39	44	-86.97
39	45	-91.40
39	47	-74.97
39	49	-93.50
39	50	-83.53
39	51	-88.52
39	53	-78.70
39	54	-92.00
39	55	-84.19
39	56	-85.64
39	58	-68.12
39	61	-92.12
39	66	-94.76
39	67	-90.35
39	68	-90.75
39	71	-93.69
39	74	-85.27
39	80	-89.53
39	81	-85.29
39	82	-93.11
39	86	-91.25
39	87	-92.41
39	88	-90.96
40	1	-93.75
40	2	-93.83
40	3	-74.26
40	5	-88.36
40	6	-90.89
40	7	-92.54
40	8	-92.96
40	9	-81.78
40	10	-91.68
40	11	-94.55
40	12	-92.94
40	13	-86.07
40	14	-76.67
40	15	-88.76
40	16	-90.08
40	17	-87.25
40	18	-94.81
40	19	-80.90
40	20	-88.07
40	21	-90.78
40	22	-86.46
40	23	-94.10
40	25	-94.14
40	26	-91.22
40	27	-92.26
40	28	-89.69
40	30	-80.47
40	31	-89.10
40	32	-89.59
40	35	-79.84
40	36	-85.33
40	37	-92.20
40	38	-92.82
40	39	-87.14
40	44	-91.39
40	45	-78.72
40	47	-80.50
40	48	-90.19
40	49	-87.85
40	50	-91.61
40	51	-87.15
40	53	-86.54
40	54	-78.85
40	55	-89.69
40	56	-92.44
40	58	-90.42
40	59	-87.76
40	61	-74.55
40	62	-90.40
40	63	-93.57
40	64	-91.41
40	65	-93.41
40	67	-75.73
40	68	-69.38
40	69	-86.76
40	71	-93.07
40	72	-92.75
40	73	-90.57
40	74	-88.13
40	76	-92.04
40	79	-92.18
40	80	-63.12
40	81	-82.66
40	82	-77.76
40	86	-76.96
40	87	-90.15
40	88	-93.06
40	89	-88.96
40	90	-92.83
41	3	-94.84
41	4	-64.41
41	6	-84.82
41	7	-86.25
41	10	-87.68
41	11	-85.64
41	14	-94.23
41	16	-90.94
41	17	-94.32
41	24	-57.15
41	29	-86.90
41	33	-81.74
41	38	-85.17
41	42	-71.79
41	48	-87.86
41	52	-87.74
41	54	-94.48
41	57	-73.36
41	61	-94.41
41	62	-87.38
41	64	-85.60
41	65	-78.32
41	70	-62.57
41	73	-94.01
41	75	-87.41
41	77	-59.44
41	78	-81.32
41	79	-84.26
41	82	-93.38
41	85	-83.34
41	90	-83.43
42	4	-72.00
42	6	-89.10
42	7	-90.58
42	10	-91.61
42	11	-90.26
42	16	-91.39
42	24	-73.23
42	29	-84.70
42	33	-76.78
42	38	-85.76
42	41	-71.79
42	48	-89.00
42	52	-91.71
42	57	-43.60
42	62	-91.21
42	64	-89.91
42	65	-84.50
42	70	-77.31
42	73	-94.11
42	75	-85.18
42	77	-75.11
42	78	-87.14
42	79	-88.98
42	85	-80.21
42	90	-84.69
43	2	-84.55
43	5	-92.66
43	8	-80.99
43	21	-91.39
43	22	-90.81
43	23	-85.76
43	31	-88.03
43	44	-86.28
43	49	-91.61
43	50	-89.59
43	51	-88.70
43	55	-88.76
43	56	-88.11
43	66	-66.45
43	72	-88.90
43	73	-93.75
43	74	-88.77
43	76	-91.20
43	81	-91.88
43	87	-86.69
43	88	-80.81
44	2	-87.25
44	3	-94.73
44	5	-90.00
44	8	-80.84
44	13	-89.22
44	14	-92.49
44	15	-93.18
44	16	-94.62
44	21	-90.19
44	22	-85.49
44	23	-88.54
44	31	-83.35
44	39	-86.97
44	40	-91.39
44	43	-86.28
44	47	-85.22
44	49	-88.25
44	50	-70.14
44	51	-77.94
44	53	-93.03
44	54	-91.47
44	55	-62.76
44	56	-66.95
44	58	-88.63
44	61	-94.34
44	66	-82.30
44	68	-93.17
44	72	-89.51
44	73	-92.38
44	74	-68.92
44	76	-90.94
44	80	-93.04
44	81	-80.86
44	82	-94.71
44	87	-82.74
44	88	-71.21
45	1	-93.61
45	3	-75.01
45	5	-93.36
45	6	-89.42
45	7	-89.93
45	9	-58.16
45	10	-88.65
45	11	-92.06
45	12	-89.76
45	13	-89.84
45	14	-84.19
45	15	-90.14
45	16	-93.36
45	17	-78.82
45	18	-89.17
45	19	-56.73
45	20	-80.49
45	22	-92.72
45	25	-88.22
45	26	-85.12
45	27	-88.39
45	28	-80.84
45	30	-72.40
45	31	-94.60
45	32	-81.37
45	34	-91.10
45	35	-57.79
45	36	-72.89
45	37	-87.85
45	38	-94.48
45	39	-91.40
45	40	-78.72
45	47	-88.29
45	48	-92.49
45	49	-93.30
45	51	-93.48
45	52	-94.62
45	53	-87.93
45	54	-86.47
45	55	-94.96
45	58	-93.56
45	59	-76.96
45	60	-90.26
45	61	-78.03
45	62	-87.79
45	63	-88.07
45	64	-89.30
45	65	-92.74
45	67	-55.31
45	68	-78.48
45	69	-75.61
45	71	-89.28
45	73	-94.56
45	74	-94.04
45	79	-90.30
45	80	-75.70
45	81	-90.75
45	82	-80.49
45	84	-93.06
45	86	-51.76
45	89	-80.15
45	90	-94.14
46	6	-94.66
46	7	-91.93
46	9	-94.99
46	10	-91.67
46	11	-90.84
46	17	-91.54
46	18	-85.62
46	25	-85.37
46	28	-91.89
46	32	-93.57
46	34	-82.79
46	36	-92.82
46	52	-88.52
46	59	-91.84
46	60	-79.97
46	62	-93.12
46	63	-83.84
46	64	-93.46
46	69	-91.98
46	78	-92.71
46	79	-93.63
46	83	-73.43
46	84	-73.51
46	89	-90.17
47	1	-91.10
47	2	-93.02
47	3	-87.64
47	5	-90.50
47	8	-90.61
47	9	-89.83
47	12	-93.57
47	13	-75.89
47	14	-86.94
47	15	-83.92
47	16	-93.75
47	17	-93.94
47	19	-89.73
47	20	-91.64
47	21	-92.07
47	22	-86.82
47	23	-93.62
47	26	-94.03
47	27	-93.46
47	28	-94.29
47	30	-86.35
47	31	-88.03
47	32	-93.61
47	35	-89.40
47	36	-92.45
47	37	-93.78
47	39	-74.97
47	40	-80.50
47	44	-85.22
47	45	-88.29
47	48	-94.65
47	49	-89.30
47	50	-83.88
47	51	-83.62
47	53	-82.33
47	54	-86.82
47	55	-81.94
47	56	-85.62
47	58	-81.86
47	59	-93.52
47	61	-87.62
47	66	-93.36
47	67	-86.82
47	68	-85.62
47	69	-93.24
47	71	-94.23
47	72	-93.06
47	73	-92.93
47	74	-81.17
47	76	-93.17
47	80	-84.23
47	81	-77.48
47	82	-88.82
47	86	-87.81
47	87	-88.73
47	88	-88.97
47	89	-94.72
48	2	-91.59
48	3	-87.60
48	4	-85.06
48	5	-82.59
48	6	-84.01
48	7	-88.57
48	8	-93.64
48	9	-93.19
48	10	-88.71
48	11	-90.58
48	14	-83.13
48	16	-69.00
48	17	-91.88
48	19	-92.31
48	21	-84.67
48	22	-87.38
48	23	-91.05
48	24	-89.42
48	29	-81.82
48	31	-89.70
48	33	-84.94
48	35	-91.64
48	36	-92.75
48	38	-67.51
48	40	-90.19
48	41	-87.86
48	42	-89.00
48	45	-92.49
48	47	-94.65
48	49	-84.90
48	51	-91.72
48	52	-93.94
48	54	-82.33
48	57	-89.51
48	59	-94.87
48	61	-86.25
48	62	-86.70
48	64	-86.25
48	65	-83.24
48	67	-92.16
48	68	-87.02
48	69	-93.52
48	70	-86.41
48	72	-88.22
48	73	-79.99
48	74	-94.43
48	75	-82.28
48	76	-85.37
48	77	-85.95
48	78	-91.33
48	79	-86.25
48	80	-88.98
48	81	-91.56
48	82	-84.43
48	85	-82.65
48	86	-91.68
48	87	-90.60
48	89	-94.13
48	90	-69.69
49	2	-80.21
49	3	-89.20
49	4	-94.86
49	5	-58.93
49	6	-93.14
49	8	-82.63
49	9	-94.38
49	13	-94.04
49	14	-83.17
49	16	-80.08
49	19	-93.75
49	21	-67.38
49	22	-64.56
49	23	-80.15
49	29	-90.55
49	30	-94.57
49	31	-71.70
49	33	-93.68
49	35	-93.16
49	38	-87.85
49	39	-93.50
49	40	-87.85
49	43	-91.61
49	44	-88.25
49	45	-93.30
49	47	-89.30
49	48	-84.90
49	50	-91.14
49	51	-79.07
49	54	-79.97
49	55	-88.11
49	56	-91.04
49	61	-88.00
49	62	-94.05
49	64	-94.23
49	65	-93.70
49	66	-89.66
49	67	-92.49
49	68	-87.09
49	72	-75.11
49	73	-72.97
49	74	-85.30
49	75	-90.52
49	76	-72.89
49	79	-94.50
49	80	-88.38
49	81	-81.69
49	82	-87.51
49	85	-92.23
49	86	-92.51
49	87	-74.68
49	88	-86.93
49	90	-88.97
50	2	-91.01
50	5	-92.56
50	8	-86.40
50	13	-86.61
50	14	-93.59
50	15	-91.04
50	21	-92.98
50	22	-88.77
50	23	-92.01
50	31	-87.63
50	39	-83.53
50	40	-91.61
50	43	-89.59
50	44	-70.14
50	47	-83.88
50	49	-91.14
50	51	-83.06
50	53	-91.19
50	54	-92.87
50	55	-67.38
50	56	-57.15
50	58	-84.78
50	61	-94.93
50	66	-86.75
50	68	-93.76
50	72	-92.65
50	73	-94.67
50	74	-75.53
50	76	-93.69
50	80	-93.37
50	81	-83.25
50	87	-87.38
50	88	-80.36
51	2	-82.59
51	3	-90.73
51	5	-82.19
51	8	-77.62
51	9	-94.64
51	13	-89.85
51	14	-86.82
51	15	-93.62
51	16	-89.31
51	19	-94.24
51	21	-83.25
51	22	-72.89
51	23	-83.92
51	30	-93.63
51	31	-70.59
51	35	-93.77
51	38	-93.84
51	39	-88.52
51	40	-87.15
51	43	-88.70
51	44	-77.94
51	45	-93.48
51	47	-83.62
51	48	-91.72
51	49	-79.07
51	50	-83.06
51	53	-92.92
51	54	-84.96
51	55	-77.22
51	56	-82.98
51	58	-91.05
51	61	-89.99
51	66	-85.46
51	67	-92.49
51	68	-88.57
51	72	-83.58
51	73	-86.25
51	74	-70.40
51	76	-84.84
51	80	-88.87
51	81	-69.69
51	82	-90.24
51	86	-92.83
51	87	-71.81
51	88	-78.33
51	90	-94.48
52	3	-93.86
52	4	-89.31
52	6	-84.69
52	7	-79.17
52	9	-94.08
52	10	-80.70
52	11	-72.35
52	17	-89.05
52	18	-92.57
52	19	-93.62
52	24	-87.14
52	25	-91.53
52	28	-94.07
52	33	-94.64
52	34	-92.18
52	35	-93.51
52	36	-91.56
52	38	-93.69
52	41	-87.74
52	42	-91.71
52	45	-94.62
52	46	-88.52
52	48	-93.94
52	57	-92.04
52	59	-92.44
52	60	-87.02
52	61	-93.97
52	62	-83.53
52	63	-86.17
52	64	-82.59
52	65	-85.11
52	69	-91.34
52	70	-86.15
52	77	-87.42
52	78	-73.13
52	79	-81.86
52	82	-93.35
52	83	-91.82
52	84	-84.49
52	85	-94.95
52	86	-94.52
52	89	-90.08
52	90	-92.57
53	1	-80.73
53	3	-90.63
53	9	-88.82
53	12	-85.90
53	13	-72.65
53	14	-92.35
53	15	-62.32
53	17	-93.93
53	19	-89.39
53	20	-86.61
53	22	-94.46
53	26	-89.10
53	27	-86.34
53	28	-91.64
53	30	-82.62
53	32	-89.96
53	35	-89.56
53	36	-91.91
53	37	-87.27
53	39	-78.70
53	40	-86.54
53	44	-93.03
53	45	-87.93
53	47	-82.33
53	50	-91.19
53	51	-92.92
53	54	-92.90
53	55	-91.20
53	56	-92.45
53	58	-80.62
53	59	-91.91
53	61	-91.23
53	67	-87.02
53	68	-90.11
53	69	-92.37
53	71	-87.49
53	74	-91.39
53	80	-88.39
53	81	-89.99
53	82	-92.44
53	86	-88.21
53	89	-93.81
54	2	-89.96
54	3	-78.62
54	4	-93.06
54	5	-79.62
54	6	-87.98
54	7	-91.00
54	8	-90.34
54	9	-88.07
54	10	-90.43
54	11	-93.21
54	13	-91.85
54	14	-60.10
54	15	-94.26
54	16	-81.37
54	17	-89.39
54	19	-87.01
54	20	-93.51
54	21	-83.97
54	22	-80.08
54	23	-89.99
54	28	-93.64
54	29	-91.64
54	30	-89.18
54	31	-84.63
54	32	-94.08
54	33	-93.63
54	35	-86.02
54	36	-89.09
54	38	-86.69
54	39	-92.00
54	40	-78.85
54	41	-94.48
54	44	-91.47
54	45	-86.47
54	47	-86.82
54	48	-82.33
54	49	-79.97
54	50	-92.87
54	51	-84.96
54	53	-92.90
54	55	-90.45
54	56	-93.26
54	58	-94.48
54	59	-91.62
54	61	-75.89
54	62	-88.61
54	63	-94.92
54	64	-89.24
54	65	-89.99
54	66	-94.73
54	67	-85.33
54	68	-74.29
54	69	-90.27
54	70	-93.20
54	72	-87.55
54	73	-82.64
54	74	-88.25
54	75	-91.80
54	76	-85.85
54	77	-93.19
54	79	-89.85
54	80	-77.98
54	81	-82.62
54	82	-74.83
54	85	-92.39
54	86	-85.15
54	87	-86.17
54	88	-91.90
54	89	-91.68
54	90	-87.06
55	2	-88.50
55	3	-93.53
55	5	-89.85
55	8	-83.18
55	13	-86.82
55	14	-91.40
55	15	-91.41
55	16	-94.38
55	21	-90.40
55	22	-85.12
55	23	-89.63
55	30	-94.19
55	31	-83.76
55	39	-84.19
55	40	-89.69
55	43	-88.76
55	44	-62.76
55	45	-94.96
55	47	-81.94
55	49	-88.11
55	50	-67.38
55	51	-77.22
55	53	-91.20
55	54	-90.45
55	56	-68.55
55	58	-86.46
55	61	-93.17
55	66	-85.45
55	67	-94.03
55	68	-91.87
55	72	-90.16
55	73	-92.37
55	74	-63.58
55	76	-91.29
55	80	-91.59
55	81	-78.10
55	82	-93.66
55	86	-94.53
55	87	-83.57
55	88	-76.96
56	2	-90.29
56	5	-92.49
56	8	-85.25
56	13	-88.32
56	14	-94.04
56	15	-92.33
56	21	-92.74
56	22	-88.74
56	23	-91.36
56	31	-87.26
56	39	-85.64
56	40	-92.44
56	43	-88.11
56	44	-66.95
56	47	-85.62
56	49	-91.04
56	50	-57.15
56	51	-82.98
56	53	-92.45
56	54	-93.26
56	55	-68.55
56	58	-86.68
56	66	-84.99
56	68	-94.37
56	72	-92.21
56	73	-94.56
56	74	-75.94
56	76	-93.39
56	80	-94.08
56	81	-84.03
56	87	-86.84
56	88	-78.09
57	4	-73.85
57	6	-89.68
57	7	-91.07
57	10	-92.07
57	11	-90.71
57	16	-91.79
57	24	-74.29
57	29	-85.03
57	33	-77.22
57	38	-86.36
57	41	-73.36
57	42	-43.60
57	48	-89.51
57	52	-92.04
57	62	-91.70
57	64	-90.44
57	65	-85.29
57	70	-78.51
57	73	-94.41
57	75	-85.48
57	77	-76.55
57	78	-87.61
57	79	-89.54
57	85	-80.70
57	90	-85.38
58	1	-85.90
58	3	-94.33
58	8	-94.78
58	9	-94.41
58	12	-93.01
58	13	-72.40
58	14	-94.48
58	15	-78.32
58	19	-94.61
58	20	-93.80
58	22	-93.89
58	27	-93.49
58	30	-90.84
58	31	-94.12
58	35	-94.57
58	37	-94.14
58	39	-68.12
58	40	-90.42
58	44	-88.63
58	45	-93.56
58	47	-81.86
58	50	-84.78
58	51	-91.05
58	53	-80.62
58	54	-94.48
58	55	-86.46
58	56	-86.68
58	61	-94.51
58	67	-92.72
58	68	-93.38
58	71	-94.15
58	74	-87.94
58	80	-92.32
58	81	-88.73
58	86	-93.51
58	87	-94.34
58	88	-92.34
59	3	-84.21
59	6	-89.73
59	7	-88.70
59	9	-72.51
59	10	-87.25
59	11	-90.39
59	12	-89.63
59	13	-94.05
59	14	-89.95
59	15	-93.52
59	17	-73.30
59	18	-81.28
59	19	-74.00
59	20	-79.24
59	25	-79.51
59	26	-81.73
59	27	-87.85
59	28	-67.08
59	30	-81.57
59	32	-74.37
59	34	-84.41
59	35	-75.89
59	36	-66.52
59	37	-86.74
59	40	-87.76
59	45	-76.96
59	46	-91.84
59	47	-93.52
59	48	-94.87
59	52	-92.44
59	53	-91.91
59	54	-91.62
59	60	-83.75
59	61	-85.80
59	62	-87.36
59	63	-80.85
59	64	-88.93
59	65	-93.06
59	67	-79.81
59	68	-86.82
59	69	-60.94
59	71	-88.40
59	78	-93.91
59	79	-89.91
59	80	-85.89
59	82	-86.71
59	83	-90.35
59	84	-88.25
59	86	-78.66
59	89	-65.46
60	3	-92.24
60	6	-90.54
60	7	-87.38
60	9	-88.81
60	10	-86.45
60	11	-87.24
60	17	-83.34
60	18	-76.62
60	19	-88.88
60	20	-90.60
60	25	-73.84
60	26	-90.29
60	27	-94.34
60	28	-84.49
60	30	-92.63
60	32	-87.47
60	34	-75.11
60	35	-89.30
60	36	-85.32
60	37	-93.47
60	45	-90.26
60	46	-79.97
60	52	-87.02
60	59	-83.75
60	61	-92.93
60	62	-88.11
60	63	-64.56
60	64	-89.04
60	65	-93.03
60	67	-91.43
60	68	-93.94
60	69	-83.86
60	71	-94.41
60	78	-90.90
60	79	-89.60
60	80	-93.84
60	82	-92.98
60	83	-79.42
60	84	-70.21
60	86	-90.70
60	89	-80.50
61	2	-94.48
61	3	-54.38
61	4	-93.39
61	5	-87.77
61	6	-85.37
61	7	-87.86
61	8	-94.47
61	9	-80.45
61	10	-86.75
61	11	-90.61
61	12	-94.74
61	13	-91.33
61	14	-70.14
61	15	-92.95
61	16	-87.34
61	17	-82.66
61	18	-93.45
61	19	-78.43
61	20	-89.22
61	21	-90.39
61	22	-87.76
61	23	-94.53
61	25	-92.53
61	26	-91.94
61	27	-93.90
61	28	-88.81
61	29	-94.14
61	30	-84.00
61	31	-90.54
61	32	-89.59
61	34	-94.70
61	35	-76.54
61	36	-81.82
61	37	-93.61
61	38	-89.40
61	39	-92.12
61	40	-74.55
61	41	-94.41
61	44	-94.34
61	45	-78.03
61	47	-87.62
61	48	-86.25
61	49	-88.00
61	50	-94.93
61	51	-89.99
61	52	-93.97
61	53	-91.23
61	54	-75.89
61	55	-93.17
61	58	-94.51
61	59	-85.80
61	60	-92.93
61	62	-84.77
61	63	-90.84
61	64	-86.17
61	65	-89.01
61	67	-76.69
61	68	-58.61
61	69	-83.73
61	70	-92.88
61	71	-94.55
61	72	-92.81
61	73	-89.25
61	74	-91.67
61	75	-94.34
61	76	-91.59
61	77	-93.12
61	78	-93.40
61	79	-87.24
61	80	-66.84
61	81	-87.25
61	82	-56.73
61	84	-94.78
61	85	-94.27
61	86	-75.56
61	87	-91.58
61	89	-85.97
61	90	-89.13
62	3	-84.84
62	4	-87.04
62	5	-93.30
62	6	-64.36
62	7	-64.51
62	9	-87.57
62	10	-60.53
62	11	-75.01
62	14	-87.09
62	16	-90.01
62	17	-80.62
62	18	-91.77
62	19	-86.47
62	20	-93.38
62	21	-94.86
62	22	-94.70
62	24	-88.07
62	25	-90.47
62	26	-94.73
62	28	-90.37
62	29	-92.75
62	30	-92.00
62	32	-92.21
62	33	-92.06
62	34	-92.37
62	35	-85.92
62	36	-84.43
62	38	-87.76
62	40	-90.40
62	41	-87.38
62	42	-91.21
62	45	-87.79
62	46	-93.12
62	48	-86.70
62	49	-94.05
62	52	-83.53
62	54	-88.61
62	57	-91.70
62	59	-87.36
62	60	-88.11
62	61	-84.77
62	63	-85.39
62	64	-56.73
62	65	-77.22
62	67	-88.41
62	68	-86.90
62	69	-84.99
62	70	-84.59
62	73	-93.11
62	75	-93.09
62	77	-85.60
62	78	-82.26
62	79	-64.36
62	80	-88.12
62	82	-83.38
62	83	-94.24
62	84	-88.98
62	85	-91.71
62	86	-87.26
62	89	-84.67
62	90	-86.32
63	3	-90.06
63	6	-88.33
63	7	-84.90
63	9	-86.47
63	10	-83.58
63	11	-85.33
63	14	-93.63
63	17	-78.99
63	18	-78.46
63	19	-86.41
63	20	-89.47
63	25	-75.14
63	26	-89.64
63	27	-93.83
63	28	-82.83
63	30	-91.10
63	32	-86.30
63	34	-78.91
63	35	-86.82
63	36	-82.00
63	37	-92.97
63	40	-93.57
63	45	-88.07
63	46	-83.84
63	52	-86.17
63	54	-94.92
63	59	-80.85
63	60	-64.56
63	61	-90.84
63	62	-85.39
63	64	-86.64
63	65	-91.38
63	67	-89.40
63	68	-92.02
63	69	-80.33
63	70	-93.97
63	71	-94.00
63	77	-94.65
63	78	-89.76
63	79	-87.41
63	80	-91.97
63	82	-90.87
63	83	-83.73
63	84	-75.53
63	86	-88.50
63	89	-75.89
64	3	-86.36
64	4	-85.33
64	5	-93.41
64	6	-58.61
64	7	-61.55
64	9	-89.13
64	10	-63.30
64	11	-72.95
64	14	-87.93
64	16	-89.80
64	17	-83.06
64	18	-92.72
64	19	-88.13
64	20	-94.45
64	21	-94.89
64	22	-94.98
64	24	-86.36
64	25	-91.51
64	28	-91.64
64	29	-92.01
64	30	-93.14
64	32	-93.35
64	33	-91.05
64	34	-93.20
64	35	-87.63
64	36	-86.36
64	38	-86.94
64	40	-91.41
64	41	-85.60
64	42	-89.91
64	45	-89.30
64	46	-93.46
64	48	-86.25
64	49	-94.23
64	52	-82.59
64	54	-89.24
64	57	-90.44
64	59	-88.93
64	60	-89.04
64	61	-86.17
64	62	-56.73
64	63	-86.64
64	65	-73.69
64	67	-89.81
64	68	-88.09
64	69	-86.84
64	70	-82.41
64	73	-93.05
64	75	-92.37
64	77	-83.61
64	78	-80.14
64	79	-51.76
64	80	-89.32
64	82	-84.77
64	83	-94.76
64	84	-89.51
64	85	-90.76
64	86	-88.78
64	89	-86.48
64	90	-85.30
65	3	-89.54
65	4	-76.99
65	5	-92.63
65	6	-70.59
65	7	-76.96
65	9	-92.82
65	10	-78.97
65	11	-79.07
65	14	-89.30
65	16	-87.75
65	17	-88.90
65	19	-91.98
65	21	-93.87
65	22	-94.83
65	24	-80.20
65	29	-88.06
65	33	-86.14
65	35	-91.50
65	36	-91.03
65	38	-82.27
65	40	-93.41
65	41	-78.32
65	42	-84.50
65	45	-92.74
65	48	-83.24
65	49	-93.70
65	52	-85.11
65	54	-89.99
65	57	-85.29
65	59	-93.06
65	60	-93.03
65	61	-89.01
65	62	-77.22
65	63	-91.38
65	64	-73.69
65	67	-92.96
65	68	-90.45
65	69	-91.49
65	70	-72.60
65	73	-91.64
65	75	-88.56
65	76	-94.28
65	77	-74.29
65	78	-79.29
65	79	-71.07
65	80	-91.77
65	82	-87.55
65	84	-93.00
65	85	-85.99
65	86	-92.20
65	89	-91.36
65	90	-79.65
66	2	-82.62
66	5	-90.98
66	8	-76.10
66	21	-89.83
66	22	-88.45
66	23	-84.26
66	31	-85.18
66	39	-94.76
66	43	-66.45
66	44	-82.30
66	47	-93.36
66	49	-89.66
66	50	-86.75
66	51	-85.46
66	54	-94.73
66	55	-85.45
66	56	-84.99
66	72	-87.38
66	73	-92.45
66	74	-85.38
66	76	-89.84
66	81	-89.28
66	87	-83.59
66	88	-74.27
67	1	-93.26
67	3	-73.54
67	5	-92.61
67	6	-89.79
67	7	-90.56
67	9	-66.67
67	10	-89.37
67	11	-92.67
67	12	-89.99
67	13	-88.75
67	14	-82.97
67	15	-89.37
67	16	-92.88
67	17	-80.95
67	18	-90.45
67	19	-65.46
67	20	-81.64
67	21	-94.52
67	22	-91.78
67	25	-89.59
67	26	-86.13
67	27	-88.77
67	28	-82.90
67	30	-71.52
67	31	-93.75
67	32	-83.06
67	34	-92.22
67	35	-64.36
67	36	-76.38
67	37	-88.37
67	38	-94.27
67	39	-90.35
67	40	-75.73
67	45	-55.31
67	47	-86.82
67	48	-92.16
67	49	-92.49
67	51	-92.49
67	53	-87.02
67	54	-85.33
67	55	-94.03
67	58	-92.72
67	59	-79.81
67	60	-91.43
67	61	-76.69
67	62	-88.41
67	63	-89.40
67	64	-89.81
67	65	-92.96
67	68	-76.46
67	69	-78.66
67	71	-89.69
67	73	-93.97
67	74	-93.05
67	79	-90.77
67	80	-72.59
67	81	-89.52
67	82	-79.62
67	84	-94.00
67	86	-52.05
67	87	-94.54
67	89	-82.43
67	90	-93.99
68	2	-93.80
68	3	-62.57
68	4	-94.32
68	5	-87.10
68	6	-87.34
68	7	-89.61
68	8	-93.57
68	9	-81.22
68	10	-88.63
68	11	-92.06
68	12	-94.46
68	13	-89.96
68	14	-68.55
68	15	-91.93
68	16	-87.55
