1	6	-94.05
1	14	-93.83
1	17	-86.33
1	18	-88.96
1	24	-88.16
1	26	-88.78
1	29	-86.25
1	30	-91.26
1	32	-74.44
1	34	-86.95
1	36	-89.99
1	38	-93.20
1	39	-76.02
1	40	-92.65
1	42	-92.74
1	43	-94.80
1	44	-74.66
1	46	-89.82
1	47	-93.65
1	50	-92.08
1	52	-88.69
1	54	-91.46
1	55	-94.80
1	59	-80.11
2	4	-90.38
2	5	-79.52
2	8	-82.00
2	10	-93.20
2	12	-92.50
2	13	-88.76
2	15	-87.59
2	19	-90.26
2	22	-89.63
2	25	-80.94
2	27	-91.75
2	28	-94.59
2	33	-85.05
2	35	-91.96
2	37	-64.36
2	48	-87.71
2	49	-89.83
2	51	-82.37
2	53	-92.43
2	55	-93.50
2	57	-94.41
2	58	-76.17
2	60	-94.41
2	61	-93.48
2	62	-61.48
2	63	-89.51
2	64	-86.38
2	65	-85.82
2	67	-87.45
2	69	-80.93
3	4	-84.99
3	5	-93.51
3	9	-84.80
3	10	-84.07
3	12	-94.79
3	13	-91.11
3	14	-73.01
3	15	-88.97
3	16	-88.07
3	17	-87.63
3	18	-84.61
3	20	-82.00
3	21	-61.98
3	22	-92.49
3	23	-72.35
3	24	-89.79
3	26	-84.14
3	27	-86.71
3	29	-93.81
3	30	-82.27
3	31	-81.42
3	32	-93.39
3	40	-81.35
3	41	-90.51
3	42	-87.53
3	43	-70.47
3	45	-71.05
3	46	-91.75
3	50	-84.59
3	54	-84.00
3	55	-94.79
3	56	-86.70
3	59	-91.85
3	61	-85.78
3	63	-89.74
3	64	-91.16
3	66	-71.63
3	70	-71.07
4	2	-90.38
4	3	-84.99
4	5	-82.03
4	8	-89.83
4	9	-94.64
4	10	-79.41
4	12	-89.22
4	13	-83.11
4	14	-89.00
4	15	-70.14
4	16	-85.37
4	17	-94.23
4	18	-90.24
4	20	-91.68
4	21	-87.47
4	22	-86.25
4	23	-77.91
4	25	-89.49
4	26	-91.52
4	27	-75.11
4	28	-94.57
4	29	-94.35
4	30	-87.55
4	31	-82.62
4	33	-89.93
4	35	-93.35
4	37	-89.99
4	38	-94.24
4	40	-92.58
4	43	-83.84
4	45	-89.24
4	46	-91.35
4	48	-92.44
4	49	-93.63
4	50	-94.18
4	51	-93.60
4	54	-93.64
4	55	-91.51
4	58	-92.37
4	61	-78.84
4	62	-90.67
4	63	-81.22
4	64	-77.85
4	65	-91.21
4	66	-83.41
4	67	-89.05
4	69	-87.11
4	70	-84.34
5	2	-79.52
5	3	-93.51
5	4	-82.03
5	8	-85.07
5	10	-88.57
5	12	-87.62
5	13	-85.25
5	15	-75.61
5	16	-90.11
5	19	-93.07
5	21	-94.94
5	22	-87.49
5	23	-90.02
5	25	-84.23
5	27	-83.83
5	28	-94.79
5	30	-94.14
5	31	-90.71
5	33	-86.70
5	35	-92.67
5	37	-77.82
5	43	-92.72
5	46	-94.79
5	48	-86.21
5	49	-91.72
5	51	-88.65
5	55	-92.69
5	58	-82.99
5	61	-86.74
5	62	-79.44
5	63	-85.25
5	64	-73.13
5	65	-88.08
5	66	-92.29
5	67	-87.48
5	69	-81.61
5	70	-92.81
6	1	-94.05
6	7	-73.23
6	8	-92.01
6	10	-93.26
6	11	-93.90
6	13	-90.79
6	18	-93.82
6	19	-88.23
6	22	-88.64
6	25	-92.50
6	28	-74.74
6	29	-84.64
6	30	-93.80
6	32	-94.87
6	33	-90.21
6	34	-80.59
6	35	-82.17
6	36	-76.17
6	38	-73.06
6	39	-93.03
6	44	-91.35
6	46	-85.54
6	47	-56.73
6	49	-86.40
6	51	-93.52
6	52	-78.09
6	53	-90.30
6	55	-81.14
6	57	-86.64
6	60	-93.97
6	63	-91.51
6	65	-89.73
6	67	-88.57
6	68	-90.76
6	69	-92.85
7	6	-73.23
7	8	-93.74
7	11	-91.86
7	13	-93.86
7	19	-88.71
7	22	-92.09
7	25	-94.21
7	28	-81.37
7	29	-89.76
7	33	-92.29
7	34	-86.11
7	35	-85.58
7	36	-81.54
7	38	-82.83
7	39	-94.81
7	44	-93.57
7	46	-90.60
7	47	-77.03
7	49	-88.13
7	51	-94.36
7	52	-85.22
7	53	-89.45
7	55	-86.90
7	57	-84.96
7	60	-92.65
7	63	-94.56
7	65	-91.61
7	67	-91.33
7	68	-88.08
7	69	-94.82
8	2	-82.00
8	4	-89.83
8	5	-85.07
8	6	-92.01
8	7	-93.74
8	10	-89.56
8	11	-93.47
8	13	-81.17
8	15	-89.09
8	19	-80.91
8	22	-80.45
8	23	-93.75
8	25	-45.20
8	27	-93.17
8	28	-86.90
8	29	-94.18
8	30	-94.37
8	33	-61.70
8	35	-82.06
8	37	-85.22
8	38	-89.51
8	43	-94.92
8	46	-91.57
8	47	-91.23
8	48	-94.51
8	49	-78.06
8	51	-73.80
8	52	-93.81
8	53	-86.38
8	55	-85.54
8	57	-88.08
8	58	-89.30
8	60	-90.83
8	61	-94.72
8	62	-84.99
8	63	-83.35
8	64	-89.76
8	65	-65.46
8	67	-72.46
8	68	-92.36
8	69	-64.93
9	3	-84.80
9	4	-94.64
9	10	-94.10
9	14	-83.76
9	16	-93.50
9	17	-89.83
9	18	-91.28
9	20	-78.05
9	21	-82.54
9	23	-89.81
9	24	-88.31
9	26	-89.43
9	27	-94.60
9	30	-91.28
9	31	-90.01
9	32	-94.86
9	40	-81.85
9	41	-75.89
9	42	-81.87
9	43	-88.25
9	45	-78.09
9	50	-82.28
9	54	-83.58
9	56	-63.30
9	59	-93.06
9	61	-93.50
9	66	-86.53
9	70	-85.72
10	2	-93.20
10	3	-84.07
10	4	-79.41
10	5	-88.57
10	6	-93.26
10	8	-89.56
10	9	-94.10
10	13	-78.09
10	14	-85.42
10	15	-84.84
10	16	-91.78
10	17	-89.53
10	18	-82.74
10	19	-93.93
10	20	-92.86
10	21	-85.64
10	22	-80.90
10	23	-77.48
10	24	-93.19
10	25	-89.51
10	26	-85.66
10	27	-87.04
10	28	-90.63
10	29	-88.19
10	30	-78.10
10	31	-88.53
10	32	-92.96
10	33	-88.64
10	34	-92.27
10	35	-90.07
10	36	-94.22
10	37	-93.56
10	38	-89.25
10	40	-89.43
10	42	-93.49
10	43	-78.46
10	45	-88.86
10	46	-83.43
10	47	-92.09
10	49	-91.49
10	50	-91.20
10	51	-93.67
10	52	-90.79
10	54	-90.29
10	55	-86.05
10	56	-94.83
10	59	-92.33
10	61	-88.21
10	62	-93.95
10	63	-74.60
10	64	-88.11
10	65	-89.85
10	66	-86.38
10	67	-86.45
10	69	-87.48
10	70	-86.88
11	6	-93.90
11	7	-91.86
11	8	-93.47
11	19	-86.54
11	25	-93.83
11	28	-92.60
11	33	-93.20
11	35	-91.55
11	47	-94.32
11	49	-89.78
11	51	-90.71
11	53	-80.20
11	57	-81.86
11	60	-71.07
11	65	-92.09
11	67	-94.08
11	68	-70.92
12	2	-92.50
12	3	-94.79
12	4	-89.22
12	5	-87.62
12	15	-86.03
12	16	-82.66
12	23	-93.13
12	27	-83.57
12	31	-88.28
12	37	-90.60
12	48	-82.43
12	58	-90.24
12	61	-83.88
12	62	-91.35
12	63	-94.97
12	64	-83.06
12	66	-92.03
12	69	-94.84
12	70	-92.44
13	2	-88.76
13	3	-91.11
13	4	-83.11
13	5	-85.25
13	6	-90.79
13	7	-93.86
13	8	-81.17
13	10	-78.09
13	14	-92.14
13	15	-85.05
13	16	-94.21
13	17	-94.14
13	18	-89.42
13	19	-88.45
13	21	-92.23
13	22	-63.06
13	23	-86.93
13	25	-81.22
13	26	-91.63
13	27	-89.39
13	28	-86.14
13	29	-89.30
13	30	-87.14
13	31	-92.54
13	33	-79.29
13	34	-92.15
13	35	-83.75
13	36	-93.33
13	37	-89.90
13	38	-86.31
13	40	-94.71
13	43	-88.19
13	45	-94.26
13	46	-84.74
13	47	-89.51
13	49	-84.90
13	51	-87.85
13	52	-90.27
13	53	-92.39
13	55	-80.59
13	57	-92.29
13	58	-93.04
13	61	-91.05
13	62	-90.19
13	63	-56.73
13	64	-87.55
13	65	-81.57
13	66	-91.92
13	67	-75.11
13	69	-77.92
13	70	-92.35
14	1	-93.83
14	3	-73.01
14	4	-89.00
14	9	-83.76
14	10	-85.42
14	13	-92.14
14	15	-92.32
14	16	-92.36
14	17	-81.44
14	18	-79.39
14	20	-85.33
14	21	-66.41
14	22	-93.08
14	23	-80.19
14	24	-84.55
14	26	-76.78
14	27	-91.14
14	29	-91.89
14	30	-78.48
14	31	-87.74
14	32	-89.72
14	40	-70.98
14	41	-90.29
14	42	-82.27
14	43	-72.59
14	45	-75.43
14	46	-90.26
14	50	-77.09
14	52	-94.87
14	54	-75.53
14	55	-94.50
14	56	-84.64
14	59	-87.55
14	61	-90.63
14	63	-90.94
14	64	-94.22
14	66	-82.17
14	70	-81.73
15	2	-87.59
15	3	-88.97
15	4	-70.14
15	5	-75.61
15	8	-89.09
15	10	-84.84
15	12	-86.03
15	13	-85.05
15	14	-92.32
15	16	-84.93
15	18	-93.33
15	20	-93.59
15	21	-90.95
15	22	-87.80
15	23	-84.29
15	25	-88.59
15	26	-94.42
15	27	-73.30
15	30	-91.21
15	31	-84.71
15	33	-89.71
15	35	-93.97
15	37	-86.62
15	43	-88.47
15	45	-92.09
15	46	-93.64
15	48	-89.07
15	49	-93.77
15	51	-92.63
15	55	-92.91
15	58	-89.25
15	61	-78.82
15	62	-87.55
15	63	-84.01
15	64	-65.50
15	65	-90.99
15	66	-86.94
15	67	-89.45
15	69	-86.17
15	70	-87.70
16	3	-88.07
16	4	-85.37
16	5	-90.11
16	9	-93.50
16	10	-91.78
16	12	-82.66
16	13	-94.21
16	14	-92.36
16	15	-84.93
16	20	-87.89
16	21	-89.96
16	23	-87.04
16	27	-76.69
16	30	-94.28
16	31	-73.90
16	37	-94.50
16	40	-94.84
16	43	-90.39
16	45	-89.26
16	48	-91.92
16	61	-70.98
16	63	-93.38
16	64	-84.89
16	66	-82.74
16	70	-83.32
17	1	-86.33
17	3	-87.63
17	4	-94.23
17	9	-89.83
17	10	-89.53
17	13	-94.14
17	14	-81.44
17	18	-75.94
17	20	-92.88
17	21	-85.74
17	22	-94.33
17	23	-89.45
17	24	-73.54
17	26	-69.10
17	29	-87.93
17	30	-80.95
17	31	-94.78
17	32	-78.20
17	34	-91.79
17	36	-94.57
17	38	-94.05
17	39	-91.81
17	40	-77.98
17	41	-94.10
17	42	-81.05
17	43	-85.29
17	44	-90.58
17	45	-88.23
17	46	-88.14
17	50	-77.36
17	52	-91.83
17	54	-74.93
17	55	-94.07
17	56	-89.10
17	59	-72.40
17	63	-93.35
17	66	-91.69
17	70	-91.50
18	1	-88.96
18	3	-84.61
18	4	-90.24
18	6	-93.82
18	9	-91.28
18	10	-82.74
18	13	-89.42
18	14	-79.39
18	15	-93.33
18	17	-75.94
18	20	-92.55
18	21	-83.58
18	22	-89.76
18	23	-84.71
18	24	-84.48
18	26	-64.93
18	27	-93.60
18	28	-93.18
18	29	-84.20
18	30	-64.93
18	31	-92.52
18	32	-83.88
18	33	-94.79
18	34	-89.71
18	35	-93.99
18	36	-92.76
18	38	-90.61
18	39	-92.96
18	40	-81.57
18	42	-86.89
18	43	-79.24
18	44	-91.34
18	45	-87.39
18	46	-82.22
18	47	-92.81
18	50	-83.36
18	52	-89.05
18	54	-81.46
18	55	-89.96
18	56	-91.33
18	59	-82.14
18	61	-93.77
18	63	-88.30
18	66	-89.24
18	67	-93.07
18	69	-94.72
18	70	-89.24
19	2	-90.26
19	5	-93.07
19	6	-88.23
19	7	-88.71
19	8	-80.91
19	10	-93.93
19	11	-86.54
19	13	-88.45
19	22	-86.54
19	25	-81.96
19	28	-82.70
19	29	-94.18
19	33	-79.31
19	34	-94.12
19	35	-77.17
19	36	-93.31
19	37	-92.40
19	38	-87.62
19	46	-92.56
19	47	-87.93
19	49	-67.76
19	51	-78.70
19	52	-92.60
19	53	-72.00
19	55	-85.57
19	57	-74.88
19	58	-94.71
19	60	-83.25
19	62	-92.06
19	63	-89.93
19	65	-76.20
19	67	-81.28
19	68	-83.92
19	69	-84.77
20	3	-82.00
20	4	-91.68
20	9	-78.05
20	10	-92.86
20	14	-85.33
20	15	-93.59
20	16	-87.89
20	17	-92.88
20	18	-92.55
20	21	-81.73
20	23	-87.04
20	24	-92.84
20	26	-91.55
20	27	-90.45
20	30	-91.75
20	31	-83.29
20	40	-86.79
20	41	-82.59
20	42	-89.06
20	43	-87.25
20	45	-75.40
20	50	-88.20
20	54	-88.61
20	56	-82.43
20	61	-88.64
20	64	-94.69
20	66	-79.90
20	70	-78.66
21	3	-61.98
21	4	-87.47
21	5	-94.94
21	9	-82.54
21	10	-85.64
21	13	-92.23
21	14	-66.41
21	15	-90.95
21	16	-89.96
21	17	-85.74
21	18	-83.58
21	20	-81.73
21	22	-93.39
21	23	-77.36
21	24	-87.76
21	26	-82.29
21	27	-89.05
21	29	-93.62
21	30	-81.92
21	31	-84.30
21	32	-92.29
21	40	-77.22
21	41	-89.30
21	42	-84.89
21	43	-72.51
21	45	-67.38
21	46	-91.84
21	50	-81.35
21	54	-80.73
21	56	-84.40
21	59	-90.50
21	61	-88.20
21	63	-90.99
21	64	-92.90
21	66	-76.67
21	70	-75.86
22	2	-89.63
22	3	-92.49
22	4	-86.25
22	5	-87.49
22	6	-88.64
22	7	-92.09
22	8	-80.45
22	10	-80.90
22	13	-63.06
22	14	-93.08
22	15	-87.80
22	17	-94.33
22	18	-89.76
22	19	-86.54
22	21	-93.39
22	23	-88.93
22	25	-80.85
22	26	-92.02
22	27	-91.50
22	28	-82.95
22	29	-88.00
22	30	-87.85
22	31	-94.18
22	33	-77.36
22	34	-90.70
22	35	-80.08
22	36	-91.77
22	37	-90.97
22	38	-83.45
22	43	-89.62
22	46	-83.24
22	47	-87.17
22	49	-82.19
22	51	-87.14
22	52	-88.54
22	53	-90.97
22	55	-75.89
22	57	-90.56
22	58	-93.94
22	60	-94.90
22	61	-92.94
22	62	-91.14
22	63	-69.10
22	64	-89.82
22	65	-79.46
22	66	-93.47
22	67	-70.74
22	68	-94.76
22	69	-78.62
22	70	-93.83
23	3	-72.35
23	4	-77.91
23	5	-90.02
23	8	-93.75
23	9	-89.81
23	10	-77.48
23	12	-93.13
23	13	-86.93
23	14	-80.19
23	15	-84.29
23	16	-87.04
23	17	-89.45
23	18	-84.71
23	20	-87.04
23	21	-77.36
23	22	-88.93
23	24	-92.23
23	25	-93.60
23	26	-85.71
23	27	-82.88
23	29	-92.65
23	30	-81.05
23	31	-80.86
23	32	-94.14
23	33	-93.39
23	35	-94.99
23	38	-94.36
23	40	-86.25
23	41	-93.99
23	42	-91.17
23	43	-69.71
23	45	-81.55
23	46	-89.81
23	50	-88.66
23	54	-87.93
23	55	-92.33
23	56	-91.17
23	59	-93.01
23	61	-82.91
23	63	-85.07
23	64	-87.48
23	65	-94.35
23	66	-75.37
23	67	-92.14
23	69	-91.92
23	70	-76.38
24	1	-88.16
24	3	-89.79
24	9	-88.31
24	10	-93.19
24	14	-84.55
24	17	-73.54
24	18	-84.48
24	20	-92.84
24	21	-87.76
24	23	-92.23
24	26	-80.53
24	29	-92.12
24	30	-87.17
24	32	-81.75
24	34	-94.85
24	39	-93.28
24	40	-78.62
24	41	-92.37
24	42	-74.26
24	43	-88.97
24	44	-92.59
24	45	-89.02
24	46	-92.53
24	50	-74.49
24	54	-74.29
24	56	-86.72
24	59	-76.85
24	66	-93.19
24	70	-92.90
25	2	-80.94
25	4	-89.49
25	5	-84.23
25	6	-92.50
25	7	-94.21
25	8	-45.20
25	10	-89.51
25	11	-93.83
25	13	-81.22
25	15	-88.59
25	19	-81.96
25	22	-80.85
25	23	-93.60
25	27	-92.81
25	28	-87.60
25	29	-94.46
25	30	-94.42
25	33	-65.16
25	35	-83.06
25	37	-84.34
25	38	-90.03
25	43	-94.85
25	46	-91.85
25	47	-91.73
25	48	-94.04
25	49	-79.44
25	51	-74.16
25	52	-94.17
25	53	-87.02
25	55	-86.15
25	57	-88.74
25	58	-88.66
25	60	-91.21
25	61	-94.41
25	62	-84.12
25	63	-83.32
25	64	-89.20
25	65	-68.57
25	67	-73.80
25	68	-92.81
25	69	-62.57
26	1	-88.78
26	3	-84.14
26	4	-91.52
26	9	-89.43
26	10	-85.66
26	13	-91.63
26	14	-76.78
26	15	-94.42
26	17	-69.10
26	18	-64.93
26	20	-91.55
26	21	-82.29
26	22	-92.02
26	23	-85.71
26	24	-80.53
26	27	-94.29
26	29	-86.82
26	30	-73.00
26	31	-92.64
26	32	-82.80
26	34	-91.39
26	36	-94.20
26	38	-92.70
26	39	-93.21
26	40	-76.99
26	41	-94.06
26	42	-83.45
26	43	-80.11
26	44	-91.82
26	45	-86.02
26	46	-85.80
26	47	-94.56
26	50	-78.91
26	52	-91.02
26	54	-76.24
26	55	-92.25
26	56	-89.26
26	59	-79.84
26	61	-94.25
26	63	-90.62
26	66	-89.12
26	67	-94.92
26	70	-88.98
27	2	-91.75
27	3	-86.71
27	4	-75.11
27	5	-83.83
27	8	-93.17
27	9	-94.60
27	10	-87.04
27	12	-83.57
27	13	-89.39
27	14	-91.14
27	15	-73.30
27	16	-76.69
27	18	-93.60
27	20	-90.45
27	21	-89.05
27	22	-91.50
27	23	-82.88
27	25	-92.81
27	26	-94.29
27	30	-91.61
27	31	-77.22
27	33	-93.56
27	37	-90.70
27	40	-94.18
27	43	-87.68
27	45	-89.61
27	48	-90.19
27	58	-92.22
27	61	-62.57
27	62	-91.46
27	63	-88.32
27	64	-75.36
27	65	-94.56
27	66	-82.60
27	67	-93.19
27	69	-91.02
27	70	-83.57
28	2	-94.59
28	4	-94.57
28	5	-94.79
28	6	-74.74
28	7	-81.37
28	8	-86.90
28	10	-90.63
28	11	-92.60
28	13	-86.14
28	18	-93.18
28	19	-82.70
28	22	-82.95
28	25	-87.60
28	29	-86.08
28	30	-92.63
28	33	-84.26
28	34	-85.54
28	35	-69.47
28	36	-84.55
28	38	-70.32
28	44	-94.12
28	46	-84.42
28	47	-72.20
28	49	-78.68
28	51	-89.27
28	52	-82.64
28	53	-86.86
28	55	-72.07
28	57	-83.45
28	60	-91.85
28	63	-87.39
28	65	-83.57
28	67	-81.82
28	68	-89.51
28	69	-88.14
29	1	-86.25
29	3	-93.81
29	4	-94.35
29	6	-84.64
29	7	-89.76
29	8	-94.18
29	10	-88.19
29	13	-89.30
29	14	-91.89
29	17	-87.93
29	18	-84.20
29	19	-94.18
29	21	-93.62
29	22	-88.00
29	23	-92.65
29	24	-92.12
29	25	-94.46
29	26	-86.82
29	28	-86.08
29	30	-85.35
29	32	-85.80
29	33	-92.72
29	34	-73.65
29	35	-88.98
29	36	-81.31
29	38	-80.33
29	39	-87.88
29	40	-92.66
29	42	-94.78
29	43	-90.77
29	44	-84.90
29	46	-70.98
29	47	-83.06
29	49	-92.03
29	50	-93.17
29	52	-71.43
29	54	-92.26
29	55	-83.34
29	57	-94.69
29	59	-87.27
29	63	-89.16
29	65	-92.97
29	67	-90.63
29	69	-93.94
30	1	-91.26
30	3	-82.27
30	4	-87.55
30	5	-94.14
30	6	-93.80
30	8	-94.37
30	9	-91.28
30	10	-78.10
30	13	-87.14
30	14	-78.48
30	15	-91.21
30	16	-94.28
30	17	-80.95
30	18	-64.93
30	20	-91.75
30	21	-81.92
30	22	-87.85
30	23	-81.05
30	24	-87.17
30	25	-94.42
30	26	-73.00
30	27	-91.61
30	28	-92.63
30	29	-85.35
30	31	-90.72
30	32	-87.23
30	33	-93.46
30	34	-90.60
30	35	-93.13
30	36	-93.34
30	38	-90.30
30	39	-94.55
30	40	-82.80
30	42	-88.39
30	43	-74.55
30	44	-93.03
30	45	-86.33
30	46	-82.00
30	47	-92.74
30	49	-94.84
30	50	-85.05
30	52	-89.63
30	54	-83.45
30	55	-89.00
30	56	-91.64
30	59	-85.90
30	61	-91.89
30	63	-85.69
30	64	-93.41
30	65	-94.20
30	66	-87.24
30	67	-91.64
30	69	-93.16
30	70	-87.34
31	3	-81.42
31	4	-82.62
31	5	-90.71
31	9	-90.01
31	10	-88.53
31	12	-88.28
31	13	-92.54
31	14	-87.74
31	15	-84.71
31	16	-73.90
31	17	-94.78
31	18	-92.52
31	20	-83.29
31	21	-84.30
31	22	-94.18
31	23	-80.86
31	26	-92.64
31	27	-77.22
31	30	-90.72
31	40	-91.08
31	41	-92.88
31	42	-94.20
31	43	-85.29
31	45	-83.53
31	48	-94.55
31	50	-92.72
31	54	-92.54
31	56	-91.94
31	61	-71.91
31	63	-91.45
31	64	-86.25
31	66	-71.63
31	69	-94.93
31	70	-72.97
32	1	-74.44
32	3	-93.39
32	6	-94.87
32	9	-94.86
32	10	-92.96
32	14	-89.72
32	17	-78.20
32	18	-83.88
32	21	-92.29
32	23	-94.14
32	24	-81.75
32	26	-82.80
32	29	-85.80
32	30	-87.23
32	34	-88.66
32	36	-91.88
32	38	-93.26
32	39	-85.05
32	40	-87.93
32	42	-88.25
32	43	-91.38
32	44	-83.54
32	45	-94.00
32	46	-88.32
32	47	-94.27
32	50	-87.15
32	52	-89.55
32	54	-86.25
32	55	-94.22
32	56	-94.13
32	59	-64.36
33	2	-85.05
33	4	-89.93
33	5	-86.70
33	6	-90.21
33	7	-92.29
33	8	-61.70
33	10	-88.64
33	11	-93.20
33	13	-79.29
33	15	-89.71
33	18	-94.79
33	19	-79.31
33	22	-77.36
33	23	-93.39
33	25	-65.16
33	27	-93.56
33	28	-84.26
33	29	-92.72
33	30	-93.46
33	34	-93.95
33	35	-78.33
33	36	-94.10
33	37	-87.62
33	38	-87.29
33	43	-94.36
33	46	-89.90
33	47	-89.30
33	49	-74.26
33	51	-77.09
33	52	-92.22
33	53	-85.79
33	55	-82.59
33	57	-86.86
33	58	-91.18
33	60	-90.78
33	62	-87.48
33	63	-81.94
33	64	-90.66
33	65	-55.98
33	67	-64.36
33	68	-91.73
33	69	-69.40
34	1	-86.95
34	6	-80.59
34	7	-86.11
34	10	-92.27
34	13	-92.15
34	17	-91.79
34	18	-89.71
34	19	-94.12
34	22	-90.70
34	24	-94.85
34	26	-91.39
34	28	-85.54
34	29	-73.65
34	30	-90.60
34	32	-88.66
34	33	-93.95
34	35	-89.31
34	36	-69.71
34	38	-80.08
34	39	-85.90
34	43	-94.55
34	44	-82.70
34	46	-81.17
34	47	-79.70
34	49	-92.35
34	52	-62.82
34	55	-85.37
34	57	-93.76
34	59	-90.43
34	63	-92.31
34	65	-93.94
34	67	-92.21
35	2	-91.96
35	4	-93.35
35	5	-92.67
35	6	-82.17
35	7	-85.58
35	8	-82.06
35	10	-90.07
35	11	-91.55
35	13	-83.75
35	15	-93.97
35	18	-93.99
35	19	-77.17
35	22	-80.08
35	23	-94.99
35	25	-83.06
35	28	-69.47
35	29	-88.98
35	30	-93.13
35	33	-78.33
35	34	-89.31
35	36	-88.82
35	37	-93.64
35	38	-78.70
35	46	-86.62
35	47	-80.84
35	49	-68.68
35	51	-85.17
35	52	-87.01
35	53	-84.01
35	55	-74.11
35	57	-81.69
35	60	-90.08
35	62	-93.53
35	63	-85.55
35	65	-76.96
35	67	-75.65
35	68	-88.73
35	69	-84.16
36	1	-89.99
36	6	-76.17
36	7	-81.54
36	10	-94.22
36	13	-93.33
36	17	-94.57
36	18	-92.76
36	19	-93.31
36	22	-91.77
36	26	-94.20
36	28	-84.55
36	29	-81.31
36	30	-93.34
36	32	-91.88
36	33	-94.10
36	34	-69.71
36	35	-88.82
36	38	-80.37
36	39	-87.88
36	44	-85.59
36	46	-85.35
36	47	-76.78
36	49	-91.83
36	52	-72.33
36	53	-94.84
36	55	-86.25
36	57	-92.22
36	59	-93.39
36	63	-93.66
36	65	-93.91
36	67	-92.58
36	68	-94.88
37	2	-64.36
37	4	-89.99
37	5	-77.82
37	8	-85.22
37	10	-93.56
37	12	-90.60
37	13	-89.90
37	15	-86.62
37	16	-94.50
37	19	-92.40
37	22	-90.97
37	25	-84.34
37	27	-90.70
37	33	-87.62
37	35	-93.64
37	48	-84.58
37	49	-91.90
37	51	-85.95
37	53	-94.32
37	55	-94.77
37	58	-69.97
37	61	-92.50
37	62	-49.41
37	63	-90.40
37	64	-84.69
37	65	-88.41
37	67	-89.45
37	69	-83.78
38	1	-93.20
38	4	-94.24
38	6	-73.06
38	7	-82.83
38	8	-89.51
38	10	-89.25
38	13	-86.31
38	17	-94.05
38	18	-90.61
38	19	-87.62
38	22	-83.45
38	23	-94.36
38	25	-90.03
38	26	-92.70
38	28	-70.32
38	29	-80.33
38	30	-90.30
38	32	-93.26
38	33	-87.29
38	34	-80.08
38	35	-78.70
38	36	-80.37
38	39	-93.19
38	43	-93.67
38	44	-91.29
38	46	-78.94
38	47	-67.54
38	49	-84.48
38	51	-92.13
38	52	-75.23
38	53	-90.79
38	55	-70.80
38	57	-88.15
38	59	-94.08
38	60	-94.72
38	63	-87.12
38	65	-87.15
38	67	-84.64
38	68	-92.61
38	69	-90.01
39	1	-76.02
39	6	-93.03
39	7	-94.81
39	17	-91.81
39	18	-92.96
39	24	-93.28
39	26	-93.21
39	29	-87.88
39	30	-94.55
39	32	-85.05
39	34	-85.90
39	36	-87.88
39	38	-93.19
39	44	-63.90
39	46	-91.64
39	47	-92.92
39	52	-88.37
39	59	-88.08
40	1	-92.65
40	3	-81.35
40	4	-92.58
40	9	-81.85
40	10	-89.43
40	13	-94.71
40	14	-70.98
40	16	-94.84
40	17	-77.98
40	18	-81.57
40	20	-86.79
40	21	-77.22
40	23	-86.25
40	24	-78.62
40	26	-76.99
40	27	-94.18
40	29	-92.66
40	30	-82.80
40	31	-91.08
40	32	-87.93
40	41	-88.90
40	42	-73.69
40	43	-81.58
40	45	-79.65
40	46	-91.83
40	50	-61.98
40	54	-59.34
40	56	-81.33
40	59	-85.04
40	61	-93.66
40	63	-93.76
40	66	-86.81
40	70	-86.34
41	3	-90.51
41	9	-75.89
41	14	-90.29
41	17	-94.10
41	20	-82.59
41	21	-89.30
41	23	-93.99
41	24	-92.37
41	26	-94.06
41	31	-92.88
41	40	-88.90
41	42	-87.62
41	43	-93.16
41	45	-86.25
41	50	-88.76
41	54	-89.76
41	56	-76.60
41	66	-90.87
41	70	-90.27
42	1	-92.74
42	3	-87.53
42	9	-81.87
42	10	-93.49
42	14	-82.27
42	17	-81.05
42	18	-86.89
42	20	-89.06
42	21	-84.89
42	23	-91.17
42	24	-74.26
42	26	-83.45
42	29	-94.78
42	30	-88.39
42	31	-94.20
42	32	-88.25
42	40	-73.69
42	41	-87.62
42	43	-88.11
42	45	-85.08
42	46	-94.58
42	50	-66.11
42	54	-70.74
42	56	-78.97
42	59	-85.27
42	66	-90.97
42	70	-90.52
43	1	-94.80
43	3	-70.47
43	4	-83.84
43	5	-92.72
43	8	-94.92
43	9	-88.25
43	10	-78.46
43	13	-88.19
43	14	-72.59
43	15	-88.47
43	16	-90.39
43	17	-85.29
43	18	-79.24
43	20	-87.25
43	21	-72.51
43	22	-89.62
43	23	-69.71
43	24	-88.97
43	25	-94.85
43	26	-80.11
43	27	-87.68
43	29	-90.77
43	30	-74.55
43	31	-85.29
43	32	-91.38
43	33	-94.36
43	34	-94.55
43	38	-93.67
43	40	-81.58
43	41	-93.16
43	42	-88.11
43	45	-79.86
43	46	-88.07
43	50	-84.76
43	52	-93.71
43	54	-83.62
43	55	-92.03
43	56	-89.34
43	59	-89.91
43	61	-87.57
43	63	-86.54
43	64	-90.99
43	66	-79.62
43	67	-92.93
43	69	-93.41
43	70	-79.80
44	1	-74.66
44	6	-91.35
44	7	-93.57
44	17	-90.58
44	18	-91.34
44	24	-92.59
44	26	-91.82
44	28	-94.12
44	29	-84.90
44	30	-93.03
44	32	-83.54
44	34	-82.70
44	36	-85.59
44	38	-91.29
44	39	-63.90
44	46	-89.42
44	47	-91.14
44	52	-85.64
44	54	-94.70
44	55	-93.67
44	59	-86.86
45	3	-71.05
45	4	-89.24
45	9	-78.09
45	10	-88.86
45	13	-94.26
45	14	-75.43
45	15	-92.09
45	16	-89.26
45	17	-88.23
45	18	-87.39
45	20	-75.40
45	21	-67.38
45	23	-81.55
45	24	-89.02
45	26	-86.02
45	27	-89.61
45	30	-86.33
45	31	-83.53
45	32	-94.00
45	40	-79.65
45	41	-86.25
45	42	-85.08
45	43	-79.86
45	46	-94.23
45	50	-82.65
45	54	-82.74
45	56	-81.43
45	59	-92.30
45	61	-88.33
45	63	-93.18
45	64	-93.71
45	66	-76.09
45	70	-74.55
46	1	-89.82
46	3	-91.75
46	4	-91.35
46	5	-94.79
46	6	-85.54
46	7	-90.60
46	8	-91.57
46	10	-83.43
46	13	-84.74
46	14	-90.26
46	15	-93.64
46	17	-88.14
46	18	-82.22
46	19	-92.56
46	21	-91.84
46	22	-83.24
46	23	-89.81
46	24	-92.53
46	25	-91.85
46	26	-85.80
46	28	-84.42
46	29	-70.98
46	30	-82.00
46	32	-88.32
46	33	-89.90
46	34	-81.17
46	35	-86.62
46	36	-85.35
46	38	-78.94
46	39	-91.64
46	40	-91.83
46	42	-94.58
46	43	-88.07
46	44	-89.42
46	45	-94.23
46	47	-83.61
46	49	-89.91
46	50	-92.70
46	51	-94.72
46	52	-77.98
46	54	-91.73
46	55	-78.91
46	57	-93.83
46	59	-88.90
46	63	-84.45
46	65	-90.39
46	66	-94.12
46	67	-87.27
46	69	-91.04
46	70	-94.29
47	1	-93.65
47	6	-56.73
47	7	-77.03
47	8	-91.23
47	10	-92.09
47	11	-94.32
47	13	-89.51
47	18	-92.81
47	19	-87.93
47	22	-87.17
47	25	-91.73
47	26	-94.56
47	28	-72.20
47	29	-83.06
47	30	-92.74
47	32	-94.27
47	33	-89.30
47	34	-79.70
47	35	-80.84
47	36	-76.78
47	38	-67.54
47	39	-92.92
47	44	-91.14
47	46	-83.61
47	49	-85.66
47	51	-93.06
47	52	-76.20
47	53	-90.39
47	55	-78.49
47	57	-87.03
47	60	-94.19
47	63	-90.26
47	65	-88.90
47	67	-87.38
47	68	-91.34
47	69	-91.99
48	2	-87.71
48	4	-92.44
48	5	-86.21
48	8	-94.51
48	12	-82.43
48	15	-89.07
48	16	-91.92
48	25	-94.04
48	27	-90.19
48	31	-94.55
48	37	-84.58
48	58	-81.14
48	61	-91.34
48	62	-85.35
48	64	-86.02
48	69	-93.32
49	2	-89.83
49	4	-93.63
49	5	-91.72
49	6	-86.40
49	7	-88.13
49	8	-78.06
49	10	-91.49
49	11	-89.78
49	13	-84.90
49	15	-93.77
49	19	-67.76
49	22	-82.19
49	25	-79.44
49	28	-78.68
49	29	-92.03
49	30	-94.84
49	33	-74.26
49	34	-92.35
49	35	-68.68
49	36	-91.83
49	37	-91.90
49	38	-84.48
49	46	-89.91
49	47	-85.66
49	51	-80.08
49	52	-90.52
49	53	-79.84
49	55	-81.01
49	57	-79.56
49	58	-94.50
49	60	-87.43
49	62	-91.68
49	63	-86.75
49	64	-94.59
49	65	-70.47
49	67	-75.11
49	68	-87.25
49	69	-81.96
50	1	-92.08
50	3	-84.59
50	4	-94.18
50	9	-82.28
50	10	-91.20
50	14	-77.09
50	17	-77.36
50	18	-83.36
50	20	-88.20
50	21	-81.35
50	23	-88.66
50	24	-74.49
50	26	-78.91
50	29	-93.17
50	30	-85.05
50	31	-92.72
50	32	-87.15
50	40	-61.98
50	41	-88.76
50	42	-66.11
50	43	-84.76
50	45	-82.65
50	46	-92.70
50	54	-53.53
50	56	-80.78
50	59	-83.93
50	66	-89.01
50	70	-88.57
51	2	-82.37
51	4	-93.60
51	5	-88.65
51	6	-93.52
51	7	-94.36
51	8	-73.80
51	10	-93.67
51	11	-90.71
51	13	-87.85
51	15	-92.63
51	19	-78.70
51	22	-87.14
51	25	-74.16
51	28	-89.27
51	33	-77.09
51	35	-85.17
51	37	-85.95
51	38	-92.13
51	46	-94.72
51	47	-93.06
51	49	-80.08
51	53	-82.64
51	55	-89.47
51	57	-86.47
51	58	-89.17
51	60	-86.94
51	62	-85.27
51	63	-89.28
51	64	-92.74
51	65	-75.43
51	67	-81.96
51	68	-90.20
51	69	-79.32
52	1	-88.69
52	6	-78.09
52	7	-85.22
52	8	-93.81
52	10	-90.79
52	13	-90.27
52	14	-94.87
52	17	-91.83
52	18	-89.05
52	19	-92.60
52	22	-88.54
52	25	-94.17
52	26	-91.02
52	28	-82.64
52	29	-71.43
52	30	-89.63
52	32	-89.55
52	33	-92.22
52	34	-62.82
52	35	-87.01
52	36	-72.33
52	38	-75.23
52	39	-88.37
52	43	-93.71
52	44	-85.64
52	46	-77.98
52	47	-76.20
52	49	-90.52
52	53	-94.73
52	55	-82.04
52	57	-92.49
52	59	-90.99
52	63	-90.50
52	65	-92.23
52	67	-90.24
52	69	-93.96
53	2	-92.43
53	6	-90.30
53	7	-89.45
53	8	-86.38
53	11	-80.20
53	13	-92.39
53	19	-72.00
53	22	-90.97
53	25	-87.02
53	28	-86.86
53	33	-85.79
53	35	-84.01
53	36	-94.84
53	37	-94.32
53	38	-90.79
53	47	-90.39
53	49	-79.84
53	51	-82.64
53	52	-94.73
53	55	-89.83
53	57	-70.80
53	60	-74.86
53	62	-93.93
53	63	-93.53
53	65	-83.88
53	67	-87.30
53	68	-77.44
53	69	-89.24
54	1	-91.46
54	3	-84.00
54	4	-93.64
54	9	-83.58
54	10	-90.29
54	14	-75.53
54	17	-74.93
54	18	-81.46
54	20	-88.61
54	21	-80.73
54	23	-87.93
54	24	-74.29
54	26	-76.24
54	29	-92.26
54	30	-83.45
54	31	-92.54
54	32	-86.25
54	40	-59.34
54	41	-89.76
54	42	-70.74
54	43	-83.62
54	44	-94.70
54	45	-82.74
54	46	-91.73
54	50	-53.53
54	56	-82.51
54	59	-82.85
54	61	-94.85
54	63	-94.34
54	66	-88.75
54	70	-88.35
55	1	-94.80
55	2	-93.50
55	3	-94.79
55	4	-91.51
55	5	-92.69
55	6	-81.14
55	7	-86.90
55	8	-85.54
55	10	-86.05
55	13	-80.59
55	14	-94.50
55	15	-92.91
55	17	-94.07
55	18	-89.96
55	19	-85.57
55	22	-75.89
55	23	-92.33
55	25	-86.15
55	26	-92.25
55	28	-72.07
55	29	-83.34
55	30	-89.00
55	32	-94.22
55	33	-82.59
55	34	-85.37
55	35	-74.11
55	36	-86.25
55	37	-94.77
55	38	-70.80
55	43	-92.03
55	44	-93.67
55	46	-78.91
55	47	-78.49
55	49	-81.01
55	51	-89.47
55	52	-82.04
55	53	-89.83
55	57	-87.99
55	59	-94.69
55	60	-94.14
55	62	-94.81
55	63	-82.03
55	64	-94.41
55	65	-82.83
55	67	-78.33
55	68	-92.83
55	69	-85.84
56	3	-86.70
56	9	-63.30
56	10	-94.83
56	14	-84.64
56	17	-89.10
56	18	-91.33
56	20	-82.43
56	21	-84.40
56	23	-91.17
56	24	-86.72
56	26	-89.26
56	30	-91.64
56	31	-91.94
56	32	-94.13
56	40	-81.33
56	41	-76.60
56	42	-78.97
56	43	-89.34
56	45	-81.43
56	50	-80.78
56	54	-82.51
56	59	-92.22
56	61	-95.00
56	66	-88.76
56	70	-88.08
57	2	-94.41
57	6	-86.64
57	7	-84.96
57	8	-88.08
57	11	-81.86
57	13	-92.29
57	19	-74.88
57	22	-90.56
57	25	-88.74
57	28	-83.45
57	29	-94.69
57	33	-86.86
57	34	-93.76
57	35	-81.69
57	36	-92.22
57	38	-88.15
57	46	-93.83
57	47	-87.03
57	49	-79.56
57	51	-86.47
57	52	-92.49
57	53	-70.80
57	55	-87.99
57	60	-80.85
57	63	-93.39
57	65	-85.18
57	67	-87.42
57	68	-75.18
57	69	-90.47
58	2	-76.17
58	4	-92.37
58	5	-82.99
58	8	-89.30
58	12	-90.24
58	13	-93.04
58	15	-89.25
58	19	-94.71
58	22	-93.94
58	25	-88.66
58	27	-92.22
58	33	-91.18
58	37	-69.97
58	48	-81.14
58	49	-94.50
58	51	-89.17
58	61	-93.72
58	62	-69.97
58	63	-93.39
58	64	-87.06
58	65	-91.73
58	67	-92.70
58	69	-88.39
59	1	-80.11
59	3	-91.85
59	9	-93.06
59	10	-92.33
59	14	-87.55
59	17	-72.40
59	18	-82.14
59	21	-90.50
59	23	-93.01
59	24	-76.85
59	26	-79.84
59	29	-87.27
59	30	-85.90
59	32	-64.36
59	34	-90.43
59	36	-93.39
59	38	-94.08
59	39	-88.08
59	40	-85.04
59	42	-85.27
59	43	-89.91
59	44	-86.86
59	45	-92.30
59	46	-88.90
59	50	-83.93
59	52	-90.99
59	54	-82.85
59	55	-94.69
59	56	-92.22
59	66	-94.98
59	70	-94.84
60	2	-94.41
60	6	-93.97
60	7	-92.65
60	8	-90.83
60	11	-71.07
60	19	-83.25
60	22	-94.90
60	25	-91.21
60	28	-91.85
60	33	-90.78
60	35	-90.08
60	38	-94.72
60	47	-94.19
60	49	-87.43
60	51	-86.94
60	53	-74.86
60	55	-94.14
60	57	-80.85
60	65	-89.49
60	67	-92.11
60	68	-76.67
60	69	-93.00
61	2	-93.48
61	3	-85.78
61	4	-78.84
61	5	-86.74
61	8	-94.72
61	9	-93.50
61	10	-88.21
61	12	-83.88
61	13	-91.05
61	14	-90.63
61	15	-78.82
61	16	-70.98
61	18	-93.77
61	20	-88.64
61	21	-88.20
61	22	-92.94
61	23	-82.91
61	25	-94.41
61	26	-94.25
61	27	-62.57
61	30	-91.89
61	31	-71.91
61	37	-92.50
61	40	-93.66
61	43	-87.57
61	45	-88.33
61	48	-91.34
61	54	-94.85
61	56	-95.00
61	58	-93.72
61	62	-93.17
61	63	-90.01
61	64	-80.08
61	66	-80.40
61	67	-94.62
61	69	-92.81
61	70	-81.43
62	2	-61.48
62	4	-90.67
62	5	-79.44
62	8	-84.99
62	10	-93.95
62	12	-91.35
62	13	-90.19
62	15	-87.55
62	19	-92.06
62	22	-91.14
62	25	-84.12
62	27	-91.46
62	33	-87.48
62	35	-93.53
62	37	-49.41
62	48	-85.35
62	49	-91.68
62	51	-85.27
62	53	-93.93
62	55	-94.81
62	58	-69.97
62	61	-93.17
62	63	-90.75
62	64	-85.83
62	65	-88.19
62	67	-89.44
62	69	-83.83
63	2	-89.51
63	3	-89.74
63	4	-81.22
63	5	-85.25
63	6	-91.51
63	7	-94.56
63	8	-83.35
63	10	-74.60
63	12	-94.97
63	13	-56.73
63	14	-90.94
63	15	-84.01
63	16	-93.38
63	17	-93.35
63	18	-88.30
63	19	-89.93
63	21	-90.99
63	22	-69.10
63	23	-85.07
63	25	-83.32
63	26	-90.62
63	27	-88.32
63	28	-87.39
63	29	-89.16
63	30	-85.69
63	31	-91.45
63	33	-81.94
63	34	-92.31
63	35	-85.55
63	36	-93.66
63	37	-90.40
63	38	-87.12
63	40	-93.76
63	43	-86.54
63	45	-93.18
63	46	-84.45
63	47	-90.26
63	49	-86.75
63	51	-89.28
63	52	-90.50
63	53	-93.53
63	54	-94.34
63	55	-82.03
63	57	-93.39
63	58	-93.39
63	61	-90.01
63	62	-90.75
63	64	-86.93
63	65	-83.88
63	66	-90.66
63	67	-78.62
63	69	-80.25
63	70	-91.13
64	2	-86.38
64	3	-91.16
64	4	-77.85
64	5	-73.13
64	8	-89.76
64	10	-88.11
64	12	-83.06
64	13	-87.55
64	14	-94.22
64	15	-65.50
64	16	-84.89
64	20	-94.69
64	21	-92.90
64	22	-89.82
64	23	-87.48
64	25	-89.20
64	27	-75.36
64	30	-93.41
64	31	-86.25
64	33	-90.66
64	37	-84.69
64	43	-90.99
64	45	-93.71
64	48	-86.02
64	49	-94.59
64	51	-92.74
64	55	-94.41
64	58	-87.06
64	61	-80.08
64	62	-85.83
64	63	-86.93
64	65	-91.81
64	66	-88.98
64	67	-90.78
64	69	-87.10
64	70	-89.63
65	2	-85.82
65	4	-91.21
65	5	-88.08
65	6	-89.73
65	7	-91.61
65	8	-65.46
65	10	-89.85
65	11	-92.09
65	13	-81.57
65	15	-90.99
65	19	-76.20
65	22	-79.46
65	23	-94.35
65	25	-68.57
65	27	-94.56
65	28	-83.57
65	29	-92.97
65	30	-94.20
65	33	-55.98
65	34	-93.94
65	35	-76.96
65	36	-93.91
65	37	-88.41
65	38	-87.15
65	46	-90.39
65	47	-88.90
65	49	-70.47
65	51	-75.43
65	52	-92.23
65	53	-83.88
65	55	-82.83
65	57	-85.18
65	58	-91.73
65	60	-89.49
65	62	-88.19
65	63	-83.88
65	64	-91.81
65	67	-68.26
65	68	-90.50
65	69	-73.65
66	3	-71.63
66	4	-83.41
66	5	-92.29
66	9	-86.53
66	10	-86.38
66	12	-92.03
66	13	-91.92
66	14	-82.17
66	15	-86.94
66	16	-82.74
66	17	-91.69
66	18	-89.24
66	20	-79.90
66	21	-76.67
66	22	-93.47
66	23	-75.37
66	24	-93.19
66	26	-89.12
66	27	-82.60
66	30	-87.24
66	31	-71.63
66	40	-86.81
66	41	-90.87
66	42	-90.97
66	43	-79.62
66	45	-76.09
66	46	-94.12
66	50	-89.01
66	54	-88.75
66	56	-88.76
66	59	-94.98
66	61	-80.40
66	63	-90.66
66	64	-88.98
66	70	-45.20
67	2	-87.45
67	4	-89.05
67	5	-87.48
67	6	-88.57
67	7	-91.33
67	8	-72.46
67	10	-86.45
67	11	-94.08
67	13	-75.11
67	15	-89.45
67	18	-93.07
67	19	-81.28
67	22	-70.74
67	23	-92.14
67	25	-73.80
67	26	-94.92
67	27	-93.19
67	28	-81.82
67	29	-90.63
67	30	-91.64
67	33	-64.36
67	34	-92.21
67	35	-75.65
67	36	-92.58
67	37	-89.45
67	38	-84.64
67	43	-92.93
67	46	-87.27
67	47	-87.38
67	49	-75.11
67	51	-81.96
67	52	-90.24
67	53	-87.30
67	55	-78.33
67	57	-87.42
67	58	-92.70
67	60	-92.11
67	61	-94.62
67	62	-89.44
67	63	-78.62
67	64	-90.78
67	65	-68.26
67	68	-92.36
67	69	-73.51
68	6	-90.76
68	7	-88.08
68	8	-92.36
68	11	-70.92
68	19	-83.92
68	22	-94.76
68	25	-92.81
68	28	-89.51
68	33	-91.73
68	35	-88.73
68	36	-94.88
68	38	-92.61
68	47	-91.34
68	49	-87.25
68	51	-90.20
68	53	-77.44
68	55	-92.83
68	57	-75.18
68	60	-76.67
68	65	-90.50
68	67	-92.36
68	69	-94.26
69	2	-80.93
69	4	-87.11
69	5	-81.61
69	6	-92.85
69	7	-94.82
69	8	-64.93
69	10	-87.48
69	12	-94.84
69	13	-77.92
69	15	-86.17
69	18	-94.72
69	19	-84.77
69	22	-78.62
69	23	-91.92
69	25	-62.57
69	27	-91.02
69	28	-88.14
69	29	-93.94
69	30	-93.16
69	31	-94.93
69	33	-69.40
69	35	-84.16
69	37	-83.78
69	38	-90.01
69	43	-93.41
69	46	-91.04
69	47	-91.99
69	48	-93.32
69	49	-81.96
69	51	-79.32
69	52	-93.96
69	53	-89.24
69	55	-85.84
69	57	-90.47
69	58	-88.39
69	60	-93.00
69	61	-92.81
69	62	-83.83
69	63	-80.25
69	64	-87.10
69	65	-73.65
69	67	-73.51
69	68	-94.26
70	3	-71.07
70	4	-84.34
70	5	-92.81
70	9	-85.72
70	10	-86.88
70	12	-92.44
70	13	-92.35
70	14	-81.73
70	15	-87.70
70	16	-83.32
70	17	-91.50
70	18	-89.24
70	20	-78.66
70	21	-75.86
70	22	-93.83
70	23	-76.38
70	24	-92.90
70	26	-88.98
70	27	-83.57
70	30	-87.34
70	31	-72.97
70	40	-86.34
70	41	-90.27
70	42	-90.52
70	43	-79.80
70	45	-74.55
70	46	-94.29
70	50	-88.57
70	54	-88.35
70	56	-88.08
70	59	-94.84
70	61	-81.43
70	63	-91.13
70	64	-89.63
70	66	-45.20
