1	4	-89.59
1	9	-92.70
1	10	-91.50
1	11	-94.74
1	15	-89.73
1	17	-94.64
1	18	-76.54
1	19	-75.70
1	20	-86.04
1	21	-75.40
1	23	-93.26
1	26	-92.54
1	27	-90.19
1	29	-80.11
1	30	-76.69
1	32	-85.57
1	35	-91.00
1	37	-94.32
1	40	-78.20
1	41	-79.07
1	44	-89.40
1	46	-87.48
1	48	-87.25
1	49	-82.17
1	53	-88.39
1	54	-64.75
1	55	-87.93
1	57	-88.16
1	59	-67.38
1	61	-88.91
1	64	-74.16
1	65	-88.50
1	68	-93.32
1	69	-74.88
1	70	-89.45
1	72	-81.05
1	73	-80.73
1	76	-94.70
1	79	-89.20
1	82	-88.38
1	83	-92.67
1	84	-90.00
1	85	-79.75
1	86	-90.13
1	89	-78.05
1	90	-84.66
1	92	-84.42
1	93	-88.30
1	94	-81.73
1	96	-91.36
1	99	-77.91
2	5	-91.43
2	7	-60.53
2	8	-93.05
2	9	-93.50
2	10	-92.07
2	11	-90.03
2	13	-90.03
2	16	-67.51
2	17	-93.45
2	23	-91.46
2	24	-90.20
2	25	-89.50
2	28	-92.16
2	34	-72.95
2	36	-89.02
2	37	-90.71
2	38	-86.60
2	43	-83.38
2	45	-86.89
2	47	-94.89
2	48	-94.55
2	52	-79.32
2	53	-94.21
2	56	-61.48
2	60	-86.36
2	62	-93.34
2	63	-93.81
2	66	-74.66
2	71	-62.82
2	75	-79.24
2	78	-74.44
2	80	-84.19
2	81	-89.93
2	88	-88.98
2	91	-89.86
2	96	-93.66
2	97	-89.56
3	6	-77.26
3	8	-84.96
3	9	-93.26
3	12	-91.92
3	13	-87.17
3	22	-94.70
3	23	-93.87
3	26	-93.38
3	28	-78.66
3	31	-85.37
3	33	-84.26
3	37	-92.91
3	38	-87.55
3	39	-93.03
3	42	-93.42
3	43	-94.18
3	45	-88.11
3	47	-87.85
3	50	-85.60
3	51	-94.16
3	58	-89.65
3	62	-86.51
3	63	-72.70
3	75	-93.07
3	78	-94.29
3	80	-91.10
3	87	-81.96
3	91	-88.61
3	95	-67.28
4	1	-89.59
4	9	-69.33
4	10	-86.54
4	11	-90.73
4	12	-92.41
4	13	-86.64
4	15	-40.23
4	16	-94.13
4	17	-93.33
4	18	-85.18
4	19	-93.91
4	20	-71.21
4	21	-86.25
4	22	-93.86
4	23	-74.36
4	26	-79.24
4	27	-83.07
4	28	-94.45
4	30	-88.07
4	31	-94.42
4	32	-80.08
4	33	-94.55
4	35	-91.73
4	36	-90.57
4	37	-77.48
4	38	-90.78
4	39	-91.51
4	40	-94.87
4	41	-94.98
4	42	-93.93
4	43	-86.90
4	44	-91.04
4	45	-89.36
4	46	-72.59
4	48	-78.70
4	49	-76.60
4	50	-93.67
4	51	-91.83
4	52	-91.74
4	53	-71.81
4	54	-88.44
4	55	-89.15
4	57	-88.38
4	58	-81.64
4	59	-88.57
4	61	-82.76
4	62	-84.74
4	63	-93.72
4	64	-93.74
4	65	-67.38
4	66	-91.82
4	68	-94.23
4	69	-84.09
4	70	-87.47
4	71	-94.26
4	72	-89.95
4	74	-93.23
4	75	-90.27
4	76	-91.72
4	77	-94.96
4	79	-84.70
4	81	-92.36
4	82	-68.26
4	83	-93.91
4	84	-85.66
4	85	-84.01
4	86	-83.61
4	89	-89.03
4	90	-94.24
4	91	-85.06
4	92	-73.80
4	93	-85.64
4	94	-86.57
4	96	-89.37
4	97	-93.49
4	99	-85.48
5	2	-91.43
5	7	-89.73
5	10	-84.26
5	11	-76.35
5	16	-88.50
5	17	-73.00
5	21	-94.04
5	23	-93.59
5	24	-78.84
5	25	-83.27
5	34	-89.17
5	36	-77.22
5	37	-93.95
5	43	-91.05
5	48	-90.81
5	52	-84.99
5	53	-92.34
5	56	-91.63
5	60	-77.69
5	66	-88.16
5	68	-81.28
5	71	-92.44
5	75	-92.74
5	81	-70.80
5	83	-82.51
5	85	-92.99
5	88	-74.55
5	90	-93.97
5	92	-94.17
5	96	-82.32
5	97	-65.83
5	99	-93.36
6	3	-77.26
6	8	-76.24
6	13	-90.17
6	28	-78.37
6	31	-91.68
6	33	-90.95
6	38	-88.51
6	45	-89.61
6	47	-79.12
6	50	-91.91
6	58	-94.00
6	62	-91.00
6	63	-78.99
6	71	-94.81
6	75	-93.52
6	78	-93.01
6	80	-88.70
6	87	-64.75
6	91	-91.43
6	95	-68.46
7	2	-60.53
7	5	-89.73
7	8	-94.42
7	9	-93.56
7	10	-91.04
7	11	-88.48
7	13	-90.84
7	16	-57.79
7	17	-92.12
7	23	-91.42
7	24	-88.30
7	25	-87.61
7	28	-93.41
7	34	-68.03
7	36	-87.38
7	37	-90.81
7	38	-88.07
7	43	-83.43
7	45	-88.13
7	48	-93.99
7	52	-76.32
7	53	-93.81
7	56	-64.41
7	60	-83.78
7	62	-93.91
7	63	-94.85
7	66	-72.33
7	71	-70.47
7	75	-80.66
7	78	-79.04
7	80	-86.68
7	81	-88.22
7	88	-86.86
7	91	-90.54
7	96	-92.58
7	97	-87.71
8	2	-93.05
8	3	-84.96
8	6	-76.24
8	7	-94.42
8	13	-89.62
8	16	-94.85
8	28	-77.66
8	33	-94.50
8	37	-94.76
8	38	-86.04
8	43	-93.52
8	45	-87.71
8	47	-69.87
8	56	-93.82
8	62	-91.68
8	63	-82.13
8	66	-94.65
8	71	-91.50
8	75	-90.98
8	78	-88.66
8	80	-82.13
8	87	-70.03
8	91	-90.84
8	95	-81.98
9	1	-92.70
9	2	-93.50
9	3	-93.26
9	4	-69.33
9	7	-93.56
9	10	-87.71
9	11	-91.03
9	12	-91.77
9	13	-81.57
9	15	-69.00
9	16	-92.66
9	17	-94.04
9	18	-89.17
9	20	-79.79
9	21	-89.86
9	22	-93.72
9	23	-66.11
9	26	-79.52
9	27	-85.43
9	28	-91.73
9	30	-91.36
9	31	-92.94
9	32	-84.71
9	33	-93.00
9	35	-93.47
9	36	-90.66
9	37	-68.68
9	38	-87.26
9	39	-91.16
9	42	-93.53
9	43	-83.83
9	44	-93.04
9	45	-85.43
9	46	-79.53
9	48	-82.74
9	49	-83.34
9	50	-92.16
9	51	-91.73
9	52	-90.50
9	53	-77.72
9	54	-91.79
9	55	-91.50
9	56	-94.93
9	57	-90.77
9	58	-77.62
9	59	-91.87
9	61	-85.69
9	62	-79.24
9	63	-90.92
9	65	-76.28
9	66	-90.11
9	69	-88.44
9	70	-89.70
9	71	-92.30
9	72	-92.75
9	74	-93.43
9	75	-87.39
9	76	-92.59
9	78	-93.83
9	79	-87.27
9	80	-94.18
9	81	-92.55
9	82	-76.78
9	84	-87.89
9	85	-87.99
9	86	-85.96
9	89	-92.09
9	91	-79.29
9	92	-81.35
9	93	-88.33
9	94	-89.96
9	96	-90.67
9	97	-93.56
9	99	-89.17
10	1	-91.50
10	2	-92.07
10	4	-86.54
10	5	-84.26
10	7	-91.04
10	9	-87.71
10	11	-72.95
10	13	-92.26
10	15	-87.09
10	16	-89.56
10	17	-79.42
10	18	-91.78
10	19	-93.61
10	20	-88.71
10	21	-85.88
10	23	-85.15
10	24	-91.02
10	25	-92.70
10	26	-93.28
10	27	-94.45
10	30	-93.61
10	32	-91.99
10	34	-92.27
10	36	-73.97
10	37	-86.39
10	38	-93.47
10	40	-94.93
10	43	-85.83
10	45	-92.50
10	46	-90.16
10	48	-76.46
10	49	-86.72
10	52	-84.70
10	53	-80.45
10	54	-92.15
10	56	-93.12
10	58	-93.47
10	59	-92.53
10	60	-88.47
10	61	-94.04
10	62	-93.20
10	64	-94.84
10	65	-89.36
10	66	-87.09
10	68	-82.93
10	69	-90.26
10	71	-92.03
10	75	-89.71
10	78	-94.72
10	79	-94.89
10	81	-77.86
10	82	-89.49
10	83	-82.66
10	85	-83.29
10	86	-94.66
10	88	-88.81
10	89	-94.38
10	90	-90.11
10	91	-91.12
10	92	-84.26
10	94	-93.88
10	96	-67.64
10	97	-81.01
10	99	-84.48
11	1	-94.74
11	2	-90.03
11	4	-90.73
11	5	-76.35
11	7	-88.48
11	9	-91.03
11	10	-72.95
11	13	-93.52
11	15	-91.13
11	16	-86.76
11	17	-73.36
11	20	-92.70
11	21	-90.45
11	23	-88.61
11	24	-86.25
11	25	-88.56
11	34	-89.26
11	36	-51.76
11	37	-89.24
11	38	-93.89
11	43	-86.28
11	45	-93.14
11	46	-93.75
11	48	-84.69
11	49	-91.35
11	52	-80.91
11	53	-86.74
11	56	-90.88
11	60	-82.74
11	62	-94.93
11	65	-93.05
11	66	-84.76
11	68	-81.68
11	69	-93.99
11	71	-90.51
11	75	-89.37
11	78	-93.60
11	81	-60.53
11	82	-93.16
11	83	-82.13
11	85	-88.76
11	88	-83.06
11	90	-92.37
11	91	-92.60
11	92	-89.58
11	96	-73.51
11	97	-69.00
11	99	-89.48
12	3	-91.92
12	4	-92.41
12	9	-91.77
12	13	-92.98
12	14	-83.61
12	15	-92.03
12	18	-94.86
12	20	-92.20
12	22	-70.14
12	23	-93.87
12	26	-85.20
12	27	-86.47
12	31	-79.52
12	32	-90.97
12	33	-81.05
12	35	-90.08
12	37	-93.75
12	39	-60.86
12	42	-63.90
12	44	-91.08
12	46	-90.73
12	49	-94.66
12	50	-78.05
12	51	-68.09
12	55	-90.85
12	57	-90.17
12	58	-85.62
12	61	-87.97
12	62	-89.51
12	63	-93.05
12	65	-90.79
12	67	-83.93
12	70	-88.32
12	74	-75.70
12	76	-82.66
12	77	-81.78
12	79	-87.76
12	82	-90.75
12	84	-86.95
12	86	-86.53
12	91	-93.08
12	93	-88.91
12	94	-93.38
12	95	-94.19
12	98	-77.36
12	100	-82.61
13	2	-90.03
13	3	-87.17
13	4	-86.64
13	6	-90.17
13	7	-90.84
13	8	-89.62
13	9	-81.57
13	10	-92.26
13	11	-93.52
13	12	-92.98
13	15	-86.54
13	16	-90.32
13	20	-90.56
13	23	-80.93
13	26	-87.66
13	27	-92.18
13	28	-82.33
13	31	-91.36
13	32	-92.78
13	33	-91.08
13	34	-93.50
13	36	-92.92
13	37	-78.09
13	38	-73.01
13	39	-93.12
13	42	-94.75
13	43	-81.28
13	45	-68.68
13	46	-90.17
13	47	-92.84
13	48	-90.96
13	49	-92.39
13	50	-90.75
13	51	-94.00
13	52	-89.81
13	53	-88.75
13	56	-91.83
13	58	-82.03
13	61	-92.68
13	62	-71.13
13	63	-81.85
13	65	-88.78
13	66	-88.00
13	71	-87.88
13	75	-81.17
13	78	-88.49
13	79	-93.56
13	80	-87.43
13	81	-94.52
13	82	-88.98
13	84	-93.78
13	85	-94.70
13	86	-92.51
13	87	-90.88
13	91	-55.98
13	92	-91.23
13	93	-94.42
13	95	-89.20
13	96	-94.62
14	12	-83.61
14	22	-77.96
14	26	-93.38
14	27	-92.54
14	31	-89.40
14	33	-90.20
14	35	-91.36
14	39	-83.80
14	42	-79.44
14	44	-92.72
14	50	-89.30
14	51	-82.69
14	55	-93.37
14	57	-93.10
14	58	-94.42
14	61	-93.32
14	67	-57.01
14	70	-92.09
14	74	-79.79
14	76	-85.49
14	77	-77.44
14	79	-92.70
14	84	-91.95
14	86	-92.41
14	93	-93.11
14	98	-69.69
14	100	-52.83
15	1	-89.73
15	4	-40.23
15	9	-69.00
15	10	-87.09
15	11	-91.13
15	12	-92.03
15	13	-86.54
15	16	-94.34
15	17	-93.68
15	18	-85.17
15	19	-94.05
15	20	-70.88
15	21	-86.61
15	22	-93.52
15	23	-74.84
15	26	-78.26
15	27	-82.45
15	28	-94.35
15	30	-88.02
15	31	-94.12
15	32	-79.65
15	33	-94.26
15	35	-91.47
15	36	-90.97
15	37	-77.72
15	38	-90.77
15	39	-91.11
15	40	-94.99
15	42	-93.59
15	43	-87.17
15	44	-90.79
15	45	-89.35
15	46	-71.70
15	48	-79.62
15	49	-76.99
15	50	-93.35
15	51	-91.43
15	52	-92.03
15	53	-73.30
15	54	-88.52
15	55	-88.88
15	57	-88.07
15	58	-80.95
15	59	-88.63
15	61	-82.19
15	62	-84.42
15	63	-93.57
15	64	-93.83
15	65	-65.83
15	66	-92.06
15	68	-94.55
15	69	-84.18
15	70	-87.09
15	71	-94.41
15	72	-89.85
15	74	-92.88
15	75	-90.43
15	76	-91.36
15	77	-94.66
15	79	-84.21
15	81	-92.72
15	82	-66.84
15	83	-94.24
15	84	-85.18
15	85	-84.49
15	86	-83.03
15	89	-88.97
15	90	-94.48
15	91	-84.98
15	92	-74.66
15	93	-85.23
15	94	-86.41
15	96	-89.83
15	97	-93.82
15	99	-85.89
16	2	-67.51
16	4	-94.13
16	5	-88.50
16	7	-57.79
16	8	-94.85
16	9	-92.66
16	10	-89.56
16	11	-86.76
16	13	-90.32
16	15	-94.34
16	17	-90.90
16	23	-90.32
16	24	-87.68
16	25	-87.32
16	28	-93.53
16	34	-71.41
16	36	-85.50
16	37	-89.74
16	38	-87.89
16	43	-81.66
16	45	-87.75
16	48	-92.84
16	52	-71.72
16	53	-92.70
16	56	-71.41
16	60	-82.61
16	62	-93.39
16	63	-94.84
16	66	-66.84
16	68	-94.16
16	71	-72.48
16	75	-79.65
16	78	-80.93
16	80	-87.61
16	81	-86.57
16	83	-94.45
16	88	-85.89
16	91	-89.88
16	96	-91.28
16	97	-86.11
17	1	-94.64
17	2	-93.45
17	4	-93.33
17	5	-73.00
17	7	-92.12
17	9	-94.04
17	10	-79.42
17	11	-73.36
17	15	-93.68
17	16	-90.90
17	20	-94.50
17	21	-90.55
17	23	-92.31
17	24	-86.14
17	25	-88.96
17	34	-92.23
17	36	-76.04
17	37	-92.94
17	43	-91.15
17	48	-87.48
17	49	-92.83
17	52	-87.09
17	53	-89.79
17	56	-93.93
17	60	-84.93
17	66	-89.83
17	68	-71.52
17	69	-94.72
17	71	-94.03
17	75	-93.41
17	81	-71.63
17	83	-73.30
17	85	-89.37
17	88	-83.65
17	90	-90.26
17	92	-91.49
17	96	-73.85
17	97	-73.65
17	99	-89.73
18	1	-76.54
18	4	-85.18
18	9	-89.17
18	10	-91.78
18	12	-94.86
18	15	-85.17
18	19	-85.96
18	20	-78.70
18	21	-80.45
18	22	-94.85
18	23	-90.56
18	26	-87.30
18	27	-83.23
18	29	-87.68
18	30	-64.36
18	32	-75.11
18	35	-85.82
18	37	-91.74
18	39	-93.59
18	40	-86.88
18	41	-85.67
18	44	-83.64
18	46	-80.08
18	48	-86.16
18	49	-75.94
18	51	-93.20
18	53	-85.88
18	54	-69.38
18	55	-80.73
18	57	-80.67
18	58	-91.41
18	59	-68.55
18	61	-81.07
18	62	-94.29
18	64	-83.88
18	65	-82.27
18	69	-59.54
18	70	-82.33
18	72	-73.97
18	73	-87.23
18	74	-93.43
18	76	-90.19
18	77	-94.16
18	79	-81.57
18	82	-82.00
18	83	-94.86
18	84	-82.94
18	85	-81.57
18	86	-83.11
18	89	-69.30
18	90	-90.52
18	91	-94.99
18	92	-80.45
18	93	-80.14
18	94	-67.51
18	96	-92.53
18	99	-81.42
19	1	-75.70
19	4	-93.91
19	10	-93.61
19	15	-94.05
19	18	-85.96
19	20	-91.61
19	21	-82.41
19	27	-94.59
19	29	-67.64
19	30	-85.33
19	32	-91.39
19	35	-94.53
19	40	-60.28
19	41	-74.86
19	44	-93.28
19	46	-92.66
19	48	-91.18
19	49	-88.88
19	53	-92.52
19	54	-80.63
19	55	-92.43
19	57	-92.72
19	59	-81.28
19	61	-93.65
19	64	-68.68
19	65	-93.33
19	68	-93.32
19	69	-85.22
19	70	-93.81
19	72	-87.14
19	73	-73.97
19	79	-93.80
19	82	-93.26
19	83	-92.65
19	84	-94.35
19	85	-85.52
19	86	-94.53
19	89	-85.66
19	90	-80.53
19	92	-90.03
19	93	-93.09
19	94	-88.54
19	96	-92.82
19	99	-83.93
20	1	-86.04
20	4	-71.21
20	9	-79.79
20	10	-88.71
20	11	-92.70
20	12	-92.20
20	13	-90.56
20	15	-70.88
20	17	-94.50
20	18	-78.70
20	19	-91.61
20	21	-83.65
20	22	-93.11
20	23	-82.79
20	26	-79.29
20	27	-78.82
20	29	-93.28
20	30	-82.89
20	32	-70.14
20	35	-88.50
20	36	-92.72
20	37	-84.61
20	38	-93.94
20	39	-90.98
20	40	-92.58
20	41	-92.35
20	42	-93.49
20	43	-90.96
20	44	-87.40
20	45	-92.82
20	46	-58.93
20	48	-80.91
20	49	-68.46
20	50	-94.43
20	51	-90.98
20	52	-94.44
20	53	-77.45
20	54	-83.99
20	55	-84.85
20	57	-83.93
20	58	-84.66
20	59	-84.03
20	61	-77.30
20	62	-88.54
20	64	-91.00
20	65	-62.12
20	66	-94.68
20	68	-94.80
20	69	-77.64
20	70	-83.24
20	72	-85.43
20	73	-93.27
20	74	-92.06
20	75	-93.62
20	76	-89.65
20	77	-93.60
20	79	-79.84
20	81	-94.14
20	82	-61.48
20	83	-94.40
20	84	-81.43
20	85	-81.99
20	86	-79.32
20	89	-84.21
20	90	-93.09
20	91	-89.45
20	92	-71.07
20	93	-80.53
20	94	-80.58
20	96	-90.66
20	99	-83.25
21	1	-75.40
21	4	-86.25
21	5	-94.04
21	9	-89.86
21	10	-85.88
21	11	-90.45
21	15	-86.61
21	17	-90.55
21	18	-80.45
21	19	-82.41
21	20	-83.65
21	23	-89.89
21	26	-91.57
21	27	-90.45
21	29	-86.48
21	30	-83.20
21	32	-85.70
21	35	-93.32
21	36	-90.96
21	37	-91.24
21	40	-84.94
21	41	-86.95
21	43	-93.97
21	44	-92.07
21	46	-85.89
21	48	-79.99
21	49	-77.57
21	53	-82.88
21	54	-78.27
21	55	-90.50
21	57	-90.40
21	58	-93.85
21	59	-79.42
21	61	-89.36
21	64	-84.04
21	65	-86.36
21	68	-89.26
21	69	-76.88
21	70	-91.02
21	72	-86.69
21	73	-87.62
21	79	-90.07
21	81	-91.86
21	82	-86.32
21	83	-88.45
21	84	-90.92
21	85	-62.12
21	86	-90.52
21	89	-84.59
21	90	-82.64
21	92	-78.46
21	93	-89.66
21	94	-85.33
21	96	-85.76
21	97	-93.10
21	99	-52.05
22	3	-94.70
22	4	-93.86
22	9	-93.72
22	12	-70.14
22	14	-77.96
22	15	-93.52
22	18	-94.85
22	20	-93.11
22	26	-87.49
22	27	-86.95
22	31	-84.86
22	32	-91.36
22	33	-85.98
22	35	-88.19
22	39	-68.26
22	42	-60.86
22	44	-89.59
22	46	-91.74
22	50	-84.12
22	51	-64.93
22	55	-89.80
22	57	-89.22
22	58	-89.00
22	61	-88.25
22	62	-92.51
22	65	-92.06
22	67	-77.69
22	70	-87.47
22	72	-94.42
22	74	-64.56
22	76	-78.85
22	77	-73.89
22	79	-87.64
22	82	-91.99
22	84	-86.65
22	86	-86.86
22	89	-94.98
22	93	-88.53
22	94	-93.06
22	98	-70.65
22	100	-77.16
23	1	-93.26
23	2	-91.46
23	3	-93.87
23	4	-74.36
23	5	-93.59
23	7	-91.42
23	9	-66.11
23	10	-85.15
23	11	-88.61
23	12	-93.87
23	13	-80.93
23	15	-74.84
23	16	-90.32
23	17	-92.31
23	18	-90.56
23	20	-82.79
23	21	-89.89
23	26	-84.26
23	27	-88.56
23	28	-91.58
23	30	-92.65
23	31	-94.52
23	32	-87.38
23	33	-94.51
23	34	-93.70
23	36	-88.09
23	37	-56.73
23	38	-85.92
23	39	-93.40
23	43	-79.39
23	44	-94.80
23	45	-83.88
23	46	-83.26
23	48	-81.17
23	49	-84.66
23	50	-93.85
23	51	-93.93
23	52	-87.63
23	53	-76.35
23	54	-92.66
23	55	-93.40
23	56	-93.07
23	57	-92.80
23	58	-82.29
23	59	-92.81
23	60	-94.04
23	61	-88.64
23	62	-81.25
23	63	-91.19
23	65	-80.85
23	66	-87.25
23	68	-93.99
23	69	-89.64
23	70	-91.99
23	71	-90.19
23	72	-94.10
23	75	-84.55
23	76	-94.66
23	78	-92.20
23	79	-89.95
23	80	-93.04
23	81	-90.34
23	82	-81.22
23	83	-93.81
23	84	-90.52
23	85	-87.81
23	86	-88.97
23	88	-94.99
23	89	-93.38
23	91	-78.20
23	92	-82.13
23	93	-90.76
23	94	-91.66
23	96	-88.77
23	97	-91.46
23	99	-89.06
24	2	-90.20
24	5	-78.84
24	7	-88.30
24	10	-91.02
24	11	-86.25
24	16	-87.68
24	17	-86.14
24	25	-65.07
24	34	-85.96
24	36	-86.05
24	43	-93.10
24	52	-86.71
24	56	-89.59
24	60	-71.13
24	66	-88.97
24	68	-89.76
24	71	-91.86
24	75	-93.66
24	78	-94.30
24	81	-83.76
24	83	-90.51
24	88	-63.58
24	96	-90.42
24	97	-81.20
25	2	-89.50
25	5	-83.27
25	7	-87.61
25	10	-92.70
25	11	-88.56
25	16	-87.32
25	17	-88.96
25	24	-65.07
25	34	-84.47
25	36	-88.23
25	43	-93.57
25	52	-87.38
25	56	-88.52
25	60	-74.00
25	66	-89.17
25	68	-92.09
25	71	-91.40
25	75	-93.74
25	78	-93.68
25	81	-86.58
25	83	-92.72
25	88	-72.48
25	96	-92.40
25	97	-84.55
26	1	-92.54
26	3	-93.38
26	4	-79.24
26	9	-79.52
26	10	-93.28
26	12	-85.20
26	13	-87.66
26	14	-93.38
26	15	-78.26
26	18	-87.30
26	20	-79.29
26	21	-91.57
26	22	-87.49
26	23	-84.26
26	27	-73.69
26	28	-93.88
26	30	-89.06
26	31	-89.43
26	32	-79.41
26	33	-89.80
26	35	-87.94
26	37	-84.79
26	38	-92.06
26	39	-83.59
26	42	-87.58
26	43	-91.61
26	44	-87.81
26	45	-90.96
26	46	-75.65
26	48	-88.77
26	49	-84.81
26	50	-88.33
26	51	-84.18
26	53	-85.90
26	54	-90.87
26	55	-85.98
26	57	-84.76
26	58	-73.23
26	59	-90.73
26	61	-76.09
26	62	-83.14
26	63	-92.41
26	65	-74.88
26	67	-93.06
26	69	-87.60
26	70	-82.33
26	72	-89.78
26	74	-86.71
26	75	-93.45
26	76	-85.33
26	77	-89.59
26	79	-78.35
26	82	-74.84
26	84	-78.70
26	85	-90.58
26	86	-74.83
26	89	-89.59
26	91	-86.89
26	92	-85.15
26	93	-80.86
26	94	-86.35
26	98	-91.21
26	99	-91.33
26	100	-93.17
27	1	-90.19
27	4	-83.07
27	9	-85.43
27	10	-94.45
27	12	-86.47
27	13	-92.18
27	14	-92.54
27	15	-82.45
27	18	-83.23
27	19	-94.59
27	20	-78.82
27	21	-90.45
27	22	-86.95
27	23	-88.56
27	26	-73.69
27	30	-84.67
27	31	-91.99
27	32	-72.40
27	33	-92.44
27	35	-81.57
27	37	-89.31
27	39	-84.18
27	41	-94.00
27	42	-87.88
27	43	-94.58
27	44	-81.14
27	45	-94.61
27	46	-75.11
27	48	-89.80
27	49	-83.76
27	50	-91.10
27	51	-83.69
27	53	-87.74
27	54	-87.81
27	55	-78.09
27	57	-75.89
27	58	-83.35
27	59	-87.48
27	61	-55.13
27	62	-89.11
27	64	-93.32
27	65	-77.44
27	67	-91.91
27	69	-84.49
27	70	-71.07
27	72	-84.89
27	73	-94.98
27	74	-84.96
27	76	-80.63
27	77	-87.29
27	79	-60.10
27	82	-77.06
27	84	-61.70
27	85	-89.95
27	86	-38.63
27	89	-85.08
27	91	-91.54
27	92	-85.37
27	93	-67.76
27	94	-80.34
27	98	-90.93
27	99	-90.47
27	100	-92.54
28	2	-92.16
28	3	-78.66
28	4	-94.45
28	6	-78.37
28	7	-93.41
28	8	-77.66
28	9	-91.73
28	13	-82.33
28	15	-94.35
28	16	-93.53
28	23	-91.58
28	26	-93.88
28	31	-91.24
28	33	-90.62
28	37	-90.29
28	38	-78.87
28	43	-89.99
28	45	-80.86
28	47	-84.03
28	50	-91.10
28	52	-94.44
28	56	-93.38
28	58	-90.01
28	62	-84.98
28	63	-66.45
28	66	-92.63
28	71	-90.22
28	75	-87.63
28	78	-88.44
28	80	-83.40
28	87	-79.41
28	91	-84.42
28	95	-78.80
29	1	-80.11
29	18	-87.68
29	19	-67.64
29	20	-93.28
29	21	-86.48
29	30	-86.40
29	32	-92.66
29	35	-94.57
29	40	-54.57
29	41	-68.12
29	44	-93.35
29	46	-94.11
29	48	-93.53
29	49	-91.10
29	53	-94.56
29	54	-83.03
29	55	-92.75
29	57	-93.14
29	59	-83.31
29	61	-94.56
29	64	-67.08
29	65	-94.81
29	69	-87.49
29	70	-94.33
29	72	-87.41
29	73	-62.57
29	79	-94.56
29	82	-94.73
29	83	-94.86
29	85	-88.88
29	89	-86.36
29	90	-84.76
29	92	-92.26
29	93	-93.79
29	94	-89.46
29	99	-87.68
30	1	-76.69
30	4	-88.07
30	9	-91.36
30	10	-93.61
30	15	-88.02
30	18	-64.36
30	19	-85.33
30	20	-82.89
30	21	-83.20
30	23	-92.65
30	26	-89.06
30	27	-84.67
30	29	-86.40
30	32	-78.91
30	35	-84.43
30	37	-93.65
30	39	-94.05
30	40	-85.80
30	41	-83.46
30	44	-81.82
30	46	-83.58
30	48	-88.91
30	49	-81.22
30	51	-93.54
30	53	-88.76
30	54	-68.57
30	55	-79.22
30	57	-79.75
30	58	-92.93
30	59	-66.11
30	61	-82.73
30	64	-82.09
30	65	-85.46
30	69	-71.21
30	70	-82.28
30	72	-64.93
30	73	-85.42
30	74	-93.51
30	76	-90.02
30	77	-93.95
30	79	-82.61
30	82	-85.22
30	84	-83.67
30	85	-84.66
30	86	-84.43
30	89	-52.05
30	90	-91.11
30	92	-84.48
30	93	-80.78
30	94	-65.83
30	96	-94.14
30	99	-84.26
31	3	-85.37
31	4	-94.42
31	6	-91.68
31	9	-92.94
31	12	-79.52
31	13	-91.36
31	14	-89.40
31	15	-94.12
31	22	-84.86
31	23	-94.52
31	26	-89.43
31	27	-91.99
31	28	-91.24
31	32	-94.91
31	33	-49.00
31	37	-94.04
31	38	-93.74
31	39	-82.74
31	42	-81.96
31	45	-93.49
31	46	-94.07
31	50	-52.05
31	51	-84.83
31	58	-86.99
31	61	-93.04
31	62	-88.20
31	63	-88.44
31	65	-93.76
31	67	-90.19
31	70	-93.94
31	74	-87.57
31	76	-91.07
31	77	-90.33
31	79	-93.18
31	82	-93.78
31	84	-92.78
31	86	-92.14
31	87	-93.66
31	91	-91.92
31	93	-94.10
31	95	-88.54
31	98	-85.33
31	100	-88.36
32	1	-85.57
32	4	-80.08
32	9	-84.71
32	10	-91.99
32	12	-90.97
32	13	-92.78
32	15	-79.65
32	18	-75.11
32	19	-91.39
32	20	-70.14
32	21	-85.70
32	22	-91.36
32	23	-87.38
32	26	-79.41
32	27	-72.40
32	29	-92.66
32	30	-78.91
32	31	-94.91
32	35	-83.86
32	37	-88.58
32	39	-89.38
32	40	-92.09
32	41	-91.18
32	42	-92.06
32	43	-93.82
32	44	-82.29
32	45	-94.92
32	46	-67.64
32	48	-86.08
32	49	-76.04
32	50	-94.18
32	51	-89.06
32	53	-84.14
32	54	-82.45
32	55	-78.49
32	57	-77.03
32	58	-86.17
32	59	-82.13
32	61	-68.00
32	62	-90.50
32	64	-90.08
32	65	-73.13
32	69	-76.60
32	70	-76.28
32	72	-81.01
32	73	-92.30
32	74	-89.82
32	76	-86.28
32	77	-91.27
32	79	-71.43
32	82	-72.48
32	84	-74.36
32	85	-85.18
32	86	-72.59
32	89	-80.15
32	90	-94.03
32	91	-91.95
32	92	-79.53
32	93	-71.52
32	94	-73.53
32	96	-93.38
32	98	-94.39
32	99	-85.80
33	3	-84.26
33	4	-94.55
33	6	-90.95
33	8	-94.50
33	9	-93.00
33	12	-81.05
33	13	-91.08
33	14	-90.20
33	15	-94.26
33	22	-85.98
33	23	-94.51
33	26	-89.80
33	27	-92.44
33	28	-90.62
33	31	-49.00
33	37	-93.99
33	38	-93.38
33	39	-83.94
33	42	-83.32
33	45	-93.18
33	46	-94.34
33	50	-58.16
33	51	-85.89
33	58	-87.15
33	61	-93.45
33	62	-88.00
33	63	-87.69
33	65	-93.99
33	67	-90.96
33	70	-94.41
33	74	-88.49
33	76	-91.75
33	77	-91.11
33	79	-93.62
33	82	-94.02
33	84	-93.26
33	86	-92.60
33	87	-93.03
33	91	-91.70
33	93	-94.52
33	95	-87.62
33	98	-86.39
33	100	-89.21
34	2	-72.95
34	5	-89.17
34	7	-68.03
34	10	-92.27
34	11	-89.26
34	13	-93.50
34	16	-71.41
34	17	-92.23
34	23	-93.70
34	24	-85.96
34	25	-84.47
34	36	-88.32
34	37	-93.26
34	38	-91.18
34	43	-87.36
34	45	-91.27
34	52	-80.06
34	56	-68.43
34	60	-81.50
34	66	-79.17
34	71	-78.66
34	75	-85.62
34	78	-83.02
34	80	-89.25
34	81	-88.57
34	88	-84.93
34	91	-93.23
34	96	-93.35
34	97	-87.67
35	1	-91.00
35	4	-91.73
35	9	-93.47
35	12	-90.08
35	14	-91.36
35	15	-91.47
35	18	-85.82
35	19	-94.53
35	20	-88.50
35	21	-93.32
35	22	-88.19
35	26	-87.94
35	27	-81.57
35	29	-94.57
35	30	-84.43
35	32	-83.86
35	39	-88.11
35	40	-94.48
35	41	-92.38
35	42	-89.93
35	44	-58.93
35	46	-87.40
35	48	-94.87
35	49	-90.03
35	50	-94.96
35	51	-86.69
35	53	-93.93
35	54	-88.52
35	55	-68.68
35	57	-70.14
35	58	-92.16
35	59	-87.94
35	61	-81.01
35	64	-92.43
35	65	-88.85
35	67	-90.19
35	69	-87.85
35	70	-72.48
35	72	-81.50
35	73	-93.52
35	74	-85.18
35	76	-77.64
35	77	-84.58
35	79	-78.48
35	82	-88.64
35	84	-77.44
35	85	-93.61
35	86	-80.83
35	89	-83.62
35	92	-91.68
35	93	-76.54
35	94	-81.14
35	98	-91.22
35	99	-93.67
35	100	-91.81
36	2	-89.02
36	4	-90.57
36	5	-77.22
36	7	-87.38
36	9	-90.66
36	10	-73.97
36	11	-51.76
36	13	-92.92
36	15	-90.97
36	16	-85.50
36	17	-76.04
36	20	-92.72
36	21	-90.96
36	23	-88.09
36	24	-86.05
36	25	-88.23
36	34	-88.32
36	37	-88.65
36	38	-93.20
36	43	-85.12
36	45	-92.43
36	46	-93.72
36	48	-84.93
36	49	-91.52
36	52	-78.91
36	53	-86.69
36	56	-89.96
36	60	-82.00
36	62	-94.48
36	65	-92.97
36	66	-83.25
36	68	-83.34
36	69	-94.24
36	71	-89.52
36	75	-88.35
36	78	-92.80
36	81	-62.76
36	82	-93.09
36	83	-83.76
36	85	-89.27
36	88	-82.74
36	90	-93.10
36	91	-91.98
36	92	-89.72
36	96	-75.89
36	97	-69.33
36	99	-90.01
37	1	-94.32
37	2	-90.71
37	3	-92.91
37	4	-77.48
37	5	-93.95
37	7	-90.81
37	8	-94.76
37	9	-68.68
37	10	-86.39
37	11	-89.24
37	12	-93.75
37	13	-78.09
37	15	-77.72
37	16	-89.74
37	17	-92.94
37	18	-91.74
37	20	-84.61
37	21	-91.24
37	23	-56.73
37	26	-84.79
37	27	-89.31
37	28	-90.29
37	30	-93.65
37	31	-94.04
37	32	-88.58
37	33	-93.99
37	34	-93.26
37	36	-88.65
37	38	-83.94
37	39	-93.38
37	43	-77.76
37	45	-81.57
37	46	-84.81
37	48	-83.46
37	49	-86.50
37	50	-93.37
37	51	-93.98
37	52	-87.33
37	53	-79.58
37	54	-93.74
37	55	-94.12
37	56	-92.43
37	57	-93.52
37	58	-81.78
37	59	-93.87
37	60	-94.05
37	61	-89.50
37	62	-79.26
37	63	-89.93
37	65	-82.64
37	66	-86.59
37	68	-94.70
37	69	-90.94
37	70	-92.67
37	71	-89.25
37	72	-94.96
37	75	-82.93
37	76	-94.99
37	78	-91.21
37	79	-90.73
37	80	-91.93
37	81	-90.83
37	82	-82.97
37	83	-94.56
37	84	-91.22
37	85	-89.36
37	86	-89.71
37	89	-94.32
37	91	-74.66
37	92	-84.36
37	93	-91.55
37	94	-92.65
37	95	-94.51
37	96	-89.79
37	97	-91.83
37	99	-90.48
38	2	-86.60
38	3	-87.55
38	4	-90.78
38	6	-88.51
38	7	-88.07
38	8	-86.04
38	9	-87.26
38	10	-93.47
38	11	-93.89
38	13	-73.01
38	15	-90.77
38	16	-87.89
38	20	-93.94
38	23	-85.92
38	26	-92.06
38	28	-78.87
38	31	-93.74
38	33	-93.38
38	34	-91.18
38	36	-93.20
38	37	-83.94
38	43	-81.22
38	45	-57.01
38	46	-93.76
38	47	-89.99
38	48	-93.30
38	50	-93.35
38	52	-88.66
38	53	-91.75
38	56	-88.70
38	58	-88.11
38	62	-81.73
38	63	-81.31
38	65	-92.66
38	66	-86.02
38	71	-83.60
38	75	-76.78
38	78	-83.17
38	80	-80.91
38	81	-94.63
38	82	-92.81
38	87	-88.57
38	91	-75.37
38	92	-94.08
38	95	-88.57
38	97	-94.99
39	3	-93.03
39	4	-91.51
39	9	-91.16
39	12	-60.86
39	13	-93.12
39	14	-83.80
39	15	-91.11
39	18	-93.59
39	20	-90.98
39	22	-68.26
39	23	-93.40
39	26	-83.59
39	27	-84.18
39	30	-94.05
39	31	-82.74
39	32	-89.38
39	33	-83.94
39	35	-88.11
39	37	-93.38
39	42	-67.38
39	44	-89.22
39	46	-89.36
39	49	-93.59
39	50	-81.44
39	51	-57.15
39	53	-94.72
39	55	-88.98
39	57	-88.20
39	58	-85.16
39	61	-85.89
39	62	-89.64
39	63	-93.82
39	65	-89.56
39	67	-83.67
39	69	-94.27
39	70	-86.07
39	72	-93.67
39	74	-71.65
39	76	-79.32
39	77	-79.66
39	79	-85.54
39	82	-89.50
39	84	-84.55
39	86	-84.21
39	89	-94.10
39	91	-93.10
39	92	-94.10
39	93	-86.82
39	94	-91.89
39	98	-78.57
39	100	-83.13
40	1	-78.20
40	4	-94.87
40	10	-94.93
40	15	-94.99
40	18	-86.88
40	19	-60.28
40	20	-92.58
40	21	-84.94
40	29	-54.57
40	30	-85.80
40	32	-92.09
40	35	-94.48
40	41	-70.43
40	44	-93.24
40	46	-93.49
40	48	-92.61
40	49	-90.19
40	53	-93.75
40	54	-81.87
40	55	-92.54
40	57	-92.89
40	59	-82.29
40	61	-94.14
40	64	-65.63
40	65	-94.19
40	68	-94.62
40	69	-86.50
40	70	-94.06
40	72	-87.14
40	73	-67.73
40	79	-94.19
40	82	-94.11
40	83	-94.02
40	84	-94.70
40	85	-87.59
40	86	-94.97
40	89	-85.91
40	90	-83.18
40	92	-91.36
40	93	-93.44
40	94	-88.98
40	96	-94.22
40	99	-86.25
41	1	-79.07
41	4	-94.98
41	18	-85.67
41	19	-74.86
41	20	-92.35
41	21	-86.95
41	27	-94.00
41	29	-68.12
41	30	-83.46
41	32	-91.18
41	35	-92.38
41	40	-70.43
41	44	-90.98
41	46	-93.06
41	48	-93.65
41	49	-90.39
41	53	-94.40
41	54	-80.66
41	55	-90.45
41	57	-90.98
41	59	-80.63
41	61	-93.03
41	64	-63.06
41	65	-93.93
41	69	-86.02
41	70	-92.44
41	72	-83.97
41	73	-56.73
41	79	-92.90
41	82	-93.82
41	84	-93.37
41	85	-89.20
41	86	-93.87
41	89	-83.06
41	90	-87.91
41	92	-91.85
41	93	-91.96
41	94	-87.04
41	99	-88.16
42	3	-93.42
42	4	-93.93
42	9	-93.53
42	12	-63.90
42	13	-94.75
42	14	-79.44
42	15	-93.59
42	20	-93.49
42	22	-60.86
42	26	-87.58
42	27	-87.88
42	31	-81.96
42	32	-92.06
42	33	-83.32
42	35	-89.93
42	39	-67.38
42	44	-91.10
42	46	-92.14
42	50	-81.14
42	51	-68.55
42	55	-91.16
42	57	-90.58
42	58	-88.38
42	61	-89.18
42	62	-91.73
42	63	-94.64
42	65	-92.33
42	67	-79.95
42	70	-88.90
42	74	-72.48
42	76	-82.04
42	77	-78.68
42	79	-88.77
42	82	-92.27
42	84	-87.91
42	86	-87.85
42	91	-94.83
42	93	-89.70
42	94	-93.97
42	98	-70.43
42	100	-78.10
43	2	-83.38
43	3	-94.18
43	4	-86.90
43	5	-91.05
43	7	-83.43
43	8	-93.52
43	9	-83.83
43	10	-85.83
43	11	-86.28
43	13	-81.28
43	15	-87.17
43	16	-81.66
43	17	-91.15
43	20	-90.96
43	21	-93.97
43	23	-79.39
43	24	-93.10
43	25	-93.57
43	26	-91.61
43	27	-94.58
43	28	-89.99
43	32	-93.82
43	34	-87.36
43	36	-85.12
43	37	-77.76
43	38	-81.22
43	45	-79.29
43	46	-91.36
43	48	-87.18
43	49	-91.51
43	52	-78.57
43	53	-85.80
43	56	-86.11
43	58	-89.26
43	60	-89.65
43	61	-94.67
43	62	-85.82
43	63	-90.77
43	65	-90.06
43	66	-75.73
43	68	-93.85
43	69	-94.83
43	71	-81.25
43	75	-70.14
43	78	-85.38
43	80	-88.08
43	81	-87.62
43	82	-90.25
43	83	-93.90
43	85	-92.32
43	86	-94.86
43	88	-91.36
43	91	-79.61
43	92	-89.71
43	96	-89.17
43	97	-88.36
43	99	-93.22
44	1	-89.40
44	4	-91.04
44	9	-93.04
44	12	-91.08
44	14	-92.72
44	15	-90.79
44	18	-83.64
44	19	-93.28
44	20	-87.40
44	21	-92.07
44	22	-89.59
44	23	-94.80
44	26	-87.81
44	27	-81.14
44	29	-93.35
44	30	-81.82
44	32	-82.29
44	35	-58.93
44	39	-89.22
44	40	-93.24
44	41	-90.98
44	42	-91.10
44	46	-86.41
44	48	-94.02
44	49	-88.75
44	51	-88.02
44	53	-93.14
44	54	-86.61
44	55	-61.48
44	57	-65.63
44	58	-92.17
44	59	-85.93
44	61	-80.08
44	64	-91.00
44	65	-88.03
44	67	-91.68
44	69	-86.02
44	70	-71.38
44	72	-78.18
44	73	-92.24
44	74	-86.94
44	76	-80.45
44	77	-86.68
44	79	-77.57
44	82	-87.80
44	84	-77.02
44	85	-92.46
44	86	-80.40
44	89	-80.81
44	92	-90.61
44	93	-74.83
44	94	-78.02
44	98	-92.47
44	99	-92.49
44	100	-93.10
45	2	-86.89
45	3	-88.11
45	4	-89.36
45	6	-89.61
45	7	-88.13
45	8	-87.71
45	9	-85.43
45	10	-92.50
45	11	-93.14
45	13	-68.68
45	15	-89.35
45	16	-87.75
45	20	-92.82
45	23	-83.88
45	26	-90.96
45	27	-94.61
45	28	-80.86
45	31	-93.49
45	32	-94.92
45	33	-93.18
45	34	-91.27
45	36	-92.43
45	37	-81.57
45	38	-57.01
45	43	-79.29
45	46	-92.64
45	47	-91.30
45	48	-92.15
45	49	-94.15
45	50	-93.05
45	52	-88.03
45	53	-90.44
45	56	-89.03
45	58	-86.78
45	60	-94.73
45	61	-95.00
45	62	-79.83
45	63	-82.33
45	65	-91.45
45	66	-85.48
45	71	-84.03
45	75	-75.84
45	78	-84.39
45	80	-83.17
45	81	-93.98
45	82	-91.62
45	86	-94.90
45	87	-89.83
45	91	-71.07
45	92	-92.96
45	95	-89.38
45	96	-94.78
45	97	-94.42
46	1	-87.48
46	4	-72.59
46	9	-79.53
46	10	-90.16
46	11	-93.75
46	12	-90.73
46	13	-90.17
46	15	-71.70
46	18	-80.08
46	19	-92.66
46	20	-58.93
46	21	-85.89
46	22	-91.74
46	23	-83.26
46	26	-75.65
46	27	-75.11
46	29	-94.11
46	30	-83.58
46	31	-94.07
46	32	-67.64
46	33	-94.34
46	35	-87.40
46	36	-93.72
46	37	-84.81
46	38	-93.76
46	39	-89.36
46	40	-93.49
46	41	-93.06
46	42	-92.14
46	43	-91.36
46	44	-86.41
46	45	-92.64
46	48	-83.45
46	49	-74.26
46	50	-93.28
46	51	-89.37
46	53	-80.15
46	54	-85.33
46	55	-83.73
46	57	-82.59
46	58	-82.88
46	59	-85.25
46	61	-73.65
46	62	-87.67
46	64	-91.89
46	65	-56.73
46	69	-79.86
46	70	-81.35
46	72	-85.58
46	73	-93.98
46	74	-90.61
46	75	-93.82
46	76	-88.07
46	77	-92.37
46	79	-77.03
46	82	-54.57
46	84	-78.82
46	85	-84.58
46	86	-75.86
46	89	-84.69
46	90	-94.29
46	91	-89.12
46	92	-76.10
46	93	-78.35
46	94	-80.58
46	96	-92.03
46	98	-94.69
46	99	-85.61
47	2	-94.89
47	3	-87.85
47	6	-79.12
47	8	-69.87
47	13	-92.84
47	28	-84.03
47	38	-89.99
47	45	-91.30
47	62	-94.45
47	63	-86.70
47	71	-93.67
47	75	-93.67
47	78	-90.97
47	80	-85.69
47	87	-72.59
47	91	-93.83
47	95	-84.66
48	1	-87.25
48	2	-94.55
48	4	-78.70
48	5	-90.81
48	7	-93.99
48	9	-82.74
48	10	-76.46
48	11	-84.69
48	13	-90.96
48	15	-79.62
48	16	-92.84
48	17	-87.48
48	18	-86.16
48	19	-91.18
48	20	-80.91
48	21	-79.99
48	23	-81.17
48	26	-88.77
48	27	-89.80
48	29	-93.53
48	30	-88.91
48	32	-86.08
48	35	-94.87
48	36	-84.93
48	37	-83.46
48	38	-93.30
48	40	-92.61
48	41	-93.65
48	43	-87.18
48	44	-94.02
48	45	-92.15
48	46	-83.45
48	49	-77.22
48	52	-89.39
48	53	-65.46
48	54	-87.43
48	55	-92.47
48	57	-92.06
48	58	-90.00
48	59	-87.86
48	60	-93.41
48	61	-89.15
48	62	-90.89
48	64	-91.96
48	65	-82.45
48	66	-90.48
48	68	-88.36
48	69	-83.99
48	70	-91.93
48	71	-94.09
48	72	-91.26
48	73	-94.17
48	75	-90.98
48	79	-90.30
48	81	-87.09
48	82	-82.62
48	83	-87.84
48	84	-91.10
48	85	-75.14
48	86	-90.06
48	88	-93.80
48	89	-89.96
48	90	-89.55
48	91	-89.65
48	92	-71.81
48	93	-90.51
48	94	-88.97
48	96	-80.62
48	97	-88.82
48	99	-77.94
49	1	-82.17
49	4	-76.60
49	9	-83.34
49	10	-86.72
49	11	-91.35
49	12	-94.66
49	13	-92.39
49	15	-76.99
49	17	-92.83
49	18	-75.94
49	19	-88.88
49	20	-68.46
49	21	-77.57
49	23	-84.66
49	26	-84.81
49	27	-83.76
49	29	-91.10
49	30	-81.22
49	32	-76.04
49	35	-90.03
49	36	-91.52
49	37	-86.50
49	39	-93.59
49	40	-90.19
49	41	-90.39
49	43	-91.51
49	44	-88.75
49	45	-94.15
49	46	-74.26
49	48	-77.22
49	51	-93.53
49	52	-94.18
49	53	-75.94
49	54	-80.50
49	55	-86.47
49	57	-85.92
49	58	-88.44
49	59	-80.86
49	61	-82.29
49	62	-91.10
49	64	-88.59
49	65	-75.23
49	66	-94.70
49	68	-92.81
49	69	-72.25
49	70	-86.00
49	72	-84.81
49	73	-91.32
49	74	-94.31
49	75	-94.28
49	76	-91.97
49	79	-83.84
49	81	-92.90
49	82	-75.11
49	83	-92.30
49	84	-85.14
49	85	-75.11
49	86	-84.01
49	89	-82.94
49	90	-90.25
49	91	-91.32
49	92	-61.77
49	93	-83.80
49	94	-80.70
49	96	-88.40
49	97	-94.08
49	99	-76.97
50	3	-85.60
50	4	-93.67
50	6	-91.91
50	9	-92.16
50	12	-78.05
50	13	-90.75
50	14	-89.30
50	15	-93.35
50	20	-94.43
50	22	-84.12
50	23	-93.85
50	26	-88.33
50	27	-91.10
50	28	-91.10
50	31	-52.05
50	32	-94.18
50	33	-58.16
50	35	-94.96
50	37	-93.37
50	38	-93.35
50	39	-81.44
50	42	-81.14
50	45	-93.05
50	46	-93.28
50	51	-83.77
50	57	-94.61
50	58	-85.76
50	61	-92.22
50	62	-87.30
50	63	-88.28
50	65	-92.96
50	67	-90.00
50	70	-93.22
50	74	-86.84
50	76	-90.35
50	77	-89.82
50	79	-92.38
50	82	-92.98
50	84	-91.97
50	86	-91.27
50	87	-93.82
50	91	-91.29
50	93	-93.36
50	95	-88.85
50	98	-85.12
50	100	-88.29
51	3	-94.16
51	4	-91.83
51	9	-91.73
51	12	-68.09
51	13	-94.00
51	14	-82.69
51	15	-91.43
51	18	-93.20
51	20	-90.98
51	22	-64.93
51	23	-93.93
51	26	-84.18
51	27	-83.69
51	30	-93.54
51	31	-84.83
51	32	-89.06
51	33	-85.89
51	35	-86.69
51	37	-93.98
51	39	-57.15
51	42	-68.55
51	44	-88.02
51	46	-89.37
51	49	-93.53
51	50	-83.77
51	53	-94.94
51	55	-87.94
51	57	-87.17
51	58	-86.41
51	61	-85.37
51	62	-90.76
51	63	-94.86
51	65	-89.73
51	67	-82.22
51	69	-93.98
51	70	-84.96
51	72	-93.01
51	74	-65.50
51	76	-76.24
51	77	-76.54
51	79	-84.78
51	82	-89.64
51	84	-83.62
51	86	-83.62
51	89	-93.53
51	91	-93.94
51	92	-94.14
51	93	-85.99
51	94	-91.30
51	98	-77.92
51	100	-82.22
52	2	-79.32
52	4	-91.74
52	5	-84.99
52	7	-76.32
52	9	-90.50
52	10	-84.70
52	11	-80.91
52	13	-89.81
52	15	-92.03
52	16	-71.72
52	17	-87.09
52	20	-94.44
52	23	-87.63
52	24	-86.71
52	25	-87.38
52	28	-94.44
52	34	-80.06
52	36	-78.91
52	37	-87.33
52	38	-88.66
52	43	-78.57
52	45	-88.03
52	48	-89.39
52	49	-94.18
52	53	-89.53
52	56	-81.50
52	58	-94.66
52	60	-80.84
52	62	-92.58
52	65	-94.14
52	66	-65.07
52	68	-91.14
52	71	-80.30
52	75	-80.50
52	78	-86.04
52	80	-90.55
52	81	-81.18
52	82	-94.28
52	83	-91.44
52	85	-93.56
52	88	-84.01
52	91	-89.01
52	92	-92.60
52	96	-87.09
52	97	-81.17
52	99	-94.27
53	1	-88.39
53	2	-94.21
53	4	-71.81
53	5	-92.34
53	7	-93.81
53	9	-77.72
53	10	-80.45
53	11	-86.74
53	13	-88.75
53	15	-73.30
53	16	-92.70
53	17	-89.79
53	18	-85.88
53	19	-92.52
53	20	-77.45
53	21	-82.88
53	23	-76.35
53	26	-85.90
53	27	-87.74
53	29	-94.56
53	30	-88.76
53	32	-84.14
53	35	-93.93
53	36	-86.69
53	37	-79.58
53	38	-91.75
53	39	-94.72
53	40	-93.75
53	41	-94.40
53	43	-85.80
53	44	-93.14
53	45	-90.44
53	46	-80.15
53	48	-65.46
53	49	-75.94
53	51	-94.94
53	52	-89.53
53	54	-87.99
53	55	-91.47
53	57	-90.95
53	58	-87.15
53	59	-88.31
53	60	-94.20
53	61	-87.19
53	62	-88.35
53	64	-92.90
53	65	-78.32
53	66	-90.19
53	68	-90.87
53	69	-84.03
53	70	-90.56
53	71	-93.53
53	72	-90.96
53	73	-94.99
53	75	-89.85
53	76	-94.55
53	79	-88.57
53	81	-88.87
53	82	-78.62
53	83	-90.47
53	84	-89.42
53	85	-79.26
53	86	-88.08
53	88	-94.76
53	89	-89.80
53	90	-91.76
53	91	-87.23
53	92	-69.40
53	93	-89.01
53	94	-88.25
53	96	-84.40
53	97	-90.36
53	99	-81.46
54	1	-64.75
54	4	-88.44
54	9	-91.79
54	10	-92.15
54	15	-88.52
54	18	-69.38
54	19	-80.63
54	20	-83.99
54	21	-78.27
54	23	-92.66
54	26	-90.87
54	27	-87.81
54	29	-83.03
54	30	-68.57
54	32	-82.45
54	35	-88.52
54	37	-93.74
54	40	-81.87
54	41	-80.66
54	44	-86.61
54	46	-85.33
54	48	-87.43
54	49	-80.50
54	53	-87.99
54	55	-84.76
54	57	-85.05
54	58	-94.08
54	59	-43.60
54	61	-86.27
54	64	-77.55
54	65	-86.72
54	68	-94.64
54	69	-69.33
54	70	-86.68
54	72	-75.94
54	73	-82.66
54	76	-92.82
54	79	-86.50
54	82	-86.55
54	83	-94.07
54	84	-87.43
54	85	-81.14
54	86	-87.71
54	89	-71.21
54	90	-87.79
54	92	-83.53
54	93	-85.34
54	94	-76.54
54	96	-92.38
54	99	-80.08
55	1	-87.93
55	4	-89.15
55	9	-91.50
55	12	-90.85
55	14	-93.37
55	15	-88.88
55	18	-80.73
55	19	-92.43
55	20	-84.85
55	21	-90.50
55	22	-89.80
55	23	-93.40
55	26	-85.98
55	27	-78.09
55	29	-92.75
55	30	-79.22
55	32	-78.49
55	35	-68.68
55	37	-94.12
55	39	-88.98
55	40	-92.54
55	41	-90.45
55	42	-91.16
55	44	-61.48
55	46	-83.73
55	48	-92.47
55	49	-86.47
55	51	-87.94
55	53	-91.47
55	54	-84.76
55	57	-50.17
55	58	-90.90
55	59	-84.04
55	61	-76.28
55	62	-94.55
55	64	-90.20
55	65	-85.69
55	67	-92.45
55	69	-83.51
55	70	-65.95
55	72	-76.02
55	73	-91.75
55	74	-87.34
55	76	-81.25
55	77	-87.66
55	79	-73.30
55	82	-85.42
55	84	-73.30
55	85	-90.84
55	86	-77.22
55	89	-78.43
55	92	-88.61
55	93	-68.87
55	94	-73.53
55	98	-92.84
55	99	-90.92
55	100	-93.66
56	2	-61.48
56	5	-91.63
56	7	-64.41
56	8	-93.82
56	9	-94.93
56	10	-93.12
56	11	-90.88
56	13	-91.83
56	16	-71.41
56	17	-93.93
56	23	-93.07
56	24	-89.59
56	25	-88.52
56	28	-93.38
56	34	-68.43
56	36	-89.96
56	37	-92.43
56	38	-88.70
56	43	-86.11
56	45	-89.03
56	52	-81.50
56	60	-85.98
56	62	-94.80
56	63	-94.99
56	66	-78.54
56	71	-71.52
56	75	-82.88
56	78	-76.68
56	80	-85.45
56	81	-90.58
56	88	-88.63
56	91	-91.70
56	96	-94.45
56	97	-90.04
57	1	-88.16
57	4	-88.38
57	9	-90.77
57	12	-90.17
57	14	-93.10
57	15	-88.07
57	18	-80.67
57	19	-92.72
57	20	-83.93
57	21	-90.40
57	22	-89.22
57	23	-92.80
57	26	-84.76
57	27	-75.89
57	29	-93.14
57	30	-79.75
57	32	-77.03
57	35	-70.14
57	37	-93.52
57	39	-88.20
57	40	-92.89
57	41	-90.98
57	42	-90.58
57	44	-65.63
57	46	-82.59
57	48	-92.06
57	49	-85.92
57	50	-94.61
57	51	-87.17
57	53	-90.95
57	54	-85.05
57	55	-50.17
57	58	-90.04
57	59	-84.38
57	61	-73.85
57	62	-93.90
57	64	-90.64
57	65	-84.66
57	67	-92.20
57	69	-83.34
57	70	-60.53
57	72	-77.36
57	73	-92.23
57	74	-86.72
57	76	-80.45
57	77	-87.30
57	79	-70.14
57	82	-84.38
57	84	-70.14
57	85	-90.63
57	86	-74.88
57	89	-79.24
57	92	-88.07
57	93	-64.51
57	94	-73.69
57	98	-92.43
57	99	-90.77
57	100	-93.36
58	3	-89.65
58	4	-81.64
58	6	-94.00
58	9	-77.62
58	10	-93.47
58	12	-85.62
58	13	-82.03
58	14	-94.42
58	15	-80.95
58	18	-91.41
58	20	-84.66
58	21	-93.85
58	22	-89.00
58	23	-82.29
58	26	-73.23
58	27	-83.35
58	28	-90.01
58	30	-92.93
58	31	-86.99
58	32	-86.17
58	33	-87.15
58	35	-92.16
58	37	-81.78
58	38	-88.11
58	39	-85.16
58	42	-88.38
58	43	-89.26
58	44	-92.17
58	45	-86.78
58	46	-82.88
58	48	-90.00
58	49	-88.44
58	50	-85.76
58	51	-86.41
58	52	-94.66
58	53	-87.15
58	54	-94.08
58	55	-90.90
58	57	-90.04
58	59	-94.03
58	61	-84.66
58	62	-73.69
58	63	-88.07
58	65	-81.33
58	66	-93.96
58	67	-94.36
58	69	-91.38
58	70	-88.35
58	71	-94.82
58	72	-93.63
58	74	-89.17
58	75	-90.78
58	76	-89.32
58	77	-91.93
58	79	-85.93
58	80	-94.84
58	82	-81.50
58	84	-86.05
58	85	-92.72
58	86	-83.93
58	89	-93.40
58	91	-81.41
58	92	-87.98
58	93	-87.48
58	94	-91.04
58	95	-92.23
58	98	-91.98
58	99	-93.49
58	100	-94.05
59	1	-67.38
59	4	-88.57
59	9	-91.87
59	10	-92.53
59	15	-88.63
59	18	-68.55
59	19	-81.28
59	20	-84.03
59	21	-79.42
59	23	-92.81
59	26	-90.73
59	27	-87.48
59	29	-83.31
59	30	-66.11
59	32	-82.13
59	35	-87.94
59	37	-93.87
59	40	-82.29
59	41	-80.63
59	44	-85.93
59	46	-85.25
59	48	-87.86
59	49	-80.86
59	53	-88.31
59	54	-43.60
59	55	-84.04
59	57	-84.38
59	58	-94.03
59	61	-85.90
59	64	-77.86
59	65	-86.71
59	69	-69.71
59	70	-86.14
59	72	-74.37
59	73	-82.74
59	76	-92.45
59	79	-86.06
59	82	-86.53
59	83	-94.48
59	84	-86.99
59	85	-82.00
59	86	-87.36
59	89	-69.00
59	90	-88.39
59	92	-83.92
59	93	-84.81
59	94	-75.40
59	96	-92.80
59	99	-81.07
60	2	-86.36
60	5	-77.69
60	7	-83.78
60	10	-88.47
60	11	-82.74
60	16	-82.61
60	17	-84.93
60	23	-94.04
60	24	-71.13
60	25	-74.00
60	34	-81.50
60	36	-82.00
60	37	-94.05
60	43	-89.65
60	45	-94.73
60	48	-93.41
60	52	-80.84
60	53	-94.20
60	56	-85.98
60	66	-84.12
60	68	-89.45
60	71	-88.33
60	75	-90.34
60	78	-91.54
60	81	-80.06
60	83	-90.11
60	88	-63.30
60	96	-88.52
60	97	-77.03
61	1	-88.91
61	4	-82.76
61	9	-85.69
61	10	-94.04
61	12	-87.97
61	13	-92.68
61	14	-93.32
61	15	-82.19
61	18	-81.07
61	19	-93.65
61	20	-77.30
61	21	-89.36
61	22	-88.25
61	23	-88.64
61	26	-76.09
61	27	-55.13
61	29	-94.56
61	30	-82.73
61	31	-93.04
61	32	-68.00
61	33	-93.45
61	35	-81.01
61	37	-89.50
61	39	-85.89
61	40	-94.14
61	41	-93.03
61	42	-89.18
61	43	-94.67
61	44	-80.08
61	45	-95.00
61	46	-73.65
61	48	-89.15
61	49	-82.29
61	50	-92.22
61	51	-85.37
61	53	-87.19
61	54	-86.27
61	55	-76.28
61	57	-73.85
61	58	-84.66
61	59	-85.90
61	62	-89.89
61	64	-92.29
61	65	-76.78
61	67	-92.67
61	69	-82.60
61	70	-69.52
61	72	-83.13
61	73	-94.07
61	74	-86.30
61	76	-81.85
61	77	-88.22
61	79	-55.13
61	82	-76.32
61	84	-61.70
61	85	-88.93
61	86	-54.38
61	89	-83.24
61	91	-92.01
61	92	-84.30
61	93	-63.30
61	94	-77.69
61	98	-91.92
61	99	-89.43
61	100	-93.36
62	2	-93.34
62	3	-86.51
62	4	-84.74
62	6	-91.00
62	7	-93.91
62	8	-91.68
62	9	-79.24
62	10	-93.20
62	11	-94.93
62	12	-89.51
62	13	-71.13
62	15	-84.42
62	16	-93.39
62	18	-94.29
62	20	-88.54
62	22	-92.51
62	23	-81.25
62	26	-83.14
62	27	-89.11
62	28	-84.98
62	31	-88.20
62	32	-90.50
62	33	-88.00
62	36	-94.48
62	37	-79.26
62	38	-81.73
62	39	-89.64
62	42	-91.73
62	43	-85.82
62	45	-79.83
62	46	-87.67
62	47	-94.45
62	48	-90.89
62	49	-91.10
62	50	-87.30
62	51	-90.76
62	52	-92.58
62	53	-88.35
62	55	-94.55
62	56	-94.80
62	57	-93.90
62	58	-73.69
62	61	-89.89
62	63	-82.89
62	65	-86.19
62	66	-91.38
62	69	-94.03
62	70	-92.67
62	71	-91.70
62	74	-92.95
62	75	-86.69
62	76	-93.40
62	78	-92.22
62	79	-90.87
62	80	-91.14
62	82	-86.38
62	84	-91.02
62	85	-94.20
62	86	-89.51
62	87	-92.14
62	91	-71.52
62	92	-90.20
62	93	-91.95
62	94	-94.32
62	95	-89.30
62	98	-94.60
62	99	-94.98
63	2	-93.81
63	3	-72.70
63	4	-93.72
63	6	-78.99
63	7	-94.85
63	8	-82.13
63	9	-90.92
63	12	-93.05
63	13	-81.85
63	15	-93.57
63	16	-94.84
63	23	-91.19
63	26	-92.41
63	28	-66.45
63	31	-88.44
63	33	-87.69
63	37	-89.93
63	38	-81.31
63	39	-93.82
63	42	-94.64
63	43	-90.77
63	45	-82.33
63	47	-86.70
63	50	-88.28
63	51	-94.86
63	56	-94.99
63	58	-88.07
63	62	-82.89
63	65	-94.55
63	66	-93.79
63	71	-92.07
63	75	-89.15
63	78	-90.87
63	80	-87.09
63	82	-94.66
63	87	-81.65
63	91	-84.01
63	95	-76.17
64	1	-74.16
64	4	-93.74
64	10	-94.84
64	15	-93.83
64	18	-83.88
64	19	-68.68
64	20	-91.00
64	21	-84.04
64	27	-93.32
64	29	-67.08
64	30	-82.09
