1	3	-94.87
1	5	-90.29
1	6	-93.42
1	7	-84.14
1	8	-87.85
1	9	-87.84
1	14	-94.53
1	15	-94.48
1	17	-94.87
1	20	-87.93
1	21	-91.89
1	22	-80.32
1	23	-88.22
1	24	-94.63
1	25	-82.30
1	27	-91.29
1	29	-92.45
1	31	-92.15
1	33	-94.22
1	35	-78.80
1	36	-93.99
1	38	-80.32
1	39	-89.91
1	41	-87.90
1	42	-81.68
1	43	-94.87
1	44	-77.09
1	45	-93.47
1	47	-80.34
1	48	-83.40
1	49	-63.06
1	50	-94.72
1	51	-93.26
1	52	-83.96
1	53	-91.61
1	55	-86.13
1	59	-93.24
1	60	-87.69
1	61	-84.40
1	64	-78.37
1	65	-85.44
1	67	-93.00
1	69	-92.37
1	70	-85.92
1	71	-60.28
1	73	-85.99
1	74	-85.66
1	75	-75.40
1	76	-92.11
1	77	-63.95
1	78	-92.92
1	81	-78.91
1	82	-87.43
1	83	-94.76
1	84	-88.78
1	85	-92.81
1	86	-85.82
2	4	-89.47
2	6	-86.99
2	7	-93.47
2	8	-91.33
2	11	-75.40
2	13	-84.01
2	16	-89.91
2	17	-91.97
2	19	-90.75
2	21	-94.15
2	26	-91.68
2	29	-86.14
2	30	-92.52
2	32	-84.26
2	34	-78.06
2	36	-87.51
2	37	-90.47
2	39	-90.00
2	40	-83.29
2	43	-83.53
2	46	-74.11
2	50	-81.51
2	56	-78.70
2	57	-86.27
2	62	-76.60
2	66	-92.03
2	67	-89.02
2	68	-84.43
2	78	-85.48
2	79	-90.26
2	80	-94.13
2	83	-87.99
2	86	-94.96
2	87	-89.59
2	88	-92.43
2	89	-91.75
3	1	-94.87
3	5	-76.35
3	6	-87.93
3	7	-91.95
3	8	-89.99
3	10	-76.99
3	12	-85.25
3	14	-66.95
3	18	-85.62
3	24	-93.06
3	25	-90.76
3	26	-88.47
3	27	-74.88
3	28	-86.29
3	29	-91.28
3	31	-92.56
3	32	-88.87
3	33	-87.79
3	34	-93.67
3	37	-83.00
3	38	-90.51
3	39	-94.61
3	45	-92.99
3	49	-93.72
3	50	-92.81
3	52	-90.07
3	54	-75.89
3	55	-84.94
3	58	-84.69
3	59	-89.43
3	63	-81.54
3	66	-88.38
3	67	-85.50
3	70	-84.34
3	71	-94.04
3	72	-66.11
3	73	-89.31
3	74	-85.22
3	77	-94.29
3	78	-91.19
3	79	-82.42
3	80	-89.17
3	81	-92.52
3	83	-85.54
3	84	-91.33
3	85	-76.17
3	88	-81.20
3	89	-79.84
3	90	-76.20
4	2	-89.47
4	6	-91.89
4	7	-90.47
4	8	-90.50
4	9	-89.06
4	11	-86.07
4	13	-73.53
4	15	-84.21
4	16	-74.69
4	17	-68.46
4	19	-55.98
4	21	-80.32
4	23	-90.89
4	29	-88.30
4	30	-69.00
4	32	-93.12
4	34	-87.19
4	36	-73.85
4	39	-84.01
4	40	-84.48
4	42	-89.99
4	43	-79.22
4	44	-94.59
4	46	-85.17
4	50	-87.30
4	56	-81.33
4	57	-77.64
4	60	-87.93
4	62	-85.12
4	64	-92.82
4	65	-88.00
4	67	-93.35
4	68	-78.82
4	69	-92.84
4	76	-90.89
4	78	-88.54
4	82	-86.25
4	83	-94.10
4	86	-87.15
4	87	-40.23
5	1	-90.29
5	3	-76.35
5	6	-86.90
5	7	-87.66
5	8	-86.11
5	10	-80.06
5	12	-85.80
5	14	-75.89
5	18	-86.82
5	22	-93.55
5	24	-91.10
5	25	-84.77
5	26	-92.37
5	27	-65.91
5	28	-86.27
5	29	-89.45
5	31	-89.63
5	32	-89.56
5	33	-86.08
5	34	-93.03
5	37	-86.86
5	38	-84.11
5	39	-92.03
5	41	-94.32
5	42	-92.28
5	43	-94.80
5	44	-94.48
5	45	-90.56
5	47	-93.29
5	48	-93.19
5	49	-88.79
5	50	-91.83
5	52	-83.96
5	54	-85.78
5	55	-76.02
5	58	-90.79
5	59	-86.93
5	63	-88.63
5	64	-93.80
5	65	-94.34
5	66	-92.38
5	67	-84.41
5	70	-72.35
5	71	-89.22
5	72	-79.65
5	73	-83.27
5	74	-76.17
5	75	-93.69
5	77	-89.46
5	78	-89.58
5	79	-85.57
5	80	-93.44
5	81	-87.17
5	83	-86.11
5	84	-87.06
5	85	-73.36
5	86	-93.72
5	88	-86.90
5	89	-84.58
5	90	-85.60
6	1	-93.42
6	2	-86.99
6	3	-87.93
6	4	-91.89
6	5	-86.90
6	7	-84.04
6	8	-77.92
6	9	-94.56
6	10	-92.88
6	11	-90.88
6	13	-90.06
6	14	-90.37
6	16	-94.66
6	17	-92.51
6	19	-92.51
6	21	-92.53
6	25	-93.81
6	26	-88.38
6	27	-83.51
6	29	-70.88
6	30	-93.68
6	32	-71.21
6	34	-78.09
6	36	-87.34
6	37	-80.68
6	38	-92.90
6	39	-83.84
6	40	-93.46
6	42	-90.30
6	43	-84.49
6	46	-89.85
6	49	-91.59
6	50	-75.00
6	52	-93.81
6	54	-89.09
6	55	-83.24
6	56	-89.64
6	57	-93.23
6	58	-91.38
6	60	-93.60
6	62	-90.87
6	63	-94.26
6	64	-93.52
6	65	-91.53
6	66	-88.69
6	67	-61.48
6	68	-92.43
6	70	-89.01
6	71	-91.96
6	72	-90.76
6	73	-94.01
6	74	-83.82
6	77	-93.97
6	78	-69.52
6	79	-78.09
6	80	-91.27
6	81	-94.41
6	82	-91.61
6	83	-67.28
6	85	-91.23
6	86	-90.32
6	87	-92.22
6	88	-84.43
6	89	-80.95
6	90	-92.60
7	1	-84.14
7	2	-93.47
7	3	-91.95
7	4	-90.47
7	5	-87.66
7	6	-84.04
7	8	-68.92
7	9	-86.72
7	10	-94.28
7	11	-94.59
7	13	-91.24
7	14	-92.75
7	15	-91.73
7	16	-94.48
7	17	-89.30
7	19	-90.43
7	20	-91.83
7	21	-86.65
7	22	-92.17
7	23	-88.75
7	25	-89.03
7	27	-86.78
7	29	-80.83
7	30	-90.92
7	32	-88.90
7	34	-87.54
7	35	-91.32
7	36	-85.67
7	37	-91.55
7	38	-87.43
7	39	-76.28
7	42	-76.24
7	43	-86.25
7	44	-86.07
7	46	-93.73
7	47	-92.11
7	48	-93.25
7	49	-80.49
7	50	-85.42
7	52	-89.59
7	54	-94.72
7	55	-79.26
7	56	-92.58
7	57	-94.24
7	60	-85.30
7	61	-90.85
7	62	-94.34
7	64	-83.18
7	65	-80.84
7	67	-84.26
7	68	-93.95
7	69	-93.26
7	70	-85.83
7	71	-81.14
7	72	-93.79
7	73	-90.50
7	74	-79.24
7	75	-90.32
7	76	-92.06
7	77	-86.07
7	78	-81.92
7	79	-90.21
7	81	-88.76
7	82	-82.18
7	83	-87.30
7	84	-93.39
7	85	-92.03
7	86	-78.76
7	87	-90.89
7	88	-93.04
7	89	-90.97
8	1	-87.85
8	2	-91.33
8	3	-89.99
8	4	-90.50
8	5	-86.11
8	6	-77.92
8	7	-68.92
8	9	-89.87
8	10	-93.28
8	11	-93.17
8	13	-90.35
8	14	-91.32
8	15	-93.30
8	16	-94.27
8	17	-90.06
8	19	-90.75
8	20	-94.41
8	21	-88.59
8	22	-94.22
8	23	-91.64
8	25	-90.31
8	26	-93.75
8	27	-84.19
8	29	-74.27
8	30	-91.59
8	32	-84.85
8	34	-84.11
8	35	-93.84
8	36	-85.22
8	37	-88.39
8	38	-88.93
8	39	-76.54
8	40	-94.76
8	42	-82.74
8	43	-84.49
8	44	-89.85
8	46	-92.21
8	47	-94.13
8	48	-94.96
8	49	-85.06
8	50	-81.28
8	52	-90.61
8	54	-92.66
8	55	-77.43
8	56	-91.24
8	57	-93.60
8	60	-88.63
8	61	-93.66
8	62	-92.96
8	64	-87.68
8	65	-85.33
8	66	-93.93
8	67	-78.37
8	68	-93.13
8	70	-85.74
8	71	-85.60
8	72	-92.26
8	73	-91.23
8	74	-77.86
8	75	-92.87
8	76	-94.23
8	77	-89.02
8	78	-75.76
8	79	-86.71
8	81	-90.52
8	82	-85.92
8	83	-82.69
8	84	-94.03
8	85	-91.04
8	86	-83.58
8	87	-90.92
8	88	-90.34
8	89	-87.81
8	90	-94.59
9	1	-87.84
9	4	-89.06
9	6	-94.56
9	7	-86.72
9	8	-89.87
9	13	-92.55
9	15	-80.62
9	16	-93.11
9	17	-85.38
9	19	-87.93
9	20	-80.06
9	21	-77.82
9	22	-93.39
9	23	-62.76
9	29	-91.99
9	30	-86.61
9	34	-94.27
9	35	-90.01
9	36	-88.00
9	38	-94.08
9	39	-85.97
9	42	-78.06
9	43	-90.84
9	44	-80.76
9	47	-93.56
9	49	-87.27
9	50	-93.39
9	51	-84.59
9	53	-85.64
9	55	-93.06
9	56	-94.85
9	57	-94.39
9	60	-55.98
9	61	-82.51
9	64	-77.48
9	65	-71.21
9	68	-94.68
9	69	-78.99
9	71	-87.10
9	74	-92.95
9	75	-90.58
9	76	-75.39
9	77	-90.32
9	78	-92.50
9	81	-93.94
9	82	-70.80
9	86	-75.11
9	87	-89.36
10	3	-76.99
10	5	-80.06
10	6	-92.88
10	7	-94.28
10	8	-93.28
10	12	-73.43
10	14	-67.38
10	18	-74.49
10	24	-88.07
10	25	-89.00
10	26	-93.43
10	27	-82.83
10	28	-75.73
10	31	-88.12
10	32	-93.93
10	33	-79.53
10	37	-90.24
10	38	-89.33
10	45	-88.32
10	49	-94.27
10	52	-87.93
10	54	-84.61
10	55	-88.09
10	58	-89.64
10	59	-82.95
10	63	-81.97
10	66	-93.32
10	67	-91.19
10	70	-84.43
10	71	-94.53
10	72	-70.88
10	73	-86.49
10	74	-88.12
10	77	-93.99
10	79	-89.87
10	80	-93.50
10	81	-91.23
10	83	-91.58
10	84	-87.64
10	85	-67.38
10	88	-89.01
10	89	-88.42
10	90	-78.27
11	2	-75.40
11	4	-86.07
11	6	-90.88
11	7	-94.59
11	8	-93.17
11	13	-78.49
11	16	-84.64
11	17	-89.63
11	19	-87.72
11	21	-92.86
11	29	-89.03
11	30	-89.83
11	32	-89.78
11	34	-83.40
11	36	-86.15
11	37	-94.52
11	39	-90.50
11	40	-70.98
11	43	-83.23
11	46	-53.97
11	50	-85.61
11	56	-68.55
11	57	-78.66
11	62	-47.08
11	67	-92.58
11	68	-75.49
11	78	-88.70
11	79	-94.23
11	82	-94.85
11	83	-92.21
11	86	-94.82
11	87	-86.03
12	3	-85.25
12	5	-85.80
12	10	-73.43
12	14	-80.63
12	18	-53.97
12	24	-83.31
12	25	-89.36
12	27	-88.29
12	28	-51.76
12	31	-84.81
12	33	-70.74
12	37	-94.10
12	38	-90.11
12	41	-94.70
12	45	-84.33
12	48	-94.96
12	52	-88.20
12	54	-89.66
12	55	-91.36
12	58	-93.11
12	59	-77.43
12	63	-85.89
12	67	-94.65
12	70	-87.38
12	72	-81.86
12	73	-86.50
12	74	-91.30
12	77	-94.69
12	79	-93.82
12	81	-91.52
12	84	-86.00
12	85	-78.09
12	88	-93.12
12	89	-92.74
12	90	-84.38
13	2	-84.01
13	4	-73.53
13	6	-90.06
13	7	-91.24
13	8	-90.35
13	9	-92.55
13	11	-78.49
13	15	-89.74
13	16	-76.49
13	17	-80.81
13	19	-77.22
13	21	-86.42
13	23	-94.11
13	29	-86.55
13	30	-81.37
13	32	-90.61
13	34	-82.95
13	36	-75.84
13	39	-85.11
13	40	-77.76
13	42	-92.16
13	43	-74.86
13	46	-76.78
13	50	-83.99
13	56	-68.92
13	57	-70.80
13	60	-91.54
13	62	-76.89
13	64	-94.96
13	65	-91.02
13	67	-91.85
13	68	-68.79
13	76	-94.45
13	78	-86.54
13	79	-94.70
13	82	-89.83
13	83	-92.25
13	86	-90.07
13	87	-73.65
14	1	-94.53
14	3	-66.95
14	5	-75.89
14	6	-90.37
14	7	-92.75
14	8	-91.32
14	10	-67.38
14	12	-80.63
14	18	-81.28
14	24	-90.63
14	25	-89.30
14	26	-91.22
14	27	-77.94
14	28	-82.00
14	29	-93.03
14	31	-90.24
14	32	-91.50
14	33	-84.04
14	37	-87.04
14	38	-89.30
14	45	-90.63
14	49	-93.56
14	50	-94.58
14	52	-88.39
14	54	-80.84
14	55	-85.76
14	58	-87.43
14	59	-86.27
14	63	-81.43
14	66	-91.12
14	67	-88.32
14	70	-83.15
14	71	-93.86
14	72	-60.86
14	73	-87.28
14	74	-85.90
14	77	-93.71
14	78	-93.01
14	79	-86.54
14	80	-91.57
14	81	-91.38
14	83	-88.69
14	84	-89.15
14	85	-67.79
14	88	-85.66
14	89	-84.71
14	90	-76.28
15	1	-94.48
15	4	-84.21
15	7	-91.73
15	8	-93.30
15	9	-80.62
15	13	-89.74
15	16	-88.08
15	17	-78.86
15	19	-82.07
15	20	-88.39
15	21	-75.19
15	23	-81.96
15	29	-93.61
15	30	-78.37
15	34	-94.46
15	36	-86.71
15	39	-88.52
15	40	-94.07
15	42	-87.89
15	43	-90.16
15	44	-90.62
15	46	-94.61
15	49	-93.90
15	50	-94.03
15	51	-87.62
15	53	-90.34
15	56	-92.75
15	57	-90.76
15	60	-80.51
15	61	-90.84
15	62	-94.61
15	64	-88.98
15	65	-84.19
15	68	-91.51
15	69	-82.37
15	71	-93.85
15	76	-78.27
15	78	-93.97
15	82	-82.03
15	86	-84.81
15	87	-84.29
16	2	-89.91
16	4	-74.69
16	6	-94.66
16	7	-94.48
16	8	-94.27
16	9	-93.11
16	11	-84.64
16	13	-76.49
16	15	-88.08
16	17	-80.67
16	19	-76.34
16	21	-87.16
16	23	-94.38
16	29	-92.02
16	30	-78.80
16	34	-90.01
16	36	-83.46
16	39	-89.79
16	40	-79.99
16	42	-94.21
16	43	-85.05
16	46	-84.42
16	50	-90.60
16	56	-81.17
16	57	-69.28
16	60	-92.38
16	62	-83.60
16	65	-92.67
16	68	-73.90
16	76	-93.85
16	78	-92.09
16	82	-91.39
16	86	-92.13
16	87	-73.43
17	1	-94.87
17	2	-91.97
17	4	-68.46
17	6	-92.51
17	7	-89.30
17	8	-90.06
17	9	-85.38
17	11	-89.63
17	13	-80.81
17	15	-78.86
17	16	-80.67
17	19	-61.98
17	20	-92.72
17	21	-72.70
17	23	-87.61
17	29	-88.95
17	30	-58.93
17	32	-94.14
17	34	-89.10
17	36	-75.84
17	39	-82.99
17	40	-88.53
17	42	-87.58
17	43	-82.13
17	44	-92.50
17	46	-88.85
17	49	-93.81
17	50	-88.78
17	51	-93.36
17	53	-94.84
17	55	-94.84
17	56	-85.98
17	57	-83.62
17	60	-84.04
17	61	-93.94
17	62	-88.91
17	64	-90.50
17	65	-84.71
17	67	-93.77
17	68	-84.49
17	69	-89.96
17	71	-93.89
17	74	-94.90
17	76	-87.54
17	78	-89.31
17	82	-82.33
17	83	-94.74
17	86	-83.99
17	87	-69.33
18	3	-85.62
18	5	-86.82
18	10	-74.49
18	12	-53.97
18	14	-81.28
18	24	-84.43
18	25	-90.52
18	27	-89.01
18	28	-60.86
18	31	-86.13
18	33	-74.16
18	37	-94.25
18	38	-91.21
18	45	-85.55
18	52	-89.45
18	54	-89.54
18	55	-92.15
18	58	-92.85
18	59	-79.65
18	63	-85.06
18	70	-88.57
18	72	-82.00
18	73	-87.91
18	74	-92.11
18	79	-94.04
18	81	-92.53
18	84	-87.40
18	85	-79.72
18	88	-93.19
18	89	-92.93
18	90	-83.83
19	2	-90.75
19	4	-55.98
19	6	-92.51
19	7	-90.43
19	8	-90.75
19	9	-87.93
19	11	-87.72
19	13	-77.22
19	15	-82.07
19	16	-76.34
19	17	-61.98
19	20	-94.31
19	21	-78.20
19	23	-89.83
19	29	-89.02
19	30	-61.70
19	32	-93.85
19	34	-88.39
19	36	-75.43
19	39	-84.20
19	40	-86.17
19	42	-89.45
19	43	-81.07
19	44	-94.02
19	46	-86.93
19	49	-94.98
19	50	-88.35
19	51	-94.80
19	56	-83.59
19	57	-80.08
19	60	-86.79
19	62	-86.88
19	64	-92.21
19	65	-87.15
19	67	-93.86
19	68	-81.28
19	69	-91.77
19	76	-89.66
19	78	-89.30
19	82	-85.22
19	83	-94.67
19	86	-86.41
19	87	-56.73
20	1	-87.93
20	7	-91.83
20	8	-94.41
20	9	-80.06
20	15	-88.39
20	17	-92.72
20	19	-94.31
20	21	-88.80
20	22	-91.08
20	23	-75.49
20	30	-93.30
20	35	-85.90
20	36	-94.48
20	38	-94.55
20	39	-92.75
20	42	-86.04
20	44	-79.07
20	47	-91.40
20	48	-93.32
20	49	-88.79
20	51	-76.60
20	53	-72.00
20	60	-82.33
20	61	-68.87
20	64	-80.94
20	65	-84.76
20	69	-77.03
20	71	-88.41
20	75	-87.77
20	76	-79.53
20	77	-90.03
20	81	-93.80
20	82	-85.64
20	86	-86.55
21	1	-91.89
21	2	-94.15
21	4	-80.32
21	6	-92.53
21	7	-86.65
21	8	-88.59
21	9	-77.82
21	11	-92.86
21	13	-86.42
21	15	-75.19
21	16	-87.16
21	17	-72.70
21	19	-78.20
21	20	-88.80
21	23	-81.61
21	29	-89.05
21	30	-76.04
21	32	-94.67
21	34	-90.63
21	35	-94.64
21	36	-79.97
21	39	-81.35
21	40	-92.40
21	42	-82.45
21	43	-85.08
21	44	-88.44
21	46	-92.12
21	49	-90.79
21	50	-89.87
21	51	-90.26
21	53	-91.75
21	55	-93.35
21	56	-89.96
21	57	-88.98
21	60	-75.39
21	61	-90.26
21	62	-92.32
21	64	-85.84
21	65	-77.36
21	67	-93.53
21	68	-89.43
21	69	-85.98
21	71	-90.83
21	74	-93.35
21	75	-94.78
21	76	-82.76
21	77	-93.73
21	78	-89.56
21	82	-73.01
21	83	-94.80
21	86	-76.99
21	87	-80.86
22	1	-80.32
22	5	-93.55
22	7	-92.17
22	8	-94.22
22	9	-93.39
22	20	-91.08
22	23	-93.10
22	24	-92.56
22	25	-83.06
22	27	-94.92
22	31	-89.69
22	33	-93.82
22	35	-74.26
22	38	-83.17
22	41	-77.22
22	42	-90.73
22	44	-85.74
22	45	-91.12
22	47	-40.23
22	48	-65.63
22	49	-83.82
22	52	-84.49
22	53	-93.19
22	55	-91.94
22	59	-92.30
22	60	-93.57
22	61	-87.66
22	64	-87.93
22	65	-92.59
22	70	-89.85
22	71	-83.35
22	73	-86.17
22	74	-91.59
22	75	-68.92
22	77	-77.17
22	81	-79.07
22	82	-93.82
22	84	-86.72
22	85	-94.53
22	86	-93.01
23	1	-88.22
23	4	-90.89
23	7	-88.75
23	8	-91.64
23	9	-62.76
23	13	-94.11
23	15	-81.96
23	16	-94.38
23	17	-87.61
23	19	-89.83
23	20	-75.49
23	21	-81.61
23	22	-93.10
23	29	-93.69
23	30	-88.49
23	35	-89.30
23	36	-90.22
23	38	-94.56
23	39	-88.52
23	42	-81.18
23	43	-92.72
23	44	-80.21
23	47	-93.31
23	48	-94.98
23	49	-88.08
23	50	-94.98
23	51	-81.22
23	53	-82.42
23	55	-94.21
23	60	-69.69
23	61	-79.86
23	64	-78.37
23	65	-76.96
23	69	-74.60
23	71	-87.85
23	74	-94.09
23	75	-90.18
23	76	-71.63
23	77	-90.60
23	78	-94.15
23	81	-94.24
23	82	-77.22
23	86	-79.84
23	87	-91.12
24	1	-94.63
24	3	-93.06
24	5	-91.10
24	10	-88.07
24	12	-83.31
24	14	-90.63
24	18	-84.43
24	22	-92.56
24	25	-87.01
24	27	-93.35
24	28	-81.64
24	31	-68.46
24	33	-76.60
24	38	-88.58
24	41	-88.75
24	45	-58.93
24	47	-92.19
24	48	-90.45
24	49	-94.87
24	52	-85.90
24	55	-93.91
24	59	-71.72
24	63	-94.59
24	70	-89.71
24	71	-94.95
24	72	-91.82
24	73	-84.21
24	74	-93.72
24	75	-94.60
24	77	-92.90
24	81	-88.80
24	84	-78.97
24	85	-87.90
24	90	-93.67
25	1	-82.30
25	3	-90.76
25	5	-84.77
25	6	-93.81
25	7	-89.03
25	8	-90.31
25	10	-89.00
25	12	-89.36
25	14	-89.30
25	18	-90.52
25	22	-83.06
25	24	-87.01
25	27	-87.64
25	28	-88.90
25	29	-94.20
25	31	-82.71
25	33	-86.15
25	35	-87.62
25	38	-57.01
25	39	-93.97
25	41	-84.18
25	42	-90.63
25	44	-89.86
25	45	-85.12
25	47	-82.41
25	48	-81.62
25	49	-82.52
25	52	-52.83
25	55	-84.49
25	59	-84.26
25	60	-94.76
25	61	-93.07
25	64	-90.22
25	65	-93.06
25	67	-92.76
25	70	-77.45
25	71	-82.74
25	72	-91.14
25	73	-65.07
25	74	-83.93
25	75	-84.83
25	77	-78.27
25	78	-94.50
25	79	-94.71
25	81	-63.58
25	82	-94.18
25	83	-94.27
25	84	-75.00
25	85	-85.97
25	86	-92.93
25	89	-94.42
25	90	-94.11
26	2	-91.68
26	3	-88.47
26	5	-92.37
26	6	-88.38
26	8	-93.75
26	10	-93.43
26	14	-91.22
26	27	-90.27
26	29	-91.80
26	32	-84.50
26	34	-91.14
26	37	-77.66
26	50	-91.28
26	54	-82.62
26	55	-93.60
26	58	-78.26
26	63	-89.74
26	66	-38.63
26	67	-87.76
26	72	-90.11
26	74	-93.90
26	78	-91.32
26	79	-80.67
26	80	-68.26
26	83	-84.89
26	85	-93.53
26	88	-75.93
26	89	-80.40
26	90	-89.13
27	1	-91.29
27	3	-74.88
27	5	-65.91
27	6	-83.51
27	7	-86.78
27	8	-84.19
27	10	-82.83
27	12	-88.29
27	14	-77.94
27	18	-89.01
27	22	-94.92
27	24	-93.35
27	25	-87.64
27	26	-90.27
27	28	-88.82
27	29	-87.11
27	31	-92.14
27	32	-86.54
27	33	-89.00
27	34	-90.97
27	36	-94.33
27	37	-83.31
27	38	-86.86
27	39	-90.77
27	42	-92.06
27	43	-93.31
27	44	-94.87
27	45	-92.92
27	47	-94.70
27	48	-94.76
27	49	-89.62
27	50	-89.65
27	52	-87.14
27	54	-83.83
27	55	-75.29
27	58	-89.23
27	59	-89.83
27	63	-88.52
27	64	-93.99
27	65	-94.00
27	66	-90.32
27	67	-80.15
27	70	-77.98
27	71	-90.06
27	72	-80.25
27	73	-86.78
27	74	-75.94
27	75	-94.79
27	77	-90.85
27	78	-87.16
27	79	-81.50
27	80	-91.73
27	81	-89.43
27	82	-94.60
27	83	-82.13
27	84	-89.96
27	85	-78.70
27	86	-93.26
27	88	-83.78
27	89	-80.45
27	90	-85.48
28	3	-86.29
28	5	-86.27
28	10	-75.73
28	12	-51.76
28	14	-82.00
28	18	-60.86
28	24	-81.64
28	25	-88.90
28	27	-88.82
28	31	-83.45
28	33	-66.95
28	37	-94.67
28	38	-89.76
28	41	-94.12
28	45	-82.83
28	48	-94.48
28	52	-87.69
28	54	-90.58
28	55	-91.55
28	58	-93.87
28	59	-75.14
28	63	-87.15
28	70	-87.39
28	72	-83.31
28	73	-85.90
28	74	-91.47
28	77	-94.42
28	79	-94.37
28	81	-91.10
28	84	-85.03
28	85	-79.07
28	88	-93.78
28	89	-93.35
28	90	-85.76
29	1	-92.45
29	2	-86.14
29	3	-91.28
29	4	-88.30
29	5	-89.45
29	6	-70.88
29	7	-80.83
29	8	-74.27
29	9	-91.99
29	11	-89.03
29	13	-86.55
29	14	-93.03
29	15	-93.61
29	16	-92.02
29	17	-88.95
29	19	-89.02
29	21	-89.05
29	23	-93.69
29	25	-94.20
29	26	-91.80
29	27	-87.11
29	30	-90.45
29	32	-78.94
29	34	-74.11
29	36	-81.99
29	37	-86.48
29	38	-93.20
29	39	-76.96
29	40	-91.47
29	42	-87.47
29	43	-78.37
29	44	-93.38
29	46	-87.76
29	49	-90.49
29	50	-67.73
29	52	-94.36
29	54	-92.59
29	55	-84.63
29	56	-86.84
29	57	-90.62
29	58	-94.44
29	60	-90.81
29	62	-88.85
29	64	-91.51
29	65	-88.45
29	66	-92.07
29	67	-75.97
29	68	-89.81
29	70	-90.29
29	71	-90.84
29	72	-93.54
29	73	-94.74
29	74	-85.05
29	77	-93.38
29	78	-45.20
29	79	-84.86
29	80	-94.20
29	81	-94.47
29	82	-88.31
29	83	-79.07
29	85	-93.39
29	86	-86.89
29	87	-88.74
29	88	-89.12
29	89	-86.71
30	2	-92.52
30	4	-69.00
30	6	-93.68
30	7	-90.92
30	8	-91.59
30	9	-86.61
30	11	-89.83
30	13	-81.37
30	15	-78.37
30	16	-78.80
30	17	-58.93
30	19	-61.70
30	20	-93.30
30	21	-76.04
30	23	-88.49
30	29	-90.45
30	34	-90.27
30	36	-79.04
30	39	-85.42
30	40	-88.25
30	42	-89.22
30	43	-84.00
30	44	-93.48
30	46	-89.17
30	49	-94.93
30	50	-90.11
30	51	-93.53
30	56	-86.37
30	57	-82.99
30	60	-85.56
30	61	-94.63
30	62	-89.09
30	64	-91.69
30	65	-86.54
30	67	-94.88
30	68	-84.19
30	69	-90.20
30	71	-94.98
30	76	-87.85
30	78	-90.75
30	82	-84.43
30	86	-86.04
30	87	-68.92
31	1	-92.15
31	3	-92.56
31	5	-89.63
31	10	-88.12
31	12	-84.81
31	14	-90.24
31	18	-86.13
31	22	-89.69
31	24	-68.46
31	25	-82.71
31	27	-92.14
31	28	-83.45
31	33	-78.09
31	35	-93.72
31	38	-84.86
31	41	-85.46
31	45	-58.61
31	47	-89.24
31	48	-87.16
31	49	-92.51
31	52	-81.35
31	55	-92.11
31	59	-71.81
31	70	-87.25
31	71	-92.59
31	72	-91.68
31	73	-79.29
31	74	-91.86
31	75	-92.09
31	77	-90.06
31	81	-84.90
31	84	-70.14
31	85	-87.06
31	90	-93.93
32	2	-84.26
32	3	-88.87
32	4	-93.12
32	5	-89.56
32	6	-71.21
32	7	-88.90
32	8	-84.85
32	10	-93.93
32	11	-89.78
32	13	-90.61
32	14	-91.50
32	17	-94.14
32	19	-93.85
32	21	-94.67
32	26	-84.50
32	27	-86.54
32	29	-78.94
32	34	-77.98
32	36	-89.45
32	37	-76.97
32	39	-87.90
32	40	-92.92
32	42	-93.52
32	43	-86.30
32	46	-88.83
32	49	-94.68
32	50	-77.48
32	54	-88.25
32	55	-87.89
32	56	-89.32
32	57	-93.37
32	58	-89.59
32	62	-89.95
32	63	-94.01
32	65	-94.36
32	66	-84.98
32	67	-73.97
32	68	-92.43
32	70	-91.96
32	71	-94.98
32	72	-91.46
32	74	-88.33
32	78	-77.64
32	79	-75.37
32	80	-88.41
32	82	-94.31
32	83	-67.51
32	85	-92.82
32	86	-93.35
32	87	-93.38
32	88	-81.92
32	89	-79.32
32	90	-92.59
33	1	-94.22
33	3	-87.79
33	5	-86.08
33	10	-79.53
33	12	-70.74
33	14	-84.04
33	18	-74.16
33	22	-93.82
33	24	-76.60
33	25	-86.15
33	27	-89.00
33	28	-66.95
33	31	-78.09
33	38	-87.38
33	41	-91.80
33	45	-77.57
33	47	-93.47
33	48	-92.31
33	49	-94.00
33	52	-84.69
33	54	-92.23
33	55	-90.87
33	59	-63.30
33	63	-89.96
33	70	-85.90
33	71	-94.18
33	72	-85.76
33	73	-82.42
33	74	-90.72
33	77	-92.67
33	81	-88.70
33	84	-80.45
33	85	-79.98
33	88	-94.80
33	89	-94.17
33	90	-88.52
34	2	-78.06
34	3	-93.67
34	4	-87.19
34	5	-93.03
34	6	-78.09
34	7	-87.54
34	8	-84.11
34	9	-94.27
34	11	-83.40
34	13	-82.95
34	15	-94.46
34	16	-90.01
34	17	-89.10
34	19	-88.39
34	21	-90.63
34	26	-91.14
34	27	-90.97
34	29	-74.11
34	30	-90.27
34	32	-77.98
34	36	-82.00
34	37	-87.38
34	39	-82.83
34	40	-87.47
34	42	-91.46
34	43	-75.43
34	46	-81.57
34	49	-94.36
34	50	-59.44
34	54	-93.85
34	55	-90.03
34	56	-81.28
34	57	-87.50
34	58	-94.86
34	60	-93.25
34	62	-83.32
34	64	-94.68
34	65	-91.67
34	66	-91.47
34	67	-81.98
34	68	-86.16
34	70	-94.10
34	71	-94.62
34	74	-90.35
34	78	-72.65
34	79	-86.42
34	80	-93.78
34	82	-91.21
34	83	-81.92
34	86	-90.45
34	87	-87.55
34	88	-90.00
34	89	-88.36
35	1	-78.80
35	7	-91.32
35	8	-93.84
35	9	-90.01
35	20	-85.90
35	21	-94.64
35	22	-74.26
35	23	-89.30
35	25	-87.62
35	31	-93.72
35	38	-87.09
35	39	-94.62
35	41	-85.50
35	42	-88.21
35	44	-79.65
35	45	-94.84
35	47	-75.39
35	48	-80.50
35	49	-82.85
35	51	-91.63
35	52	-88.81
35	53	-88.74
35	55	-92.78
35	60	-90.48
35	61	-80.70
35	64	-83.61
35	65	-89.83
35	69	-91.96
35	70	-91.96
35	71	-82.13
35	73	-90.24
35	74	-92.47
35	75	-62.82
35	76	-92.45
35	77	-79.17
35	81	-84.66
35	82	-91.24
35	84	-91.28
35	86	-90.60
36	1	-93.99
36	2	-87.51
36	4	-73.85
36	6	-87.34
36	7	-85.67
36	8	-85.22
36	9	-88.00
36	11	-86.15
36	13	-75.84
36	15	-86.71
36	16	-83.46
36	17	-75.84
36	19	-75.43
36	20	-94.48
36	21	-79.97
36	23	-90.22
36	27	-94.33
36	29	-81.99
36	30	-79.04
36	32	-89.45
36	34	-82.00
36	37	-94.14
36	39	-75.18
36	40	-86.74
36	42	-86.64
36	43	-68.09
36	44	-92.79
36	46	-84.76
36	49	-92.54
36	50	-81.33
36	55	-91.77
36	56	-81.32
36	57	-82.95
36	60	-86.47
36	62	-85.39
36	64	-90.66
36	65	-85.18
36	67	-89.23
36	68	-82.62
36	69	-93.20
36	71	-92.72
36	74	-91.91
36	76	-91.36
36	78	-82.46
36	79	-93.30
36	82	-83.57
36	83	-90.38
36	86	-83.60
36	87	-75.11
36	89	-94.42
37	2	-90.47
37	3	-83.00
37	5	-86.86
37	6	-80.68
37	7	-91.55
37	8	-88.39
37	10	-90.24
37	11	-94.52
37	12	-94.10
37	14	-87.04
37	18	-94.25
37	26	-77.66
37	27	-83.31
37	28	-94.67
37	29	-86.48
37	32	-76.97
37	34	-87.38
37	36	-94.14
37	39	-92.26
37	43	-92.12
37	46	-93.90
37	50	-86.86
37	54	-79.72
37	55	-87.93
37	56	-94.35
37	58	-82.29
37	62	-94.69
37	63	-88.97
37	66	-78.05
37	67	-78.62
37	70	-90.77
37	72	-86.35
37	74	-88.37
37	78	-85.93
37	79	-57.01
37	80	-82.48
37	83	-73.53
37	85	-89.54
37	88	-64.36
37	89	-60.10
37	90	-87.14
38	1	-80.32
38	3	-90.51
38	5	-84.11
38	6	-92.90
38	7	-87.43
38	8	-88.93
38	9	-94.08
38	10	-89.33
38	12	-90.11
38	14	-89.30
38	18	-91.21
38	20	-94.55
38	22	-83.17
38	23	-94.56
38	24	-88.58
38	25	-57.01
38	27	-86.86
38	28	-89.76
38	29	-93.20
38	31	-84.86
38	33	-87.38
38	35	-87.09
38	39	-92.84
38	41	-85.45
38	42	-89.24
38	44	-88.73
38	45	-86.94
38	47	-82.59
38	48	-82.46
38	49	-80.14
38	52	-63.30
38	54	-94.87
38	55	-82.74
38	59	-85.87
38	60	-93.77
38	61	-92.33
38	64	-88.96
38	65	-91.90
38	67	-91.85
38	70	-75.89
38	71	-80.47
38	72	-91.14
38	73	-70.12
38	74	-82.09
38	75	-84.21
38	77	-76.10
38	78	-93.53
38	79	-94.12
38	81	-63.58
38	82	-93.11
38	83	-93.51
38	84	-78.51
38	85	-86.17
38	86	-91.74
38	89	-93.89
38	90	-94.14
39	1	-89.91
39	2	-90.00
39	3	-94.61
39	4	-84.01
39	5	-92.03
39	6	-83.84
39	7	-76.28
39	8	-76.54
39	9	-85.97
39	11	-90.50
39	13	-85.11
39	15	-88.52
39	16	-89.79
39	17	-82.99
39	19	-84.20
39	20	-92.75
39	21	-81.35
39	23	-88.52
39	25	-93.97
39	27	-90.77
39	29	-76.96
39	30	-85.42
39	32	-87.90
39	34	-82.83
39	35	-94.62
39	36	-75.18
39	37	-92.26
39	38	-92.84
39	40	-91.64
39	42	-80.45
39	43	-77.31
39	44	-89.38
39	46	-89.37
39	49	-87.79
39	50	-80.51
39	52	-94.35
39	55	-86.71
39	56	-87.48
39	57	-89.44
39	60	-84.09
39	61	-92.72
39	62	-90.08
39	64	-86.64
39	65	-80.58
39	67	-85.55
39	68	-89.09
39	69	-92.65
39	70	-91.45
39	71	-88.09
39	73	-94.99
39	74	-86.86
39	75	-94.13
39	76	-90.97
39	77	-91.55
39	78	-78.29
39	79	-91.12
39	81	-93.72
39	82	-79.86
39	83	-87.75
39	86	-77.76
39	87	-84.67
39	88	-94.01
39	89	-92.22
40	2	-83.29
40	4	-84.48
40	6	-93.46
40	8	-94.76
40	11	-70.98
40	13	-77.76
40	15	-94.07
40	16	-79.99
40	17	-88.53
40	19	-86.17
40	21	-92.40
40	29	-91.47
40	30	-88.25
40	32	-92.92
40	34	-87.47
40	36	-86.74
40	39	-91.64
40	43	-85.33
40	46	-73.13
40	50	-88.93
40	56	-73.01
40	57	-71.58
40	62	-69.33
40	67	-94.92
40	68	-68.43
40	78	-91.29
40	82	-94.93
40	83	-94.79
40	87	-84.21
41	1	-87.90
41	5	-94.32
41	12	-94.70
41	22	-77.22
41	24	-88.75
41	25	-84.18
41	28	-94.12
41	31	-85.46
41	33	-91.80
41	35	-85.50
41	38	-85.45
41	44	-92.00
41	45	-86.95
41	47	-76.55
41	48	-69.47
41	49	-89.71
41	52	-84.81
41	55	-94.07
41	59	-89.76
41	61	-93.23
41	64	-93.35
41	70	-91.14
41	71	-89.52
41	73	-85.64
41	74	-93.77
41	75	-83.60
41	77	-85.33
41	81	-82.33
41	84	-83.61
41	85	-94.27
42	1	-81.68
42	4	-89.99
42	5	-92.28
42	6	-90.30
42	7	-76.24
42	8	-82.74
42	9	-78.06
42	13	-92.16
42	15	-87.89
42	16	-94.21
42	17	-87.58
42	19	-89.45
42	20	-86.04
42	21	-82.45
42	22	-90.73
42	23	-81.18
42	25	-90.63
42	27	-92.06
42	29	-87.47
42	30	-89.22
42	32	-93.52
42	34	-91.46
42	35	-88.21
42	36	-86.64
42	38	-89.24
42	39	-80.45
42	43	-88.73
42	44	-78.37
42	47	-90.81
42	48	-92.48
42	49	-79.07
42	50	-90.06
42	51	-90.90
42	52	-91.39
42	53	-90.58
42	55	-86.88
42	56	-94.05
42	57	-94.68
42	60	-76.02
42	61	-85.12
42	64	-71.70
42	65	-66.67
42	67	-90.66
42	68	-94.66
42	69	-88.20
42	70	-90.02
42	71	-79.17
42	73	-92.47
42	74	-86.70
42	75	-87.79
42	76	-86.70
42	77	-85.11
42	78	-88.21
42	79	-94.78
42	81	-89.54
42	82	-72.46
42	83	-92.64
42	84	-94.78
42	86	-66.11
42	87	-90.39
43	1	-94.87
43	2	-83.53
43	4	-79.22
43	5	-94.80
43	6	-84.49
43	7	-86.25
43	8	-84.49
43	9	-90.84
43	11	-83.23
43	13	-74.86
43	15	-90.16
43	16	-85.05
43	17	-82.13
43	19	-81.07
43	21	-85.08
43	23	-92.72
43	27	-93.31
43	29	-78.37
43	30	-84.00
43	32	-86.30
43	34	-75.43
43	36	-68.09
43	37	-92.12
43	39	-77.31
43	40	-85.33
43	42	-88.73
43	44	-94.35
43	46	-81.31
43	49	-93.38
43	50	-75.23
43	55	-91.23
43	56	-77.86
43	57	-82.90
43	60	-89.56
43	62	-82.51
43	64	-92.45
43	65	-88.09
43	67	-86.97
43	68	-81.78
43	71	-93.60
43	74	-91.43
43	76	-93.87
43	78	-78.54
43	79	-91.25
43	82	-87.06
43	83	-87.89
43	86	-86.64
43	87	-79.93
43	88	-94.04
43	89	-92.60
44	1	-77.09
44	4	-94.59
44	5	-94.48
44	7	-86.07
44	8	-89.85
44	9	-80.76
44	15	-90.62
44	17	-92.50
44	19	-94.02
44	20	-79.07
44	21	-88.44
44	22	-85.74
44	23	-80.21
44	25	-89.86
44	27	-94.87
44	29	-93.38
44	30	-93.48
44	35	-79.65
44	36	-92.79
44	38	-88.73
44	39	-89.38
44	41	-92.00
44	42	-78.37
44	43	-94.35
44	47	-86.05
44	48	-88.69
44	49	-78.66
44	51	-87.71
44	52	-90.86
44	53	-85.60
44	55	-90.70
44	60	-81.43
44	61	-73.43
44	64	-64.51
44	65	-80.36
44	69	-86.40
44	70	-91.67
44	71	-77.85
44	73	-92.15
44	74	-90.44
44	75	-80.53
44	76	-86.27
44	77	-81.57
44	78	-93.87
44	81	-87.85
44	82	-82.88
44	84	-93.96
44	86	-82.09
44	87	-94.85
45	1	-93.47
45	3	-92.99
45	5	-90.56
45	10	-88.32
45	12	-84.33
45	14	-90.63
45	18	-85.55
45	22	-91.12
45	24	-58.93
45	25	-85.12
45	27	-92.92
45	28	-82.83
45	31	-58.61
45	33	-77.57
45	35	-94.84
45	38	-86.94
45	41	-86.95
45	47	-90.71
45	48	-88.77
45	49	-93.79
45	52	-83.93
45	55	-93.17
45	59	-71.65
45	63	-95.00
45	70	-88.70
45	71	-93.87
45	72	-91.94
45	73	-82.13
45	74	-92.95
45	75	-93.36
45	77	-91.57
45	81	-87.03
45	84	-75.37
45	85	-87.71
45	90	-93.98
46	2	-74.11
46	4	-85.17
46	6	-89.85
46	7	-93.73
46	8	-92.21
46	11	-53.97
46	13	-76.78
46	15	-94.61
46	16	-84.42
46	17	-88.85
46	19	-86.93
46	21	-92.12
46	29	-87.76
46	30	-89.17
46	32	-88.83
46	34	-81.57
46	36	-84.76
46	37	-93.90
46	39	-89.37
46	40	-73.13
46	43	-81.31
46	50	-84.01
46	56	-64.41
46	57	-78.48
46	62	-52.83
46	65	-94.87
46	67	-91.68
46	68	-75.14
46	78	-87.40
46	79	-93.56
46	82	-94.11
46	83	-91.36
46	86	-94.04
46	87	-85.18
46	89	-94.78
47	1	-80.34
47	5	-93.29
47	7	-92.11
47	8	-94.13
47	9	-93.56
47	20	-91.40
47	22	-40.23
47	23	-93.31
47	24	-92.19
47	25	-82.41
47	27	-94.70
47	31	-89.24
47	33	-93.47
47	35	-75.39
47	38	-82.59
47	41	-76.55
47	42	-90.81
47	44	-86.05
47	45	-90.71
47	48	-63.58
47	49	-83.76
47	52	-83.88
47	53	-93.50
47	55	-91.73
47	59	-91.92
47	60	-93.72
47	61	-88.07
47	64	-88.13
47	65	-92.70
47	70	-89.51
47	71	-83.31
47	73	-85.62
47	74	-91.38
47	75	-70.14
47	77	-76.89
47	81	-78.26
47	82	-93.93
47	84	-86.15
47	85	-94.24
47	86	-93.09
48	1	-83.40
48	5	-93.19
48	7	-93.25
48	8	-94.96
48	12	-94.96
48	20	-93.32
48	22	-65.63
48	23	-94.98
48	24	-90.45
48	25	-81.62
48	27	-94.76
48	28	-94.48
48	31	-87.16
48	33	-92.31
48	35	-80.50
48	38	-82.46
48	41	-69.47
48	42	-92.48
48	44	-88.69
48	45	-88.77
48	47	-63.58
48	49	-85.97
48	52	-82.89
48	55	-92.22
48	59	-90.50
48	61	-90.45
48	64	-90.35
48	65	-94.26
48	70	-89.47
48	71	-85.67
48	73	-84.44
48	74	-91.87
48	75	-77.16
48	77	-79.99
48	81	-78.03
48	84	-84.07
48	85	-93.74
48	86	-94.55
49	1	-63.06
49	3	-93.72
49	5	-88.79
49	6	-91.59
49	7	-80.49
49	8	-85.06
49	9	-87.27
49	10	-94.27
49	14	-93.56
49	15	-93.90
49	17	-93.81
49	19	-94.98
49	20	-88.79
49	21	-90.79
49	22	-83.82
49	23	-88.08
49	24	-94.87
49	25	-82.52
49	27	-89.62
49	29	-90.49
49	30	-94.93
49	31	-92.51
49	32	-94.68
49	33	-94.00
49	34	-94.36
49	35	-82.85
49	36	-92.54
49	38	-80.14
49	39	-87.79
49	41	-89.71
49	42	-79.07
49	43	-93.38
49	44	-78.66
49	45	-93.79
49	47	-83.76
49	48	-85.97
49	50	-93.07
49	51	-93.76
49	52	-83.99
49	53	-92.47
49	55	-83.41
49	59	-93.20
49	60	-86.82
49	61	-85.97
49	64	-77.98
49	65	-83.88
49	67	-91.16
49	69	-92.53
49	70	-84.27
49	71	-40.23
49	72	-94.84
49	73	-85.91
49	74	-82.88
49	75	-80.45
49	76	-92.03
49	77	-70.59
49	78	-91.03
49	79	-94.63
49	81	-80.15
49	82	-86.02
49	83	-93.15
49	84	-89.15
49	85	-91.90
49	86	-83.93
49	89	-94.85
50	1	-94.72
50	2	-81.51
50	3	-92.81
50	4	-87.30
50	5	-91.83
50	6	-75.00
50	7	-85.42
50	8	-81.28
50	9	-93.39
50	11	-85.61
50	13	-83.99
50	14	-94.58
50	15	-94.03
50	16	-90.60
50	17	-88.78
50	19	-88.35
50	21	-89.87
50	23	-94.98
50	26	-91.28
50	27	-89.65
50	29	-67.73
50	30	-90.11
50	32	-77.48
50	34	-59.44
50	36	-81.33
50	37	-86.86
50	39	-80.51
50	40	-88.93
50	42	-90.06
50	43	-75.23
50	46	-84.01
50	49	-93.07
50	54	-93.35
50	55	-88.31
50	56	-83.31
50	57	-88.52
50	58	-94.65
50	60	-92.30
50	62	-85.46
50	64	-93.56
50	65	-90.47
50	66	-91.59
50	67	-79.70
50	68	-87.40
50	70	-92.84
50	71	-93.36
50	72	-94.87
50	74	-88.66
50	78	-65.50
50	79	-85.64
50	80	-93.87
50	82	-90.08
50	83	-80.45
50	86	-89.12
50	87	-87.71
50	88	-89.56
50	89	-87.62
51	1	-93.26
51	9	-84.59
51	15	-87.62
51	17	-93.36
51	19	-94.80
51	20	-76.60
51	21	-90.26
51	23	-81.22
51	30	-93.53
51	35	-91.63
51	42	-90.90
51	44	-87.71
51	49	-93.76
51	53	-69.97
51	60	-86.40
51	61	-82.93
51	64	-88.29
51	65	-89.17
51	69	-71.07
51	71	-93.51
51	75	-93.05
51	76	-77.64
51	77	-94.76
51	82	-89.22
51	86	-90.48
52	1	-83.96
52	3	-90.07
52	5	-83.96
52	6	-93.81
52	7	-89.59
52	8	-90.61
52	10	-87.93
52	12	-88.20
52	14	-88.39
52	18	-89.45
52	22	-84.49
52	24	-85.90
52	25	-52.83
52	27	-87.14
52	28	-87.69
52	29	-94.36
52	31	-81.35
52	33	-84.69
52	35	-88.81
52	38	-63.30
52	39	-94.35
52	41	-84.81
52	42	-91.39
52	44	-90.86
52	45	-83.93
52	47	-83.88
52	48	-82.89
52	49	-83.99
52	54	-94.60
52	55	-84.53
52	59	-82.64
52	61	-93.91
52	64	-91.15
52	65	-93.72
52	67	-92.70
52	70	-76.60
52	71	-84.23
52	72	-90.35
52	73	-57.15
52	74	-84.00
52	75	-86.25
52	77	-80.49
52	78	-94.64
52	79	-94.47
52	81	-69.00
52	82	-94.78
52	83	-94.16
52	84	-72.65
52	85	-84.74
52	86	-93.56
52	89	-94.11
52	90	-93.44
53	1	-91.61
53	9	-85.64
53	15	-90.34
53	17	-94.84
53	20	-72.00
53	21	-91.75
53	22	-93.19
53	23	-82.42
53	35	-88.74
53	42	-90.58
53	44	-85.60
53	47	-93.50
53	49	-92.47
53	51	-69.97
53	60	-87.32
53	61	-78.35
53	64	-87.07
53	65	-89.45
53	69	-78.35
53	71	-92.15
53	75	-90.62
53	76	-82.26
53	77	-93.11
53	82	-89.89
53	86	-90.77
54	3	-75.89
54	5	-85.78
54	6	-89.09
54	7	-94.72
54	8	-92.66
54	10	-84.61
54	12	-89.66
54	14	-80.84
54	18	-89.54
54	26	-82.62
54	27	-83.83
54	28	-90.58
54	29	-92.59
54	32	-88.25
54	33	-92.23
54	34	-93.85
54	37	-79.72
54	38	-94.87
54	50	-93.35
54	52	-94.60
54	55	-90.01
54	58	-73.51
54	59	-93.67
54	63	-78.35
54	66	-82.29
54	67	-87.24
54	70	-90.51
54	72	-77.72
54	73	-94.05
54	74	-90.30
54	78	-92.34
54	79	-80.88
54	80	-82.46
54	83	-85.88
54	85	-85.61
54	88	-74.34
54	89	-77.45
54	90	-75.11
55	1	-86.13
55	3	-84.94
55	5	-76.02
55	6	-83.24
55	7	-79.26
55	8	-77.43
55	9	-93.06
55	10	-88.09
55	12	-91.36
55	14	-85.76
55	17	-94.84
55	18	-92.15
55	21	-93.35
55	22	-91.94
55	23	-94.21
55	24	-93.91
55	25	-84.49
55	26	-93.60
55	27	-75.29
55	28	-91.55
55	29	-84.63
55	31	-92.11
55	32	-87.89
55	33	-90.87
55	34	-90.03
55	35	-92.78
55	36	-91.77
55	37	-87.93
55	38	-82.74
55	39	-86.71
55	41	-94.07
55	42	-86.88
55	43	-91.23
55	44	-90.70
55	45	-93.17
55	47	-91.73
55	48	-92.22
55	49	-83.41
55	50	-88.31
55	52	-84.53
55	54	-90.01
55	58	-93.60
55	59	-90.92
55	60	-92.28
55	61	-94.45
55	63	-93.24
55	64	-89.46
55	65	-89.71
55	66	-93.70
55	67	-81.07
55	70	-74.29
55	71	-84.09
55	72	-87.55
55	73	-85.06
55	74	-38.63
55	75	-91.27
55	77	-86.08
55	78	-85.07
55	79	-86.27
55	81	-85.76
55	82	-90.63
55	83	-84.50
55	84	-89.13
55	85	-84.49
55	86	-88.81
55	88	-89.07
55	89	-86.41
55	90	-91.10
56	2	-78.70
56	4	-81.33
56	6	-89.64
56	7	-92.58
56	8	-91.24
56	9	-94.85
56	11	-68.55
56	13	-68.92
56	15	-92.75
56	16	-81.17
56	17	-85.98
56	19	-83.59
56	21	-89.96
56	29	-86.84
56	30	-86.37
56	32	-89.32
56	34	-81.28
56	36	-81.32
56	37	-94.35
56	39	-87.48
56	40	-73.01
56	42	-94.05
56	43	-77.86
56	46	-64.41
56	50	-83.31
56	57	-73.97
56	60	-93.96
56	62	-65.46
56	65	-93.31
56	67	-91.52
56	68	-69.40
56	78	-86.61
56	79	-93.89
56	82	-92.40
56	83	-91.51
56	86	-92.42
56	87	-81.37
57	2	-86.27
57	4	-77.64
57	6	-93.23
57	7	-94.24
57	8	-93.60
57	9	-94.39
57	11	-78.66
57	13	-70.80
57	15	-90.76
57	16	-69.28
57	17	-83.62
57	19	-80.08
57	21	-88.98
57	29	-90.62
57	30	-82.99
57	32	-93.37
57	34	-87.50
57	36	-82.95
57	39	-89.44
57	40	-71.58
57	42	-94.68
57	43	-82.90
57	46	-78.48
57	50	-88.52
57	56	-73.97
57	60	-93.60
57	62	-77.06
57	65	-93.49
57	67	-94.70
57	68	-55.98
57	78	-90.58
57	82	-92.38
57	83	-94.90
57	86	-92.81
57	87	-77.03
58	3	-84.69
58	5	-90.79
58	6	-91.38
58	10	-89.64
58	12	-93.11
58	14	-87.43
58	18	-92.85
58	26	-78.26
58	27	-89.23
58	28	-93.87
58	29	-94.44
58	32	-89.59
58	34	-94.86
58	37	-82.29
58	50	-94.65
58	54	-73.51
58	55	-93.60
58	63	-81.85
58	66	-77.45
58	67	-90.18
58	70	-94.29
58	72	-85.33
58	74	-93.84
58	78	-94.14
58	79	-84.16
58	80	-74.16
58	83	-88.44
58	85	-90.66
58	88	-77.66
58	89	-82.15
58	90	-81.96
59	1	-93.24
59	3	-89.43
59	5	-86.93
59	10	-82.95
59	12	-77.43
59	14	-86.27
59	18	-79.65
59	22	-92.30
59	24	-71.72
59	25	-84.26
59	27	-89.83
59	28	-75.14
59	31	-71.81
59	33	-63.30
59	38	-85.87
59	41	-89.76
59	45	-71.65
59	47	-91.92
59	48	-90.50
59	49	-93.20
59	52	-82.64
59	54	-93.67
59	55	-90.92
59	63	-91.95
59	70	-85.66
59	71	-93.35
59	72	-87.97
59	73	-80.06
59	74	-90.73
59	75	-94.00
59	77	-91.48
59	81	-86.95
59	84	-76.09
59	85	-82.32
59	90	-90.61
60	1	-87.69
60	4	-87.93
60	6	-93.60
60	7	-85.30
60	8	-88.63
60	9	-55.98
60	13	-91.54
60	15	-80.51
60	16	-92.38
60	17	-84.04
60	19	-86.79
60	20	-82.33
60	21	-75.39
60	22	-93.57
60	23	-69.69
60	25	-94.76
60	29	-90.81
60	30	-85.56
60	34	-93.25
60	35	-90.48
60	36	-86.47
60	38	-93.77
60	39	-84.09
60	42	-76.02
60	43	-89.56
60	44	-81.43
60	47	-93.72
60	49	-86.82
60	50	-92.30
60	51	-86.40
60	53	-87.32
60	55	-92.28
60	56	-93.96
60	57	-93.60
60	61	-84.04
60	64	-77.55
60	65	-66.45
60	67	-94.19
60	68	-93.87
60	69	-81.43
60	70	-94.60
60	71	-86.71
60	74	-92.19
60	75	-90.86
60	76	-78.09
60	77	-90.19
60	78	-91.36
60	81	-93.75
60	82	-64.56
60	86	-71.21
60	87	-88.28
61	1	-84.40
61	7	-90.85
61	8	-93.66
61	9	-82.51
61	15	-90.84
61	17	-93.94
61	20	-68.87
61	21	-90.26
61	22	-87.66
61	23	-79.86
61	25	-93.07
61	30	-94.63
61	35	-80.70
61	38	-92.33
61	39	-92.72
61	41	-93.23
61	42	-85.12
61	44	-73.43
61	47	-88.07
61	48	-90.45
61	49	-85.97
61	51	-82.93
61	52	-93.91
61	53	-78.35
61	55	-94.45
61	60	-84.04
61	64	-78.27
61	65	-85.05
61	69	-83.31
61	71	-85.44
61	73	-94.97
61	74	-94.24
61	75	-83.34
61	76	-84.53
61	77	-86.78
61	81	-91.29
61	82	-86.45
61	86	-86.68
62	2	-76.60
62	4	-85.12
62	6	-90.87
62	7	-94.34
62	8	-92.96
62	11	-47.08
62	13	-76.89
62	15	-94.61
62	16	-83.60
62	17	-88.91
62	19	-86.88
62	21	-92.32
62	29	-88.85
62	30	-89.09
62	32	-89.95
62	34	-83.32
62	36	-85.39
62	37	-94.69
62	39	-90.08
62	40	-69.33
62	43	-82.51
62	46	-52.83
62	50	-85.46
62	56	-65.46
62	57	-77.06
62	67	-92.58
62	68	-73.43
62	78	-88.54
62	79	-94.37
62	82	-94.44
62	83	-92.30
62	86	-94.43
62	87	-85.07
63	3	-81.54
63	5	-88.63
63	6	-94.26
63	10	-81.97
63	12	-85.89
63	14	-81.43
63	18	-85.06
63	24	-94.59
63	26	-89.74
63	27	-88.52
63	28	-87.15
63	32	-94.01
63	33	-89.96
63	37	-88.97
63	45	-95.00
63	54	-78.35
63	55	-93.24
63	58	-81.85
63	59	-91.95
63	66	-89.44
63	67	-92.87
63	70	-92.25
63	72	-77.73
63	73	-94.28
63	74	-93.38
63	79	-89.47
63	80	-88.44
63	83	-92.28
63	85	-85.55
63	88	-86.41
63	89	-87.66
63	90	-64.93
64	1	-78.37
64	4	-92.82
64	5	-93.80
64	6	-93.52
64	7	-83.18
64	8	-87.68
64	9	-77.48
64	13	-94.96
64	15	-88.98
64	17	-90.50
64	19	-92.21
64	20	-80.94
64	21	-85.84
64	22	-87.93
64	23	-78.37
64	25	-90.22
64	27	-93.99
64	29	-91.51
64	30	-91.69
64	34	-94.68
64	35	-83.61
64	36	-90.66
64	38	-88.96
64	39	-86.64
64	41	-93.35
64	42	-71.70
64	43	-92.45
64	44	-64.51
64	47	-88.13
64	48	-90.35
64	49	-77.98
64	50	-93.56
64	51	-88.29
64	52	-91.15
64	53	-87.07
64	55	-89.46
64	60	-77.55
64	61	-78.27
64	65	-74.86
64	67	-93.65
64	69	-86.11
64	70	-91.16
64	71	-77.45
64	73	-92.37
64	74	-89.22
64	75	-83.78
64	76	-85.33
64	77	-82.83
64	78	-92.07
64	81	-88.55
64	82	-78.57
64	84	-94.39
64	86	-77.16
64	87	-93.12
65	1	-85.44
65	4	-88.00
65	5	-94.34
65	6	-91.53
65	7	-80.84
65	8	-85.33
65	9	-71.21
65	13	-91.02
65	15	-84.19
65	16	-92.67
65	17	-84.71
65	19	-87.15
65	20	-84.76
65	21	-77.36
65	22	-92.59
65	23	-76.96
65	25	-93.06
65	27	-94.00
65	29	-88.45
65	30	-86.54
65	32	-94.36
65	34	-91.67
65	35	-89.83
65	36	-85.18
65	38	-91.90
65	39	-80.58
65	42	-66.67
65	43	-88.09
65	44	-80.36
65	46	-94.87
65	47	-92.70
65	48	-94.26
65	49	-83.88
65	50	-90.47
65	51	-89.17
65	52	-93.72
65	53	-89.45
65	55	-89.71
65	56	-93.31
65	57	-93.49
65	60	-66.45
65	61	-85.05
65	64	-74.86
65	67	-92.11
65	68	-93.60
65	69	-85.55
65	70	-92.55
65	71	-83.86
65	73	-94.65
65	74	-89.61
65	75	-89.83
65	76	-83.31
65	77	-88.26
65	78	-89.12
65	81	-92.07
65	82	-58.16
65	83	-93.82
65	86	-55.98
65	87	-88.41
66	2	-92.03
66	3	-88.38
66	5	-92.38
66	6	-88.69
66	8	-93.93
66	10	-93.32
66	14	-91.12
66	26	-38.63
66	27	-90.32
66	29	-92.07
66	32	-84.98
66	34	-91.47
66	37	-78.05
66	50	-91.59
66	54	-82.29
66	55	-93.70
66	58	-77.45
66	63	-89.44
66	67	-88.03
66	72	-89.96
66	74	-93.99
66	78	-91.61
66	79	-81.01
66	80	-66.45
66	83	-85.25
66	85	-93.47
66	88	-75.97
66	89	-80.59
66	90	-88.88
67	1	-93.00
67	2	-89.02
67	3	-85.50
67	4	-93.35
67	5	-84.41
67	6	-61.48
67	7	-84.26
67	8	-78.37
67	10	-91.19
67	11	-92.58
67	12	-94.65
67	13	-91.85
67	14	-88.32
67	17	-93.77
67	19	-93.86
67	21	-93.53
67	25	-92.76
67	26	-87.76
67	27	-80.15
67	29	-75.97
67	30	-94.88
67	32	-73.97
67	34	-81.98
67	36	-89.23
67	37	-78.62
67	38	-91.85
67	39	-85.55
67	40	-94.92
67	42	-90.66
67	43	-86.97
67	46	-91.68
67	49	-91.16
67	50	-79.70
67	52	-92.70
67	54	-87.24
67	55	-81.07
67	56	-91.52
67	57	-94.70
67	58	-90.18
67	60	-94.19
67	62	-92.58
67	63	-92.87
67	64	-93.65
67	65	-92.11
67	66	-88.03
67	68	-93.99
67	70	-87.26
67	71	-91.55
67	72	-88.79
67	73	-92.82
67	74	-81.78
67	77	-93.39
67	78	-75.40
67	79	-75.18
67	80	-90.58
67	81	-93.54
67	82	-92.34
67	83	-63.95
67	85	-89.34
67	86	-91.00
67	87	-93.66
67	88	-82.51
67	89	-78.05
67	90	-90.97
68	2	-84.43
68	4	-78.82
68	6	-92.43
68	7	-93.95
68	8	-93.13
68	9	-94.68
68	11	-75.49
68	13	-68.79
68	15	-91.51
68	16	-73.90
68	17	-84.49
68	19	-81.28
68	21	-89.43
68	29	-89.81
68	30	-84.19
68	32	-92.43
68	34	-86.16
68	36	-82.62
68	39	-89.09
68	40	-68.43
68	42	-94.66
68	43	-81.78
68	46	-75.14
68	50	-87.40
68	56	-69.40
68	57	-55.98
68	60	-93.87
68	62	-73.43
68	65	-93.60
68	67	-93.99
68	78	-89.73
68	82	-92.56
68	83	-94.13
68	86	-92.87
68	87	-78.43
69	1	-92.37
69	4	-92.84
69	7	-93.26
69	9	-78.99
69	15	-82.37
69	17	-89.96
69	19	-91.77
69	20	-77.03
69	21	-85.98
69	23	-74.60
69	30	-90.20
69	35	-91.96
69	36	-93.20
69	39	-92.65
69	42	-88.20
69	44	-86.40
69	49	-92.53
69	51	-71.07
69	53	-78.35
69	60	-81.43
69	61	-83.31
69	64	-86.11
69	65	-85.55
69	71	-92.32
69	75	-93.07
69	76	-63.30
69	77	-94.12
69	82	-85.22
69	86	-87.11
69	87	-92.96
70	1	-85.92
70	3	-84.34
70	5	-72.35
70	6	-89.01
70	7	-85.83
70	8	-85.74
70	10	-84.43
70	12	-87.38
70	14	-83.15
70	18	-88.57
70	22	-89.85
70	24	-89.71
70	25	-77.45
70	27	-77.98
70	28	-87.39
70	29	-90.29
70	31	-87.25
70	32	-91.96
70	33	-85.90
70	34	-94.10
70	35	-91.96
70	37	-90.77
70	38	-75.89
70	39	-91.45
70	41	-91.14
70	42	-90.02
70	44	-91.67
70	45	-88.70
70	47	-89.51
70	48	-89.47
70	49	-84.27
70	50	-92.84
70	52	-76.60
70	54	-90.51
70	55	-74.29
70	58	-94.29
70	59	-85.66
70	60	-94.60
70	63	-92.25
70	64	-91.16
70	65	-92.55
70	67	-87.26
70	71	-84.80
70	72	-85.80
70	73	-76.57
70	74	-73.51
70	75	-90.07
70	77	-84.45
70	78	-90.58
70	79	-89.62
70	81	-80.95
70	82	-93.51
70	83	-89.24
70	84	-83.07
70	85	-79.24
70	86	-92.04
70	88	-91.10
70	89	-89.18
70	90	-90.02
71	1	-60.28
71	3	-94.04
71	5	-89.22
71	6	-91.96
71	7	-81.14
71	8	-85.60
71	9	-87.10
71	10	-94.53
71	14	-93.86
71	15	-93.85
71	17	-93.89
71	20	-88.41
71	21	-90.83
71	22	-83.35
71	23	-87.85
71	24	-94.95
71	25	-82.74
71	27	-90.06
71	29	-90.84
