1	2	-71.21
1	3	-87.25
1	4	-68.26
1	5	-92.56
1	9	-89.65
1	10	-91.39
1	14	-92.72
1	15	-74.74
1	16	-94.72
1	17	-69.69
1	18	-87.74
1	19	-63.58
1	21	-92.96
1	22	-87.57
1	23	-92.67
1	24	-79.62
1	25	-93.35
1	26	-86.76
1	27	-88.33
1	30	-82.63
1	33	-84.18
1	35	-94.03
1	36	-86.21
1	40	-70.43
1	44	-93.43
1	46	-92.06
1	49	-86.06
1	51	-85.66
1	53	-94.47
1	54	-74.29
1	56	-90.29
1	58	-81.85
1	59	-63.58
1	60	-88.57
1	64	-92.40
1	65	-73.23
1	66	-80.72
1	69	-77.96
1	70	-88.19
1	71	-78.68
1	72	-76.09
1	75	-90.87
1	77	-88.76
1	78	-89.85
1	80	-94.61
2	1	-71.21
2	3	-90.24
2	4	-77.73
2	5	-93.95
2	7	-94.00
2	8	-94.41
2	9	-86.48
2	10	-92.75
2	13	-93.52
2	14	-89.49
2	15	-67.79
2	16	-92.06
2	17	-69.28
2	18	-88.73
2	19	-62.32
2	21	-89.67
2	22	-85.66
2	23	-90.24
2	24	-82.69
2	25	-90.43
2	26	-87.45
2	27	-89.51
2	28	-93.35
2	30	-80.11
2	32	-93.41
2	33	-82.91
2	35	-92.63
2	36	-88.32
2	40	-80.70
2	44	-90.26
2	46	-88.47
2	47	-93.94
2	49	-86.72
2	51	-82.74
2	54	-81.17
2	56	-85.90
2	58	-83.25
2	59	-76.99
2	60	-85.48
2	64	-89.28
2	65	-70.40
2	66	-83.34
2	69	-70.32
2	70	-83.45
2	71	-83.78
2	72	-83.57
2	74	-92.40
2	75	-87.11
2	77	-84.03
2	78	-87.25
2	80	-92.47
3	1	-87.25
3	2	-90.24
3	4	-82.90
3	5	-79.46
3	10	-78.46
3	15	-92.18
3	17	-90.94
3	18	-80.02
3	19	-89.58
3	22	-89.50
3	24	-92.53
3	26	-81.61
3	27	-78.76
3	33	-86.58
3	35	-93.99
3	36	-72.40
3	40	-83.90
3	42	-90.46
3	53	-84.32
3	54	-89.50
3	58	-93.95
3	59	-84.28
3	65	-91.83
3	66	-93.02
3	69	-93.12
3	70	-94.79
3	71	-75.89
3	72	-86.64
3	78	-92.70
3	79	-93.06
4	1	-68.26
4	2	-77.73
4	3	-82.90
4	5	-89.70
4	9	-92.40
4	10	-88.32
4	14	-94.72
4	15	-81.55
4	17	-78.91
4	18	-84.12
4	19	-75.43
4	21	-93.68
4	22	-86.19
4	23	-92.43
4	24	-84.14
4	26	-83.18
4	27	-84.71
4	30	-87.11
4	33	-81.85
4	35	-93.09
4	36	-81.57
4	40	-66.95
4	42	-94.38
4	44	-94.13
4	46	-92.94
4	49	-89.40
4	51	-89.35
4	53	-92.04
4	54	-79.07
4	56	-92.07
4	58	-86.15
4	59	-55.13
4	60	-91.58
4	64	-92.76
4	65	-80.86
4	66	-84.99
4	69	-83.51
4	70	-89.25
4	71	-69.30
4	72	-76.99
4	75	-93.11
4	77	-89.99
4	78	-89.32
4	80	-94.37
5	1	-92.56
5	2	-93.95
5	3	-79.46
5	4	-89.70
5	10	-59.34
5	18	-78.62
5	19	-93.94
5	22	-89.46
5	23	-94.66
5	26	-81.43
5	27	-76.28
5	33	-87.91
5	35	-91.99
5	36	-77.94
5	40	-91.15
5	42	-82.69
5	53	-66.45
5	54	-94.85
5	55	-94.69
5	59	-90.83
5	71	-86.13
5	72	-93.18
5	78	-92.50
5	79	-86.05
6	8	-86.79
6	10	-94.22
6	12	-83.54
6	13	-83.84
6	16	-88.88
6	18	-92.44
6	20	-90.24
6	21	-91.68
6	22	-88.69
6	23	-84.89
6	26	-91.99
6	27	-92.90
6	28	-94.34
6	29	-84.53
6	31	-91.11
6	32	-87.58
6	33	-91.39
6	35	-77.98
6	36	-94.79
6	38	-86.21
6	39	-90.33
6	42	-89.26
6	43	-86.90
6	44	-91.69
6	45	-84.67
6	46	-92.39
6	48	-75.94
6	53	-94.30
6	55	-77.02
6	61	-90.63
6	62	-67.79
6	63	-77.03
6	64	-89.23
6	68	-80.11
6	70	-92.65
6	76	-91.16
6	77	-93.30
6	78	-87.06
6	79	-94.21
6	80	-82.61
7	2	-94.00
7	8	-92.22
7	9	-87.24
7	11	-89.47
7	13	-93.54
7	14	-78.40
7	15	-93.56
7	16	-90.06
7	17	-94.96
7	21	-87.19
7	23	-93.70
7	25	-79.44
7	28	-82.74
7	30	-92.91
7	32	-91.32
7	34	-63.12
7	37	-78.93
7	41	-86.89
7	44	-87.01
7	46	-86.64
7	47	-60.86
7	50	-88.87
7	51	-91.32
7	52	-87.74
7	56	-82.69
7	57	-87.84
7	60	-88.80
7	64	-90.26
7	65	-94.38
7	67	-88.66
7	69	-92.49
7	70	-89.30
7	73	-77.45
7	74	-69.69
7	75	-81.68
7	77	-88.03
7	78	-94.40
7	80	-94.19
8	2	-94.41
8	6	-86.79
8	7	-92.22
8	11	-85.55
8	12	-89.12
8	13	-66.11
8	14	-93.69
8	16	-68.68
8	20	-94.99
8	21	-79.07
8	22	-88.82
8	23	-78.54
8	25	-94.84
8	26	-94.24
8	28	-81.94
8	29	-93.74
8	31	-87.25
8	32	-56.73
8	33	-91.50
8	34	-92.08
8	35	-85.16
8	37	-86.82
8	38	-85.88
8	39	-86.50
8	41	-86.93
8	43	-89.10
8	44	-78.33
8	45	-76.67
8	46	-81.50
8	47	-93.57
8	48	-92.06
8	50	-85.46
8	52	-87.06
8	55	-92.64
8	56	-88.98
8	57	-92.39
8	61	-93.82
8	62	-82.45
8	63	-91.35
8	64	-77.22
8	68	-76.09
8	70	-85.74
8	73	-93.01
8	74	-93.68
8	75	-93.26
8	76	-93.38
8	77	-85.88
8	78	-84.50
8	80	-74.07
9	1	-89.65
9	2	-86.48
9	4	-92.40
9	7	-87.24
9	14	-76.17
9	15	-83.40
9	16	-93.90
9	17	-85.80
9	19	-87.19
9	21	-90.97
9	22	-94.42
9	23	-94.82
9	24	-88.07
9	25	-75.49
9	28	-91.85
9	30	-78.46
9	33	-93.89
9	34	-89.68
9	37	-92.30
9	40	-92.70
9	44	-91.29
9	46	-89.79
9	47	-85.87
9	49	-85.87
9	51	-72.46
9	54	-90.30
9	56	-82.80
9	58	-86.08
9	59	-91.80
9	60	-56.73
9	64	-92.44
9	65	-84.41
9	66	-87.84
9	69	-81.35
9	70	-88.43
9	71	-94.99
9	72	-92.81
9	73	-93.06
9	74	-82.60
9	75	-73.30
9	77	-87.55
9	78	-93.97
10	1	-91.39
10	2	-92.75
10	3	-78.46
10	4	-88.32
10	5	-59.34
10	6	-94.22
10	15	-94.83
10	17	-94.14
10	18	-74.29
10	19	-92.81
10	22	-87.62
10	23	-93.47
10	26	-77.98
10	27	-71.05
10	33	-85.82
10	35	-90.73
10	36	-74.29
10	40	-90.10
10	42	-82.41
10	53	-70.92
10	54	-94.04
10	55	-94.21
10	59	-89.59
10	62	-94.56
10	65	-94.79
10	70	-94.76
10	71	-84.55
10	72	-92.39
10	78	-91.05
10	79	-87.14
10	80	-94.69
11	7	-89.47
11	8	-85.55
11	12	-94.19
11	13	-88.83
11	14	-93.94
11	16	-86.55
11	21	-87.89
11	23	-91.98
11	25	-94.76
11	28	-81.92
11	31	-87.38
11	32	-85.92
11	34	-87.81
11	37	-80.40
11	38	-90.47
11	39	-87.47
11	41	-65.07
11	43	-92.88
11	44	-87.19
11	45	-87.16
11	46	-88.96
11	47	-91.27
11	50	-43.60
11	52	-61.77
11	56	-91.95
11	57	-79.84
11	62	-93.55
11	64	-89.66
11	67	-88.28
11	68	-89.62
11	70	-92.71
11	73	-86.22
11	74	-92.47
11	75	-94.41
11	77	-92.20
11	78	-94.33
11	80	-90.82
12	6	-83.54
12	8	-89.12
12	11	-94.19
12	13	-88.69
12	16	-92.06
12	20	-79.44
12	21	-94.79
12	23	-91.73
12	29	-79.04
12	31	-83.45
12	32	-90.45
12	35	-90.26
12	38	-73.54
12	39	-82.41
12	43	-67.28
12	44	-94.60
12	45	-82.13
12	48	-84.04
12	50	-94.43
12	55	-86.47
12	61	-77.69
12	62	-84.29
12	63	-79.24
12	64	-93.56
12	68	-82.15
12	76	-78.49
12	78	-94.00
12	80	-89.47
13	2	-93.52
13	6	-83.84
13	7	-93.54
13	8	-66.11
13	11	-88.83
13	12	-88.69
13	14	-94.30
13	16	-71.63
13	18	-93.26
13	20	-94.72
13	21	-80.11
13	22	-86.13
13	23	-72.48
13	26	-92.32
13	27	-93.95
13	28	-84.96
13	29	-92.79
13	31	-88.91
13	32	-66.84
13	33	-89.43
13	34	-93.62
13	35	-80.76
13	37	-89.32
13	38	-86.49
13	39	-88.13
13	41	-89.88
13	42	-94.50
13	43	-89.30
13	44	-79.86
13	45	-78.46
13	46	-82.07
13	47	-94.70
13	48	-90.27
13	50	-88.76
13	52	-90.02
13	55	-90.75
13	56	-89.40
13	57	-94.47
13	61	-93.85
13	62	-78.18
13	63	-89.84
13	64	-75.73
13	68	-74.37
13	69	-94.78
13	70	-84.84
13	73	-94.71
13	74	-94.61
13	75	-93.67
13	76	-93.60
13	77	-85.38
13	78	-80.95
13	80	-62.32
14	1	-92.72
14	2	-89.49
14	4	-94.72
14	7	-78.40
14	8	-93.69
14	9	-76.17
14	11	-93.94
14	13	-94.30
14	15	-88.20
14	16	-91.16
14	17	-90.17
14	19	-90.71
14	21	-87.64
14	22	-94.37
14	23	-93.36
14	24	-92.81
14	25	-58.61
14	28	-87.11
14	30	-86.57
14	32	-92.66
14	33	-94.46
14	34	-82.64
14	37	-86.97
14	41	-92.38
14	44	-87.84
14	46	-86.41
14	47	-76.28
14	49	-91.71
14	50	-93.52
14	51	-83.89
14	52	-92.98
14	54	-94.09
14	56	-77.45
14	57	-93.72
14	58	-91.59
14	59	-94.41
14	60	-79.34
14	64	-90.13
14	65	-89.26
14	66	-92.72
14	67	-94.30
14	69	-86.60
14	70	-86.82
14	73	-87.85
14	74	-69.10
14	75	-62.57
14	77	-85.42
14	78	-93.18
14	80	-94.43
15	1	-74.74
15	2	-67.79
15	3	-92.18
15	4	-81.55
15	7	-93.56
15	9	-83.40
15	10	-94.83
15	14	-88.20
15	16	-93.53
15	17	-60.94
15	18	-91.57
15	19	-66.41
15	21	-91.07
15	22	-89.20
15	23	-92.46
15	24	-78.68
15	25	-88.93
15	26	-90.59
15	27	-92.18
15	28	-93.99
15	30	-72.33
15	32	-94.82
15	33	-87.19
15	35	-94.82
15	36	-90.99
15	40	-82.27
15	44	-91.57
15	46	-89.89
15	47	-93.26
15	49	-82.61
15	51	-77.16
15	54	-79.29
15	56	-86.13
15	58	-78.32
15	59	-80.15
15	60	-81.74
15	64	-91.18
15	65	-54.57
15	66	-79.24
15	69	-55.98
15	70	-85.92
15	71	-86.63
15	72	-83.43
15	74	-91.51
15	75	-85.66
15	77	-86.03
15	78	-90.19
15	80	-94.35
16	1	-94.72
16	2	-92.06
16	6	-88.88
16	7	-90.06
16	8	-68.68
16	9	-93.90
16	11	-86.55
16	12	-92.06
16	13	-71.63
16	14	-91.16
16	15	-93.53
16	17	-94.54
16	18	-94.11
16	19	-93.76
16	21	-69.71
16	22	-86.94
16	23	-75.94
16	25	-92.54
16	26	-93.11
16	27	-94.82
16	28	-78.27
16	31	-90.56
16	32	-60.53
16	33	-89.67
16	34	-90.24
16	35	-85.44
16	37	-84.94
16	38	-89.65
16	39	-90.01
16	41	-87.02
16	43	-92.17
16	44	-68.57
16	45	-83.15
16	46	-74.00
16	47	-91.50
16	48	-93.71
16	50	-86.27
16	51	-94.96
16	52	-87.38
16	55	-94.04
16	56	-85.08
16	57	-92.31
16	60	-94.38
16	62	-85.15
16	63	-93.38
16	64	-67.64
16	65	-94.40
16	68	-82.19
16	69	-92.95
16	70	-80.84
16	73	-91.83
16	74	-91.41
16	75	-90.51
16	77	-80.84
16	78	-81.87
16	80	-74.88
17	1	-69.69
17	2	-69.28
17	3	-90.94
17	4	-78.91
17	7	-94.96
17	9	-85.80
17	10	-94.14
17	14	-90.17
17	15	-60.94
17	16	-94.54
17	18	-90.95
17	19	-60.53
17	21	-92.38
17	22	-89.48
17	23	-93.21
17	24	-75.61
17	25	-90.77
17	26	-90.04
17	27	-91.51
17	30	-75.19
17	33	-87.11
17	36	-90.03
17	40	-78.91
17	44	-92.85
17	46	-91.34
17	47	-94.69
17	49	-82.00
17	51	-79.99
17	54	-74.83
17	56	-88.32
17	58	-76.61
17	59	-76.78
17	60	-84.26
17	64	-92.29
17	65	-51.76
17	66	-76.62
17	69	-68.57
17	70	-87.60
17	71	-84.81
17	72	-80.08
17	74	-93.10
17	75	-88.00
17	77	-87.84
17	78	-90.84
18	1	-87.74
18	2	-88.73
18	3	-80.02
18	4	-84.12
18	5	-78.62
18	6	-92.44
18	10	-74.29
18	13	-93.26
18	15	-91.57
18	16	-94.11
18	17	-90.95
18	19	-89.17
18	21	-93.94
18	22	-80.84
18	23	-89.71
18	24	-94.05
18	26	-56.73
18	27	-51.76
18	30	-94.89
18	32	-94.60
18	33	-77.31
18	35	-87.24
18	36	-67.73
18	40	-87.26
18	42	-84.76
18	44	-94.32
18	46	-93.66
18	48	-94.56
18	53	-81.82
18	54	-91.73
18	55	-93.57
18	56	-94.96
18	59	-85.90
18	62	-92.26
18	64	-92.06
18	65	-91.68
18	66	-94.48
18	69	-92.23
18	70	-90.84
18	71	-80.62
18	72	-90.35
18	77	-91.86
18	78	-86.17
18	79	-90.80
18	80	-91.51
19	1	-63.58
19	2	-62.32
19	3	-89.58
19	4	-75.43
19	5	-93.94
19	9	-87.19
19	10	-92.81
19	14	-90.71
19	15	-66.41
19	16	-93.76
19	17	-60.53
19	18	-89.17
19	21	-91.64
19	22	-87.55
19	23	-92.03
19	24	-79.22
19	25	-91.44
19	26	-88.11
19	27	-89.83
19	28	-94.85
19	30	-79.12
19	32	-94.95
19	33	-84.70
19	35	-93.93
19	36	-88.25
19	40	-77.22
19	44	-92.16
19	46	-90.60
19	47	-94.98
19	49	-84.86
19	51	-82.63
19	54	-76.69
19	56	-88.11
19	58	-80.50
19	59	-73.40
19	60	-85.97
19	64	-91.31
19	65	-65.50
19	66	-80.15
19	69	-71.52
19	70	-86.40
19	71	-82.62
19	72	-80.11
19	74	-93.49
19	75	-88.57
19	77	-86.86
19	78	-89.30
19	80	-94.03
20	6	-90.24
20	8	-94.99
20	12	-79.44
20	13	-94.72
20	29	-78.37
20	31	-88.94
20	38	-85.22
20	39	-88.61
20	43	-80.53
20	45	-90.56
20	48	-87.89
20	55	-89.76
20	61	-69.00
20	62	-91.50
20	63	-84.49
20	68	-90.79
20	76	-74.97
21	1	-92.96
21	2	-89.67
21	4	-93.68
21	6	-91.68
21	7	-87.19
21	8	-79.07
21	9	-90.97
21	11	-87.89
21	12	-94.79
21	13	-80.11
21	14	-87.64
21	15	-91.07
21	16	-69.71
21	17	-92.38
21	18	-93.94
21	19	-91.64
21	22	-86.69
21	23	-79.31
21	25	-89.41
21	26	-92.86
21	27	-94.68
21	28	-75.43
21	30	-92.81
21	31	-93.32
21	32	-75.73
21	33	-88.88
21	34	-87.89
21	35	-87.77
21	37	-83.15
21	38	-92.80
21	39	-92.90
21	41	-87.48
21	43	-94.88
21	44	-44.44
21	45	-87.85
21	46	-55.31
21	47	-88.73
21	50	-87.47
21	51	-92.36
21	52	-88.03
21	56	-79.07
21	57	-92.21
21	59	-93.96
21	60	-91.58
21	62	-88.76
21	64	-66.84
21	65	-92.13
21	68	-87.16
21	69	-90.26
21	70	-74.88
21	73	-90.39
21	74	-88.30
21	75	-86.71
21	77	-73.69
21	78	-82.17
21	80	-80.84
22	1	-87.57
22	2	-85.66
22	3	-89.50
22	4	-86.19
22	5	-89.46
22	6	-88.69
22	8	-88.82
22	9	-94.42
22	10	-87.62
22	13	-86.13
22	14	-94.37
22	15	-89.20
22	16	-86.94
22	17	-89.48
22	18	-80.84
22	19	-87.55
22	21	-86.69
22	23	-79.26
22	24	-93.87
22	26	-78.09
22	27	-82.58
22	28	-92.07
22	30	-92.85
22	32	-87.89
22	33	-67.38
22	35	-79.51
22	36	-84.55
22	37	-94.96
22	40	-89.51
22	42	-89.17
22	44	-87.29
22	45	-92.42
22	46	-86.36
22	48	-92.81
22	51	-93.59
22	53	-90.44
22	54	-92.34
22	55	-92.21
22	56	-89.45
22	58	-94.37
22	59	-87.43
22	60	-94.27
22	62	-87.02
22	63	-93.87
22	64	-83.31
22	65	-89.90
22	66	-94.24
22	68	-90.15
22	69	-89.37
22	70	-82.15
22	71	-86.58
22	72	-92.21
22	75	-92.99
22	77	-84.03
22	78	-69.69
22	79	-94.82
22	80	-83.31
23	1	-92.67
23	2	-90.24
23	4	-92.43
23	5	-94.66
23	6	-84.89
23	7	-93.70
23	8	-78.54
23	9	-94.82
23	10	-93.47
23	11	-91.98
23	12	-91.73
23	13	-72.48
23	14	-93.36
23	15	-92.46
23	16	-75.94
23	17	-93.21
23	18	-89.71
23	19	-92.03
23	21	-79.31
23	22	-79.26
23	25	-94.57
23	26	-88.42
23	27	-90.63
23	28	-86.69
23	29	-94.34
23	30	-94.93
23	31	-92.83
23	32	-76.85
23	33	-84.21
23	34	-94.15
23	35	-76.20
23	36	-92.03
23	37	-90.84
23	38	-90.70
23	39	-92.23
23	40	-94.61
23	41	-92.44
23	42	-92.55
23	43	-92.64
23	44	-79.79
23	45	-85.55
23	46	-80.32
23	47	-94.65
23	48	-90.97
23	50	-91.83
23	52	-92.67
23	53	-94.95
23	55	-90.97
23	56	-87.66
23	59	-93.08
23	62	-80.51
23	63	-91.28
23	64	-71.58
23	65	-93.28
23	68	-82.33
23	69	-92.15
23	70	-80.21
23	71	-93.16
23	74	-94.22
23	75	-92.34
23	77	-81.66
23	78	-69.40
23	80	-64.93
24	1	-79.62
24	2	-82.69
24	3	-92.53
24	4	-84.14
24	9	-88.07
24	14	-92.81
24	15	-78.68
24	17	-75.61
24	18	-94.05
24	19	-79.22
24	22	-93.87
24	25	-92.96
24	26	-93.51
24	27	-94.36
24	30	-77.94
24	33	-91.94
24	36	-92.76
24	40	-81.25
24	49	-73.36
24	51	-82.19
24	54	-68.87
24	56	-92.53
24	58	-61.70
24	59	-82.13
24	60	-86.41
24	65	-75.84
24	66	-44.44
24	69	-80.59
24	70	-92.66
24	71	-87.85
24	72	-77.85
24	75	-91.25
24	77	-92.75
25	1	-93.35
25	2	-90.43
25	7	-79.44
25	8	-94.84
25	9	-75.49
25	11	-94.76
25	14	-58.61
25	15	-88.93
25	16	-92.54
25	17	-90.77
25	19	-91.44
25	21	-89.41
25	23	-94.57
25	24	-92.96
25	28	-88.70
25	30	-86.78
25	32	-93.90
25	34	-83.37
25	37	-88.21
25	41	-93.21
25	44	-89.57
25	46	-88.33
25	47	-76.49
25	49	-91.51
25	50	-94.35
25	51	-83.90
25	52	-93.77
25	54	-94.41
25	56	-80.83
25	57	-94.18
25	58	-91.64
25	60	-78.91
25	64	-91.63
25	65	-89.86
25	66	-92.83
25	67	-94.41
25	69	-87.43
25	70	-88.63
25	73	-88.22
25	74	-69.52
25	75	-68.92
25	77	-87.43
25	78	-94.37
26	1	-86.76
26	2	-87.45
26	3	-81.61
26	4	-83.18
26	5	-81.43
26	6	-91.99
26	8	-94.24
26	10	-77.98
26	13	-92.32
26	15	-90.59
26	16	-93.11
26	17	-90.04
26	18	-56.73
26	19	-88.11
26	21	-92.86
26	22	-78.09
26	23	-88.42
26	24	-93.51
26	27	-64.36
26	30	-94.12
26	32	-93.68
26	33	-73.43
26	35	-86.21
26	36	-70.92
26	40	-86.76
26	42	-85.80
26	44	-93.28
26	46	-92.54
26	48	-94.42
26	53	-84.00
26	54	-91.21
26	55	-93.50
26	56	-93.93
26	58	-94.45
26	59	-85.07
26	62	-91.59
26	64	-90.86
26	65	-90.78
26	66	-93.95
26	68	-94.60
26	69	-91.23
26	70	-89.44
26	71	-80.36
26	72	-90.01
26	77	-90.57
26	78	-84.39
26	79	-91.79
26	80	-90.47
27	1	-88.33
27	2	-89.51
27	3	-78.76
27	4	-84.71
27	5	-76.28
27	6	-92.90
27	10	-71.05
27	13	-93.95
27	15	-92.18
27	16	-94.82
27	17	-91.51
27	18	-51.76
27	19	-89.83
27	21	-94.68
27	22	-82.58
27	23	-90.63
27	24	-94.36
27	26	-64.36
27	33	-79.51
27	35	-88.11
27	36	-65.95
27	40	-87.55
27	42	-84.32
27	46	-94.41
27	48	-94.80
27	53	-80.21
27	54	-92.02
27	55	-93.78
27	59	-86.41
27	62	-92.84
27	64	-92.89
27	65	-92.24
27	66	-94.79
27	69	-92.84
27	70	-91.74
27	71	-80.84
27	72	-90.52
27	77	-92.70
27	78	-87.38
27	79	-90.19
27	80	-92.29
28	2	-93.35
28	6	-94.34
28	7	-82.74
28	8	-81.94
28	9	-91.85
28	11	-81.92
28	13	-84.96
28	14	-87.11
28	15	-93.99
28	16	-78.27
28	19	-94.85
28	21	-75.43
28	22	-92.07
28	23	-86.69
28	25	-88.70
28	30	-94.79
28	31	-92.37
28	32	-80.32
28	33	-93.59
28	34	-82.37
28	35	-92.18
28	37	-71.05
28	38	-93.02
28	39	-92.11
28	41	-80.11
28	44	-74.00
28	45	-88.52
28	46	-76.85
28	47	-85.37
28	50	-81.07
28	51	-94.00
28	52	-81.21
28	56	-82.19
28	57	-86.94
28	60	-92.72
28	62	-91.89
28	64	-81.17
28	65	-94.88
28	67	-91.26
28	68	-89.18
28	69	-93.16
28	70	-84.33
28	73	-84.80
28	74	-86.03
28	75	-87.30
28	77	-83.11
28	78	-89.03
28	80	-86.61
29	6	-84.53
29	8	-93.74
29	12	-79.04
29	13	-92.79
29	20	-78.37
29	23	-94.34
29	31	-91.28
29	32	-94.57
29	35	-91.55
29	38	-86.48
29	39	-90.73
29	42	-94.45
29	43	-83.69
29	45	-89.88
29	48	-78.09
29	55	-81.41
29	61	-82.71
29	62	-87.47
29	63	-72.00
29	68	-88.80
29	76	-84.93
29	80	-92.81
30	1	-82.63
30	2	-80.11
30	4	-87.11
30	7	-92.91
30	9	-78.46
30	14	-86.57
30	15	-72.33
30	17	-75.19
30	18	-94.89
30	19	-79.12
30	21	-92.81
30	22	-92.85
30	23	-94.93
30	24	-77.94
30	25	-86.78
30	26	-94.12
30	28	-94.79
30	33	-91.48
30	34	-94.58
30	36	-94.34
30	40	-86.75
30	44	-93.21
30	46	-91.73
30	47	-92.26
30	49	-76.78
30	51	-63.58
30	54	-82.13
30	56	-87.11
30	58	-74.25
30	59	-85.90
30	60	-75.14
30	64	-93.38
30	65	-72.25
30	66	-77.64
30	69	-70.88
30	70	-89.00
30	71	-90.72
30	72	-86.41
30	74	-90.26
30	75	-84.19
30	77	-88.73
30	78	-93.32
31	6	-91.11
31	8	-87.25
31	11	-87.38
31	12	-83.45
31	13	-88.91
31	16	-90.56
31	20	-88.94
31	21	-93.32
31	23	-92.83
31	28	-92.37
31	29	-91.28
31	32	-88.80
31	35	-93.82
31	37	-93.46
31	38	-74.37
31	39	-49.00
31	41	-90.10
31	43	-78.66
31	44	-92.93
31	45	-79.80
31	46	-94.29
31	48	-93.19
31	50	-87.93
31	52	-89.59
31	55	-94.40
31	57	-93.51
31	61	-85.34
31	62	-89.79
31	63	-91.12
31	64	-93.03
31	68	-84.47
31	76	-83.29
31	80	-90.71
32	2	-93.41
32	6	-87.58
32	7	-91.32
32	8	-56.73
32	11	-85.92
32	12	-90.45
32	13	-66.84
32	14	-92.66
32	15	-94.82
32	16	-60.53
32	18	-94.60
32	19	-94.95
32	21	-75.73
32	22	-87.89
32	23	-76.85
32	25	-93.90
32	26	-93.68
32	28	-80.32
32	29	-94.57
32	31	-88.80
32	33	-90.64
32	34	-91.30
32	35	-85.02
32	37	-85.98
32	38	-87.63
32	39	-88.14
32	41	-86.90
32	43	-90.50
32	44	-74.86
32	45	-79.84
32	46	-78.72
32	47	-92.72
32	48	-92.72
32	50	-85.74
32	52	-87.14
32	55	-93.19
32	56	-87.43
32	57	-92.34
32	61	-94.83
32	62	-83.45
32	63	-92.20
32	64	-73.54
32	68	-78.91
32	69	-94.31
32	70	-83.77
32	73	-92.50
32	74	-92.75
32	75	-92.14
32	76	-94.44
32	77	-83.88
32	78	-83.17
32	80	-73.40
33	1	-84.18
33	2	-82.91
33	3	-86.58
33	4	-81.85
33	5	-87.91
33	6	-91.39
33	8	-91.50
33	9	-93.89
33	10	-85.82
33	13	-89.43
33	14	-94.46
33	15	-87.19
33	16	-89.67
33	17	-87.11
33	18	-77.31
33	19	-84.70
33	21	-88.88
33	22	-67.38
33	23	-84.21
33	24	-91.94
33	26	-73.43
33	27	-79.51
33	28	-93.59
33	30	-91.48
33	32	-90.64
33	35	-84.36
33	36	-80.67
33	40	-86.19
33	42	-89.64
33	44	-89.45
33	45	-94.70
33	46	-88.33
33	48	-94.67
33	49	-94.71
33	51	-92.55
33	53	-89.51
33	54	-89.93
33	55	-94.03
33	56	-90.03
33	58	-92.67
33	59	-83.60
33	60	-93.59
33	62	-90.20
33	64	-86.47
33	65	-87.77
33	66	-92.38
33	68	-92.81
33	69	-87.68
33	70	-83.80
33	71	-82.26
33	72	-89.55
33	75	-92.97
33	77	-85.42
33	78	-77.92
33	79	-94.86
33	80	-87.30
34	7	-63.12
34	8	-92.08
34	9	-89.68
34	11	-87.81
34	13	-93.62
34	14	-82.64
34	16	-90.24
34	21	-87.89
34	23	-94.15
34	25	-83.37
34	28	-82.37
34	30	-94.58
34	32	-91.30
34	37	-76.40
34	41	-84.71
34	44	-87.60
34	46	-87.63
34	47	-70.40
34	50	-87.15
34	51	-93.19
34	52	-85.67
34	56	-85.22
34	57	-85.12
34	60	-91.01
34	64	-90.86
34	67	-86.11
34	69	-94.12
34	70	-90.57
34	73	-70.98
34	74	-76.54
34	75	-85.09
34	77	-89.44
34	80	-94.42
35	1	-94.03
35	2	-92.63
35	3	-93.99
35	4	-93.09
35	5	-91.99
35	6	-77.98
35	8	-85.16
35	10	-90.73
35	12	-90.26
35	13	-80.76
35	15	-94.82
35	16	-85.44
35	18	-87.24
35	19	-93.93
35	21	-87.77
35	22	-79.51
35	23	-76.20
35	26	-86.21
35	27	-88.11
35	28	-92.18
35	29	-91.55
35	31	-93.82
35	32	-85.02
35	33	-84.36
35	36	-90.41
35	38	-90.73
35	39	-93.20
35	42	-87.58
35	43	-92.00
35	44	-88.02
35	45	-87.30
35	46	-88.31
35	48	-86.03
35	53	-91.80
35	55	-85.50
35	56	-92.72
35	59	-93.91
35	62	-75.00
35	63	-87.38
35	64	-84.01
35	68	-83.31
35	69	-94.79
35	70	-87.41
35	71	-92.96
35	77	-88.53
35	78	-77.02
35	79	-93.83
35	80	-76.60
36	1	-86.21
36	2	-88.32
36	3	-72.40
36	4	-81.57
36	5	-77.94
36	6	-94.79
36	10	-74.29
36	15	-90.99
36	17	-90.03
36	18	-67.73
36	19	-88.25
36	22	-84.55
36	23	-92.03
36	24	-92.76
36	26	-70.92
36	27	-65.95
36	30	-94.34
36	33	-80.67
36	35	-90.41
36	40	-84.55
36	42	-87.57
36	46	-94.93
36	53	-82.64
36	54	-89.99
36	58	-93.97
36	59	-83.57
36	62	-94.59
36	64	-93.76
36	65	-90.89
36	66	-93.24
36	69	-91.84
36	70	-92.11
36	71	-75.37
36	72	-87.99
36	77	-93.00
36	78	-88.90
36	79	-91.94
36	80	-93.70
37	7	-78.93
37	8	-86.82
37	9	-92.30
37	11	-80.40
37	13	-89.32
37	14	-86.97
37	16	-84.94
37	21	-83.15
37	22	-94.96
37	23	-90.84
37	25	-88.21
37	28	-71.05
37	31	-93.46
37	32	-85.98
37	34	-76.40
37	38	-94.70
37	39	-93.35
37	41	-75.84
37	44	-82.42
37	45	-91.16
37	46	-83.67
37	47	-82.51
37	50	-79.26
37	51	-94.84
37	52	-77.64
37	56	-85.05
37	57	-82.26
37	60	-93.29
37	62	-94.69
37	64	-86.89
37	67	-87.33
37	68	-92.13
37	69	-94.70
37	70	-88.50
37	73	-78.09
37	74	-84.41
37	75	-87.94
37	77	-87.42
37	78	-92.59
37	80	-90.69
38	6	-86.21
38	8	-85.88
38	11	-90.47
38	12	-73.54
38	13	-86.49
38	16	-89.65
38	20	-85.22
38	21	-92.80
38	23	-90.70
38	28	-93.02
38	29	-86.48
38	31	-74.37
38	32	-87.63
38	35	-90.73
38	37	-94.70
38	39	-72.00
38	41	-92.55
38	43	-67.08
38	44	-92.50
38	45	-75.18
38	46	-93.79
38	48	-88.70
38	50	-90.81
38	52	-92.25
38	55	-90.34
38	61	-81.82
38	62	-85.07
38	63	-85.80
38	64	-91.87
38	68	-79.04
38	76	-80.53
38	78	-93.46
38	80	-88.11
39	6	-90.33
39	8	-86.50
39	11	-87.47
39	12	-82.41
39	13	-88.13
39	16	-90.01
39	20	-88.61
39	21	-92.90
39	23	-92.23
39	28	-92.11
39	29	-90.73
39	31	-49.00
39	32	-88.14
39	35	-93.20
39	37	-93.35
39	38	-72.00
39	41	-90.16
39	43	-77.48
39	44	-92.52
39	45	-78.18
39	46	-93.91
39	48	-92.57
39	50	-88.00
39	52	-89.68
39	55	-93.82
39	57	-93.69
39	61	-85.06
39	62	-88.94
39	63	-90.44
39	64	-92.53
39	68	-83.26
39	76	-83.11
39	78	-94.86
39	80	-90.00
40	1	-70.43
40	2	-80.70
40	3	-83.90
40	4	-66.95
40	5	-91.15
40	9	-92.70
40	10	-90.10
40	15	-82.27
40	17	-78.91
40	18	-87.26
40	19	-77.22
40	22	-89.51
40	23	-94.61
40	24	-81.25
40	26	-86.76
40	27	-87.55
40	30	-86.75
40	33	-86.19
40	36	-84.55
40	46	-94.70
40	49	-87.74
40	51	-89.26
40	53	-93.40
40	54	-73.65
40	56	-93.47
40	58	-84.14
40	59	-61.98
40	60	-91.75
40	64	-94.74
40	65	-80.90
40	66	-82.30
40	69	-84.36
40	70	-91.50
40	71	-73.85
40	72	-67.38
40	75	-93.91
40	77	-92.04
40	78	-92.00
41	7	-86.89
41	8	-86.93
41	11	-65.07
41	13	-89.88
41	14	-92.38
41	16	-87.02
41	21	-87.48
41	23	-92.44
41	25	-93.21
41	28	-80.11
41	31	-90.10
41	32	-86.90
41	34	-84.71
41	37	-75.84
41	38	-92.55
41	39	-90.16
41	43	-94.70
41	44	-86.78
41	45	-89.37
41	46	-88.38
41	47	-89.00
41	50	-61.98
41	52	-47.08
41	56	-90.76
41	57	-75.94
41	62	-94.64
41	64	-89.73
41	67	-85.90
41	68	-91.27
41	70	-92.26
41	73	-82.51
41	74	-90.51
41	75	-93.05
41	77	-91.61
41	78	-94.54
41	80	-91.62
42	3	-90.46
42	4	-94.38
42	5	-82.69
42	6	-89.26
42	10	-82.41
42	13	-94.50
42	18	-84.76
42	22	-89.17
42	23	-92.55
42	26	-85.80
42	27	-84.32
42	29	-94.45
42	33	-89.64
42	35	-87.58
42	36	-87.57
42	48	-89.09
42	53	-78.76
42	55	-87.10
42	62	-90.86
42	63	-91.73
42	68	-94.79
42	71	-92.60
42	78	-91.19
42	79	-79.17
42	80	-93.05
43	6	-86.90
43	8	-89.10
43	11	-92.88
43	12	-67.28
43	13	-89.30
43	16	-92.17
43	20	-80.53
43	21	-94.88
43	23	-92.64
43	29	-83.69
43	31	-78.66
43	32	-90.50
43	35	-92.00
43	38	-67.08
43	39	-77.48
43	41	-94.70
43	44	-94.64
43	45	-81.37
43	48	-87.90
43	50	-93.19
43	52	-94.42
43	55	-89.78
43	61	-75.62
43	62	-86.78
43	63	-84.41
43	64	-93.94
43	68	-83.15
43	76	-74.29
43	78	-94.96
43	80	-90.42
44	1	-93.43
44	2	-90.26
44	4	-94.13
44	6	-91.69
44	7	-87.01
44	8	-78.33
44	9	-91.29
44	11	-87.19
44	12	-94.60
44	13	-79.86
44	14	-87.84
44	15	-91.57
44	16	-68.57
44	17	-92.85
44	18	-94.32
44	19	-92.16
44	21	-44.44
44	22	-87.29
44	23	-79.79
44	25	-89.57
44	26	-93.28
44	28	-74.00
44	30	-93.21
44	31	-92.93
44	32	-74.86
44	33	-89.45
44	34	-87.60
44	35	-88.02
44	37	-82.42
44	38	-92.50
44	39	-92.52
44	41	-86.78
44	43	-94.64
44	45	-87.43
44	46	-60.10
44	47	-88.63
44	50	-86.75
44	51	-92.74
44	52	-87.36
44	56	-79.75
44	57	-91.75
44	59	-94.41
44	60	-91.91
44	62	-88.74
44	64	-68.26
44	65	-92.60
44	68	-86.88
44	69	-90.78
44	70	-76.49
44	73	-90.03
44	74	-88.32
44	75	-87.04
44	77	-75.37
44	78	-82.89
44	80	-80.91
45	6	-84.67
45	8	-76.67
45	11	-87.16
45	12	-82.13
45	13	-78.46
45	16	-83.15
45	20	-90.56
45	21	-87.85
45	22	-92.42
45	23	-85.55
45	28	-88.52
45	29	-89.88
45	31	-79.80
45	32	-79.84
45	33	-94.70
45	35	-87.30
45	37	-91.16
45	38	-75.18
45	39	-78.18
45	41	-89.37
45	43	-81.37
45	44	-87.43
45	46	-89.22
45	48	-89.51
45	50	-87.42
45	52	-89.17
45	55	-90.69
45	56	-94.03
45	57	-93.89
45	61	-88.71
45	62	-81.17
45	63	-87.72
45	64	-86.60
45	68	-67.38
45	70	-91.69
45	76	-88.03
45	77	-91.87
45	78	-89.51
45	80	-81.75
46	1	-92.06
46	2	-88.47
46	4	-92.94
46	6	-92.39
46	7	-86.64
46	8	-81.50
46	9	-89.79
46	11	-88.96
46	13	-82.07
46	14	-86.41
46	15	-89.89
46	16	-74.00
46	17	-91.34
46	18	-93.66
46	19	-90.60
46	21	-55.31
46	22	-86.36
46	23	-80.32
46	25	-88.33
46	26	-92.54
46	27	-94.41
46	28	-76.85
46	30	-91.73
46	31	-94.29
46	32	-78.72
46	33	-88.33
46	34	-87.63
46	35	-88.31
46	36	-94.93
46	37	-83.67
46	38	-93.79
46	39	-93.91
46	40	-94.70
46	41	-88.38
46	44	-60.10
46	45	-89.22
46	47	-88.09
46	50	-88.54
46	51	-91.24
46	52	-88.94
46	56	-76.32
46	57	-92.69
46	58	-94.98
46	59	-93.20
46	60	-90.42
46	62	-89.68
46	64	-69.33
46	65	-91.04
46	68	-88.49
46	69	-88.98
46	70	-71.70
46	71	-94.55
46	73	-90.44
46	74	-87.43
46	75	-85.22
46	77	-69.52
46	78	-82.13
46	80	-82.33
47	2	-93.94
47	7	-60.86
47	8	-93.57
47	9	-85.87
47	11	-91.27
47	13	-94.70
47	14	-76.28
47	15	-93.26
47	16	-91.50
47	17	-94.69
47	19	-94.98
47	21	-88.73
47	23	-94.65
47	25	-76.49
47	28	-85.37
47	30	-92.26
47	32	-92.72
47	34	-70.40
47	37	-82.51
47	41	-89.00
47	44	-88.63
47	46	-88.09
47	50	-90.75
47	51	-90.47
47	52	-89.73
47	56	-83.45
47	57	-89.48
47	60	-87.62
47	64	-91.47
47	65	-94.06
47	67	-89.59
47	69	-92.16
47	70	-90.10
47	73	-79.93
47	74	-63.12
47	75	-80.58
47	77	-88.90
48	6	-75.94
48	8	-92.06
48	12	-84.04
48	13	-90.27
48	16	-93.71
48	18	-94.56
48	20	-87.89
48	22	-92.81
48	23	-90.97
48	26	-94.42
48	27	-94.80
48	29	-78.09
48	31	-93.19
48	32	-92.72
48	33	-94.67
48	35	-86.03
48	38	-88.70
48	39	-92.57
48	42	-89.09
48	43	-87.90
48	45	-89.51
48	53	-94.70
48	55	-60.28
48	61	-89.59
48	62	-82.28
48	63	-66.67
48	64	-94.00
48	68	-87.06
48	76	-90.68
48	78	-92.13
48	79	-92.88
48	80	-89.59
49	1	-86.06
49	2	-86.72
49	4	-89.40
49	9	-85.87
49	14	-91.71
49	15	-82.61
49	17	-82.00
49	19	-84.86
49	24	-73.36
49	25	-91.51
49	30	-76.78
49	33	-94.71
49	40	-87.74
49	51	-79.53
49	54	-81.22
49	56	-92.75
49	58	-66.56
49	59	-88.08
49	60	-83.88
49	65	-81.18
49	66	-71.38
49	69	-83.11
49	70	-93.97
49	71	-92.22
49	72	-85.64
49	74	-94.26
49	75	-90.38
49	77	-93.84
50	7	-88.87
50	8	-85.46
50	11	-43.60
50	12	-94.43
50	13	-88.76
50	14	-93.52
50	16	-86.27
50	21	-87.47
50	23	-91.83
50	25	-94.35
50	28	-81.07
50	31	-87.93
50	32	-85.74
50	34	-87.15
50	37	-79.26
50	38	-90.81
50	39	-88.00
50	41	-61.98
50	43	-93.19
50	44	-86.75
50	45	-87.42
50	46	-88.54
50	47	-90.75
50	52	-58.61
50	56	-91.51
50	57	-79.42
50	62	-93.60
50	64	-89.37
50	67	-87.99
50	68	-89.76
50	70	-92.39
50	73	-85.57
50	74	-91.99
50	75	-94.01
50	77	-91.85
50	78	-94.17
50	80	-90.73
51	1	-85.66
51	2	-82.74
51	4	-89.35
51	7	-91.32
51	9	-72.46
51	14	-83.89
51	15	-77.16
51	16	-94.96
51	17	-79.99
51	19	-82.63
51	21	-92.36
51	22	-93.59
51	24	-82.19
51	25	-83.90
51	28	-94.00
51	30	-63.58
51	33	-92.55
51	34	-93.19
51	37	-94.84
51	40	-89.26
51	44	-92.74
51	46	-91.24
51	47	-90.47
51	49	-79.53
51	54	-85.60
51	56	-85.83
51	58	-79.12
51	59	-88.41
51	60	-66.84
51	64	-93.23
51	65	-77.86
51	66	-81.85
51	69	-74.93
51	70	-88.93
51	71	-92.51
51	72	-89.06
51	74	-88.16
51	75	-81.32
51	77	-88.45
51	78	-93.72
52	7	-87.74
52	8	-87.06
52	11	-61.77
52	13	-90.02
52	14	-92.98
52	16	-87.38
52	21	-88.03
52	23	-92.67
52	25	-93.77
52	28	-81.21
52	31	-89.59
52	32	-87.14
52	34	-85.67
52	37	-77.64
52	38	-92.25
52	39	-89.68
52	41	-47.08
52	43	-94.42
52	44	-87.36
52	45	-89.17
52	46	-88.94
52	47	-89.73
52	50	-58.61
52	56	-91.36
52	57	-75.89
52	62	-94.64
52	64	-90.11
52	67	-86.07
52	68	-91.19
52	70	-92.70
52	73	-83.43
52	74	-91.18
52	75	-93.61
52	77	-92.09
52	78	-94.79
52	80	-91.78
53	1	-94.47
53	3	-84.32
53	4	-92.04
53	5	-66.45
53	6	-94.30
53	10	-70.92
53	18	-81.82
53	22	-90.44
53	23	-94.95
53	26	-84.00
53	27	-80.21
53	33	-89.51
53	35	-91.80
53	36	-82.64
53	40	-93.40
53	42	-78.76
53	48	-94.70
53	55	-93.42
53	59	-93.03
53	71	-89.20
53	78	-93.09
53	79	-81.85
54	1	-74.29
54	2	-81.17
54	3	-89.50
54	4	-79.07
54	5	-94.85
54	9	-90.30
54	10	-94.04
54	14	-94.09
54	15	-79.29
54	17	-74.83
54	18	-91.73
54	19	-76.69
54	22	-92.34
54	24	-68.87
54	25	-94.41
54	26	-91.21
54	27	-92.02
54	30	-82.13
54	33	-89.93
54	36	-89.99
54	40	-73.65
54	49	-81.22
54	51	-85.60
54	56	-93.04
54	58	-75.39
54	59	-76.10
54	60	-88.98
54	65	-76.60
54	66	-71.21
54	69	-81.73
54	70	-92.28
54	71	-83.65
54	72	-67.51
54	75	-92.54
54	77	-92.56
54	78	-93.99
55	5	-94.69
55	6	-77.02
55	8	-92.64
55	10	-94.21
55	12	-86.47
55	13	-90.75
55	16	-94.04
55	18	-93.57
55	20	-89.76
55	22	-92.21
55	23	-90.97
55	26	-93.50
55	27	-93.78
55	29	-81.41
55	31	-94.40
55	32	-93.19
55	33	-94.03
55	35	-85.50
55	38	-90.34
55	39	-93.82
55	42	-87.10
55	43	-89.78
55	45	-90.69
55	48	-60.28
55	53	-93.42
55	61	-91.33
55	62	-83.06
55	63	-73.76
55	64	-94.12
55	68	-88.22
55	76	-92.30
55	78	-91.81
55	79	-91.33
55	80	-89.86
56	1	-90.29
56	2	-85.90
56	4	-92.07
56	7	-82.69
56	8	-88.98
56	9	-82.80
56	11	-91.95
56	13	-89.40
56	14	-77.45
56	15	-86.13
56	16	-85.08
56	17	-88.32
56	18	-94.96
56	19	-88.11
56	21	-79.07
56	22	-89.45
56	23	-87.66
56	24	-92.53
56	25	-80.83
56	26	-93.93
56	28	-82.19
56	30	-87.11
56	32	-87.43
56	33	-90.03
56	34	-85.22
56	35	-92.72
56	37	-85.05
56	40	-93.47
56	41	-90.76
56	44	-79.75
56	45	-94.03
56	46	-76.32
56	47	-83.45
56	49	-92.75
56	50	-91.51
56	51	-85.83
56	52	-91.36
56	54	-93.04
56	57	-93.57
56	58	-91.81
56	59	-92.01
56	60	-83.99
56	62	-94.27
56	64	-82.74
56	65	-87.62
56	66	-92.62
56	68	-93.59
56	69	-84.50
56	70	-76.54
56	71	-94.30
56	72	-94.57
56	73	-89.45
56	74	-81.17
56	75	-74.27
56	77	-73.36
56	78	-87.43
56	80	-89.36
57	7	-87.84
57	8	-92.39
57	11	-79.84
57	13	-94.47
57	14	-93.72
57	16	-92.31
57	21	-92.21
57	25	-94.18
57	28	-86.94
57	31	-93.51
57	32	-92.34
57	34	-85.12
57	37	-82.26
57	39	-93.69
57	41	-75.94
57	44	-91.75
57	45	-93.89
57	46	-92.69
57	47	-89.48
57	50	-79.42
57	52	-75.89
57	56	-93.57
57	64	-94.07
57	67	-76.78
57	73	-79.75
57	74	-91.39
57	75	-94.70
57	77	-94.96
58	1	-81.85
58	2	-83.25
58	3	-93.95
58	4	-86.15
58	9	-86.08
58	14	-91.59
58	15	-78.32
58	17	-76.61
58	19	-80.50
58	22	-94.37
58	24	-61.70
58	25	-91.64
58	26	-94.45
58	30	-74.25
58	33	-92.67
58	36	-93.97
58	40	-84.14
58	46	-94.98
58	49	-66.56
58	51	-79.12
58	54	-75.39
58	56	-91.81
58	59	-84.48
58	60	-84.12
58	65	-75.88
58	66	-58.16
58	69	-79.65
58	70	-92.49
58	71	-89.62
58	72	-81.82
58	74	-94.26
58	75	-90.00
58	77	-92.47
59	1	-63.58
59	2	-76.99
59	3	-84.28
59	4	-55.13
59	5	-90.83
59	9	-91.80
59	10	-89.59
59	14	-94.41
59	15	-80.15
59	17	-76.78
59	18	-85.90
59	19	-73.40
59	21	-93.96
59	22	-87.43
59	23	-93.08
59	24	-82.13
59	26	-85.07
59	27	-86.41
59	30	-85.90
59	33	-83.60
59	35	-93.91
59	36	-83.57
59	40	-61.98
59	44	-94.41
59	46	-93.20
59	49	-88.08
59	51	-88.41
59	53	-93.03
59	54	-76.10
59	56	-92.01
59	58	-84.48
59	60	-90.88
59	64	-93.20
59	65	-79.07
59	66	-83.11
59	69	-82.42
59	70	-89.59
59	71	-72.89
59	72	-74.16
59	75	-92.77
59	77	-90.24
59	78	-90.17
59	80	-94.95
60	1	-88.57
60	2	-85.48
60	4	-91.58
60	7	-88.80
60	9	-56.73
60	14	-79.34
60	15	-81.74
60	16	-94.38
60	17	-84.26
60	19	-85.97
60	21	-91.58
60	22	-94.27
60	24	-86.41
60	25	-78.91
60	28	-92.72
60	30	-75.14
60	33	-93.59
60	34	-91.01
60	37	-93.29
60	40	-91.75
60	44	-91.91
60	46	-90.42
60	47	-87.62
60	49	-83.88
60	51	-66.84
60	54	-88.98
60	56	-83.99
60	58	-84.12
60	59	-90.88
60	64	-92.84
60	65	-82.69
60	66	-86.14
60	69	-79.61
60	70	-88.73
60	71	-94.32
60	72	-91.75
60	73	-94.13
60	74	-84.77
60	75	-76.57
60	77	-87.99
60	78	-94.01
61	6	-90.63
61	8	-93.82
61	12	-77.69
61	13	-93.85
61	20	-69.00
61	29	-82.71
61	31	-85.34
61	32	-94.83
61	38	-81.82
61	39	-85.06
61	43	-75.62
61	45	-88.71
61	48	-89.59
61	55	-91.33
61	62	-91.30
61	63	-86.39
61	68	-89.61
61	76	-59.54
61	80	-94.56
62	6	-67.79
62	8	-82.45
62	10	-94.56
62	11	-93.55
62	12	-84.29
62	13	-78.18
62	16	-85.15
62	18	-92.26
62	20	-91.50
62	21	-88.76
62	22	-87.02
62	23	-80.51
62	26	-91.59
62	27	-92.84
62	28	-91.89
62	29	-87.47
62	31	-89.79
62	32	-83.45
62	33	-90.20
62	35	-75.00
62	36	-94.59
62	37	-94.69
62	38	-85.07
62	39	-88.94
62	41	-94.64
62	42	-90.86
62	43	-86.78
62	44	-88.74
62	45	-81.17
62	46	-89.68
62	48	-82.28
62	50	-93.60
62	52	-94.64
62	55	-83.06
62	56	-94.27
62	61	-91.30
62	63	-82.18
62	64	-85.80
62	68	-74.36
62	70	-90.29
62	76	-91.52
62	77	-90.98
62	78	-84.23
62	80	-76.60
63	6	-77.03
63	8	-91.35
63	12	-79.24
63	13	-89.84
63	16	-93.38
63	20	-84.49
63	22	-93.87
63	23	-91.28
63	29	-72.00
63	31	-91.12
63	32	-92.20
63	35	-87.38
63	38	-85.80
63	39	-90.44
63	42	-91.73
63	43	-84.41
63	45	-87.72
63	48	-66.67
63	55	-73.76
63	61	-86.39
63	62	-82.18
63	64	-94.01
63	68	-85.54
63	76	-87.71
63	78	-92.84
63	80	-89.56
64	1	-92.40
64	2	-89.28
64	4	-92.76
64	6	-89.23
64	7	-90.26
64	8	-77.22
64	9	-92.44
64	11	-89.66
64	12	-93.56
64	13	-75.73
64	14	-90.13
64	15	-91.18
64	16	-67.64
64	17	-92.29
64	18	-92.06
64	19	-91.31
64	21	-66.84
64	22	-83.31
64	23	-71.58
64	25	-91.63
64	26	-90.86
64	27	-92.89
64	28	-81.17
64	30	-93.38
64	31	-93.03
64	32	-73.54
64	33	-86.47
64	34	-90.86
64	35	-84.01
64	36	-93.76
64	37	-86.89
64	38	-91.87
64	39	-92.53
64	40	-94.74
64	41	-89.73
64	43	-93.94
64	44	-68.26
64	45	-86.60
64	46	-69.33
64	47	-91.47
64	48	-94.00
64	50	-89.37
64	51	-93.23
64	52	-90.11
64	55	-94.12
64	56	-82.74
64	57	-94.07
64	59	-93.20
64	60	-92.84
64	62	-85.80
64	63	-94.01
64	65	-92.18
64	68	-84.99
64	69	-90.58
64	70	-74.37
64	71	-94.00
64	73	-92.87
64	74	-91.00
64	75	-89.05
64	77	-75.18
64	78	-76.76
64	80	-75.11
65	1	-73.23
65	2	-70.40
65	3	-91.83
65	4	-80.86
65	7	-94.38
65	9	-84.41
65	10	-94.79
65	14	-89.26
65	15	-54.57
65	16	-94.40
65	17	-51.76
65	18	-91.68
65	19	-65.50
65	21	-92.13
65	22	-89.90
65	23	-93.28
65	24	-75.84
65	25	-89.86
65	26	-90.78
65	27	-92.24
65	28	-94.88
65	30	-72.25
65	33	-87.77
65	36	-90.89
65	40	-80.90
65	44	-92.60
65	46	-91.04
65	47	-94.06
65	49	-81.18
65	51	-77.86
65	54	-76.60
65	56	-87.62
65	58	-75.88
65	59	-79.07
65	60	-82.69
65	64	-92.18
65	66	-76.61
65	69	-64.51
65	70	-87.36
65	71	-86.14
65	72	-81.68
65	74	-92.38
65	75	-86.97
65	77	-87.51
65	78	-91.04
66	1	-80.72
66	2	-83.34
66	3	-93.02
66	4	-84.99
66	9	-87.84
66	14	-92.72
66	15	-79.24
66	17	-76.62
66	18	-94.48
66	19	-80.15
66	22	-94.24
66	24	-44.44
66	25	-92.83
66	26	-93.95
66	27	-94.79
66	30	-77.64
66	33	-92.38
66	36	-93.24
66	40	-82.30
66	49	-71.38
66	51	-81.85
66	54	-71.21
66	56	-92.62
66	58	-58.16
66	59	-83.11
66	60	-86.14
66	65	-76.61
66	69	-80.93
66	70	-92.90
66	71	-88.53
66	72	-79.07
66	75	-91.19
66	77	-92.96
67	7	-88.66
67	11	-88.28
67	14	-94.30
67	25	-94.41
67	28	-91.26
67	34	-86.11
67	37	-87.33
67	41	-85.90
67	47	-89.59
67	50	-87.99
67	52	-86.07
67	57	-76.78
67	73	-80.02
67	74	-91.68
68	6	-80.11
68	8	-76.09
68	11	-89.62
68	12	-82.15
68	13	-74.37
68	16	-82.19
68	20	-90.79
68	21	-87.16
68	22	-90.15
68	23	-82.33
68	26	-94.60
68	28	-89.18
68	29	-88.80
68	31	-84.47
68	32	-78.91
68	33	-92.81
68	35	-83.31
68	37	-92.13
68	38	-79.04
68	39	-83.26
68	41	-91.27
68	42	-94.79
68	43	-83.15
68	44	-86.88
68	45	-67.38
68	46	-88.49
68	48	-87.06
68	50	-89.76
68	52	-91.19
68	55	-88.22
68	56	-93.59
68	61	-89.61
68	62	-74.36
68	63	-85.54
68	64	-84.99
68	70	-90.46
68	76	-89.33
68	77	-90.84
68	78	-86.94
68	80	-77.29
69	1	-77.96
69	2	-70.32
69	3	-93.12
69	4	-83.51
69	7	-92.49
69	9	-81.35
69	13	-94.78
69	14	-86.60
69	15	-55.98
69	16	-92.95
69	17	-68.57
69	18	-92.23
69	19	-71.52
69	21	-90.26
69	22	-89.37
69	23	-92.15
69	24	-80.59
69	25	-87.43
69	26	-91.23
69	27	-92.84
69	28	-93.16
69	30	-70.88
69	32	-94.31
69	33	-87.68
69	34	-94.12
69	35	-94.79
69	36	-91.84
69	37	-94.70
69	40	-84.36
69	44	-90.78
69	46	-88.98
69	47	-92.16
69	49	-83.11
69	51	-74.93
69	54	-81.73
69	56	-84.50
69	58	-79.65
69	59	-82.42
69	60	-79.61
69	64	-90.58
69	65	-64.51
69	66	-80.93
69	70	-84.99
69	71	-88.00
69	72	-85.38
69	74	-90.26
69	75	-83.73
69	77	-84.94
69	78	-90.03
69	80	-94.04
70	1	-88.19
70	2	-83.45
70	3	-94.79
70	4	-89.25
70	6	-92.65
70	7	-89.30
70	8	-85.74
70	9	-88.43
70	10	-94.76
70	11	-92.71
70	13	-84.84
70	14	-86.82
70	15	-85.92
70	16	-80.84
70	17	-87.60
70	18	-90.84
70	19	-86.40
70	21	-74.88
70	22	-82.15
70	23	-80.21
70	24	-92.66
70	25	-88.63
70	26	-89.44
70	27	-91.74
70	28	-84.33
70	30	-89.00
70	32	-83.77
70	33	-83.80
70	34	-90.57
70	35	-87.41
70	36	-92.11
70	37	-88.50
70	40	-91.50
70	41	-92.26
70	44	-76.49
70	45	-91.69
70	46	-71.70
70	47	-90.10
70	49	-93.97
70	50	-92.39
70	51	-88.93
70	52	-92.70
70	54	-92.28
70	56	-76.54
70	58	-92.49
70	59	-89.59
70	60	-88.73
70	62	-90.29
70	64	-74.37
70	65	-87.36
70	66	-92.90
70	68	-90.46
70	69	-84.99
70	71	-91.34
70	72	-93.31
70	73	-93.26
70	74	-88.93
70	75	-84.77
70	77	-53.97
70	78	-78.48
70	80	-83.77
71	1	-78.68
71	2	-83.78
71	3	-75.89
71	4	-69.30
71	5	-86.13
71	9	-94.99
71	10	-84.55
71	15	-86.63
71	17	-84.81
71	18	-80.62
71	19	-82.62
71	22	-86.58
71	23	-93.16
71	24	-87.85
71	26	-80.36
71	27	-80.84
71	30	-90.72
71	33	-82.26
71	35	-92.96
71	36	-75.37
71	40	-73.85
71	42	-92.60
71	46	-94.55
71	49	-92.22
71	51	-92.51
71	53	-89.20
71	54	-83.65
71	56	-94.30
71	58	-89.62
71	59	-72.89
71	60	-94.32
71	64	-94.00
71	65	-86.14
71	66	-88.53
71	69	-88.00
71	70	-91.34
71	72	-80.36
71	77	-92.11
71	78	-90.13
71	80	-94.93
72	1	-76.09
72	2	-83.57
72	3	-86.64
72	4	-76.99
72	5	-93.18
72	9	-92.81
72	10	-92.39
72	15	-83.43
72	17	-80.08
72	18	-90.35
72	19	-80.11
72	22	-92.21
72	24	-77.85
72	26	-90.01
72	27	-90.52
72	30	-86.41
72	33	-89.55
72	36	-87.99
72	40	-67.38
72	49	-85.64
72	51	-89.06
72	54	-67.51
72	56	-94.57
72	58	-81.82
72	59	-74.16
72	60	-91.75
72	65	-81.68
72	66	-79.07
72	69	-85.38
72	70	-93.31
72	71	-80.36
72	75	-94.50
72	77	-93.70
72	78	-94.20
73	7	-77.45
73	8	-93.01
73	9	-93.06
73	11	-86.22
73	13	-94.71
73	14	-87.85
73	16	-91.83
73	21	-90.39
73	25	-88.22
73	28	-84.80
73	32	-92.50
73	34	-70.98
73	37	-78.09
73	41	-82.51
73	44	-90.03
73	46	-90.44
73	47	-79.93
73	50	-85.57
73	52	-83.43
73	56	-89.45
73	57	-79.75
73	60	-94.13
73	64	-92.87
73	67	-80.02
73	70	-93.26
73	74	-83.69
73	75	-89.64
73	77	-92.37
74	2	-92.40
74	7	-69.69
74	8	-93.68
74	9	-82.60
74	11	-92.47
74	13	-94.61
74	14	-69.10
74	15	-91.51
74	16	-91.41
74	17	-93.10
74	19	-93.49
74	21	-88.30
74	23	-94.22
74	25	-69.52
74	28	-86.03
74	30	-90.26
74	32	-92.75
74	34	-76.54
74	37	-84.41
74	41	-90.51
74	44	-88.32
74	46	-87.43
74	47	-63.12
74	49	-94.26
74	50	-91.99
74	51	-88.16
74	52	-91.18
74	56	-81.17
74	57	-91.39
74	58	-94.26
74	60	-84.77
74	64	-91.00
74	65	-92.38
74	67	-91.68
74	69	-90.26
74	70	-88.93
74	73	-83.69
74	75	-75.84
74	77	-87.64
74	78	-94.46
74	80	-94.98
75	1	-90.87
75	2	-87.11
75	4	-93.11
75	7	-81.68
75	8	-93.26
75	9	-73.30
75	11	-94.41
75	13	-93.67
75	14	-62.57
75	15	-85.66
75	16	-90.51
75	17	-88.00
75	19	-88.57
75	21	-86.71
75	22	-92.99
75	23	-92.34
75	24	-91.25
75	25	-68.92
75	28	-87.30
75	30	-84.19
75	32	-92.14
75	33	-92.97
75	34	-85.09
75	37	-87.94
75	40	-93.91
75	41	-93.05
75	44	-87.04
75	46	-85.22
75	47	-80.58
75	49	-90.38
75	50	-94.01
75	51	-81.32
75	52	-93.61
75	54	-92.54
75	56	-74.27
75	57	-94.70
75	58	-90.00
75	59	-92.77
75	60	-76.57
75	64	-89.05
75	65	-86.97
75	66	-91.19
75	69	-83.73
75	70	-84.77
75	72	-94.50
75	73	-89.64
75	74	-75.84
75	77	-83.27
75	78	-91.88
75	80	-93.64
76	6	-91.16
76	8	-93.38
76	12	-78.49
76	13	-93.60
76	20	-74.97
76	29	-84.93
76	31	-83.29
76	32	-94.44
76	38	-80.53
76	39	-83.11
76	43	-74.29
76	45	-88.03
76	48	-90.68
76	55	-92.30
76	61	-59.54
76	62	-91.52
76	63	-87.71
76	68	-89.33
76	80	-94.44
77	1	-88.76
77	2	-84.03
77	4	-89.99
77	6	-93.30
77	7	-88.03
77	8	-85.88
77	9	-87.55
77	11	-92.20
77	13	-85.38
77	14	-85.42
77	15	-86.03
77	16	-80.84
77	17	-87.84
77	18	-91.86
77	19	-86.86
77	21	-73.69
77	22	-84.03
77	23	-81.66
77	24	-92.75
77	25	-87.43
77	26	-90.57
77	27	-92.70
77	28	-83.11
77	30	-88.73
77	32	-83.88
77	33	-85.42
77	34	-89.44
77	35	-88.53
77	36	-93.00
77	37	-87.42
77	40	-92.04
77	41	-91.61
77	44	-75.37
77	45	-91.87
77	46	-69.52
77	47	-88.90
77	49	-93.84
77	50	-91.85
77	51	-88.45
77	52	-92.09
77	54	-92.56
77	56	-73.36
77	57	-94.96
77	58	-92.47
77	59	-90.24
77	60	-87.99
77	62	-90.98
77	64	-75.18
77	65	-87.51
77	66	-92.96
77	68	-90.84
77	69	-84.94
77	70	-53.97
77	71	-92.11
77	72	-93.70
77	73	-92.37
77	74	-87.64
77	75	-83.27
77	78	-80.70
77	80	-84.67
78	1	-89.85
78	2	-87.25
78	3	-92.70
78	4	-89.32
78	5	-92.50
78	6	-87.06
78	7	-94.40
78	8	-84.50
78	9	-93.97
78	10	-91.05
78	11	-94.33
78	12	-94.00
78	13	-80.95
78	14	-93.18
78	15	-90.19
78	16	-81.87
78	17	-90.84
78	18	-86.17
78	19	-89.30
78	21	-82.17
78	22	-69.69
78	23	-69.40
78	25	-94.37
78	26	-84.39
78	27	-87.38
78	28	-89.03
78	30	-93.32
78	32	-83.17
78	33	-77.92
78	35	-77.02
78	36	-88.90
78	37	-92.59
78	38	-93.46
78	39	-94.86
78	40	-92.00
78	41	-94.54
78	42	-91.19
78	43	-94.96
78	44	-82.89
78	45	-89.51
78	46	-82.13
78	48	-92.13
78	50	-94.17
