1	2	-84.66
1	4	-89.93
1	18	-94.50
1	20	-90.33
1	27	-75.49
1	29	-83.96
1	57	-80.45
1	60	-80.30
1	63	-89.73
1	68	-79.04
2	1	-84.66
2	4	-73.51
2	9	-94.47
2	13	-88.33
2	18	-84.49
2	20	-82.82
2	23	-91.41
2	25	-92.54
2	27	-80.85
2	29	-81.82
2	39	-89.91
2	42	-87.57
2	53	-94.72
2	57	-69.38
2	60	-71.70
2	62	-89.26
2	63	-72.40
2	68	-78.03
3	5	-92.23
3	6	-85.23
3	7	-92.98
3	8	-70.47
3	9	-89.00
3	11	-90.47
3	12	-80.70
3	15	-94.41
3	16	-93.42
3	17	-87.12
3	19	-91.64
3	22	-94.56
3	26	-90.84
3	30	-87.19
3	31	-81.06
3	34	-82.32
3	37	-77.55
3	38	-64.75
3	39	-94.25
3	40	-83.60
3	41	-88.33
3	43	-87.55
3	44	-92.10
3	46	-84.99
3	47	-86.11
3	48	-63.30
3	49	-93.99
3	51	-65.50
3	52	-72.95
3	54	-94.45
3	55	-84.34
3	56	-86.61
3	62	-93.82
3	65	-93.67
3	66	-93.21
3	67	-81.07
3	69	-89.40
4	1	-89.93
4	2	-73.51
4	7	-92.21
4	9	-91.47
4	13	-86.76
4	18	-76.09
4	20	-80.45
4	22	-93.01
4	23	-89.66
4	25	-88.47
4	26	-92.81
4	27	-86.31
4	29	-84.77
4	39	-86.41
4	42	-80.91
4	44	-94.01
4	46	-93.43
4	53	-92.88
4	56	-92.41
4	57	-81.37
4	60	-80.67
4	61	-93.39
4	62	-84.41
4	63	-58.61
4	64	-91.98
4	68	-83.92
5	3	-92.23
5	6	-78.60
5	7	-86.97
5	8	-89.51
5	10	-88.11
5	11	-79.56
5	12	-86.03
5	14	-92.87
5	22	-86.54
5	24	-93.99
5	25	-91.78
5	26	-86.38
5	28	-87.76
5	30	-85.61
5	32	-74.68
5	33	-83.73
5	34	-84.00
5	36	-92.37
5	37	-86.02
5	38	-93.94
5	43	-75.89
5	44	-83.88
5	45	-80.25
5	46	-93.59
5	48	-90.59
5	49	-71.38
5	50	-94.70
5	51	-90.58
5	52	-88.39
5	55	-80.73
5	56	-93.76
5	58	-92.88
5	59	-92.03
5	64	-89.87
5	67	-90.81
5	69	-73.06
5	70	-72.51
6	3	-85.23
6	5	-78.60
6	7	-87.25
6	8	-80.84
6	9	-92.53
6	10	-93.49
6	11	-79.83
6	12	-75.94
6	17	-94.27
6	22	-88.43
6	25	-92.44
6	26	-84.99
6	28	-93.33
6	30	-80.30
6	31	-92.86
6	32	-86.19
6	33	-89.76
6	34	-70.92
6	37	-73.13
6	38	-87.93
6	40	-92.65
6	42	-94.51
6	43	-65.63
6	44	-84.59
6	45	-87.71
6	46	-89.23
6	48	-82.48
6	49	-83.47
6	51	-82.62
6	52	-78.66
6	55	-60.94
6	56	-89.79
6	62	-94.59
6	64	-91.93
6	67	-84.49
6	69	-72.35
6	70	-85.80
7	3	-92.98
7	4	-92.21
7	5	-86.97
7	6	-87.25
7	8	-89.66
7	9	-89.68
7	10	-89.54
7	11	-75.11
7	12	-85.33
7	14	-91.00
7	17	-94.66
7	18	-88.20
7	20	-92.34
7	22	-65.16
7	24	-92.50
7	25	-75.36
7	26	-64.75
7	28	-89.73
7	30	-94.10
7	32	-86.47
7	33	-83.53
7	34	-91.00
7	35	-91.39
7	36	-90.71
7	37	-90.06
7	38	-94.84
7	39	-91.51
7	40	-94.12
7	42	-84.77
7	43	-89.17
7	44	-63.58
7	45	-83.06
7	46	-87.93
7	48	-92.54
7	49	-83.67
7	50	-92.64
7	51	-90.70
7	52	-89.18
7	53	-90.97
7	55	-89.35
7	56	-87.24
7	58	-90.39
7	59	-88.26
7	61	-90.84
7	62	-88.00
7	63	-92.99
7	64	-76.40
7	69	-89.74
7	70	-89.15
8	3	-70.47
8	5	-89.51
8	6	-80.84
8	7	-89.66
8	9	-87.18
8	11	-86.48
8	12	-71.13
8	15	-94.85
8	16	-93.67
8	17	-87.63
8	18	-94.76
8	19	-92.03
8	22	-91.61
8	25	-93.68
8	26	-86.93
8	30	-86.52
8	31	-84.83
8	32	-93.16
8	33	-94.62
8	34	-79.68
8	37	-72.35
8	38	-77.82
8	39	-92.87
8	40	-84.66
8	41	-89.02
8	42	-93.24
8	43	-84.57
8	44	-88.52
8	45	-93.43
8	46	-81.94
8	47	-88.39
8	48	-69.69
8	49	-91.26
8	51	-53.97
8	52	-52.83
8	54	-94.70
8	55	-80.78
8	56	-83.64
8	62	-91.88
8	64	-94.41
8	65	-94.43
8	66	-93.95
8	67	-83.33
8	69	-86.86
8	70	-93.32
9	2	-94.47
9	3	-89.00
9	4	-91.47
9	6	-92.53
9	7	-89.68
9	8	-87.18
9	11	-91.12
9	12	-87.19
9	13	-86.19
9	15	-87.49
9	16	-84.74
9	17	-79.44
9	18	-85.91
9	19	-83.11
9	21	-88.65
9	22	-92.03
9	23	-83.53
9	25	-91.14
9	26	-87.78
9	31	-87.34
9	34	-93.47
9	37	-91.21
9	38	-90.46
9	39	-77.31
9	40	-80.85
9	41	-81.35
9	42	-84.99
9	43	-94.57
9	44	-90.51
9	46	-70.43
9	47	-86.99
9	48	-90.39
9	51	-87.23
9	52	-87.99
9	54	-86.37
9	55	-93.30
9	56	-67.54
9	62	-78.03
9	63	-91.10
9	64	-93.71
9	65	-88.38
9	66	-87.57
10	5	-88.11
10	6	-93.49
10	7	-89.54
10	11	-89.17
10	14	-76.57
10	22	-86.84
10	24	-79.04
10	25	-90.49
10	26	-91.23
10	28	-43.60
10	32	-81.01
10	33	-74.74
10	35	-86.41
10	36	-74.88
10	43	-93.15
10	44	-88.70
10	45	-78.20
10	49	-83.64
10	50	-81.41
10	53	-90.27
10	55	-94.60
10	58	-77.69
10	59	-78.37
10	61	-89.52
10	64	-86.19
10	69	-92.40
10	70	-84.23
11	3	-90.47
11	5	-79.56
11	6	-79.83
11	7	-75.11
11	8	-86.48
11	9	-91.12
11	10	-89.17
11	12	-80.50
11	14	-92.23
11	17	-94.80
11	18	-92.47
11	22	-77.02
11	24	-93.60
11	25	-85.06
11	26	-72.46
11	28	-89.15
11	30	-89.81
11	32	-81.96
11	33	-82.80
11	34	-85.90
11	35	-93.88
11	36	-91.83
11	37	-85.35
11	38	-92.66
11	39	-93.96
11	40	-93.79
11	42	-90.01
11	43	-82.51
11	44	-66.95
11	45	-80.37
11	46	-88.39
11	48	-89.41
11	49	-77.02
11	50	-94.00
11	51	-87.89
11	52	-85.48
11	53	-94.24
11	55	-83.23
11	56	-88.28
11	58	-91.90
11	59	-90.34
11	61	-94.03
11	62	-91.43
11	64	-83.90
11	67	-92.09
11	69	-83.34
11	70	-84.50
12	3	-80.70
12	5	-86.03
12	6	-75.94
12	7	-85.33
12	8	-71.13
12	9	-87.19
12	11	-80.50
12	16	-94.86
12	17	-89.82
12	18	-93.28
12	19	-93.50
12	22	-87.77
12	25	-90.76
12	26	-81.61
12	30	-86.68
12	31	-89.00
12	32	-90.08
12	33	-91.58
12	34	-79.41
12	37	-74.00
12	38	-84.76
12	39	-92.38
12	40	-87.79
12	41	-91.10
12	42	-91.32
12	43	-81.61
12	44	-83.54
12	45	-90.15
12	46	-82.03
12	47	-91.43
12	48	-79.24
12	49	-87.58
12	51	-74.88
12	52	-68.55
12	55	-78.20
12	56	-83.06
12	62	-90.66
12	64	-91.38
12	67	-86.36
12	69	-84.18
12	70	-90.61
13	2	-88.33
13	4	-86.76
13	9	-86.19
13	15	-88.09
13	16	-86.45
13	17	-90.03
13	18	-84.69
13	19	-87.81
13	20	-93.86
13	21	-86.08
13	23	-68.68
13	25	-94.56
13	26	-94.98
13	27	-94.91
13	39	-76.40
13	40	-92.03
13	41	-89.99
13	42	-87.33
13	46	-90.27
13	47	-94.08
13	54	-86.40
13	56	-89.35
13	57	-89.40
13	60	-92.23
13	62	-82.62
13	63	-84.92
13	65	-90.38
13	66	-90.01
13	68	-94.02
14	5	-92.87
14	7	-91.00
14	10	-76.57
14	11	-92.23
14	22	-88.42
14	24	-59.54
14	25	-90.00
14	26	-92.93
14	28	-77.85
14	32	-88.35
14	33	-82.52
14	35	-77.55
14	36	-45.20
14	44	-91.02
14	45	-85.45
14	49	-89.43
14	50	-64.31
14	53	-84.96
14	58	-51.76
14	59	-67.73
14	61	-83.76
14	64	-85.82
14	70	-90.67
15	3	-94.41
15	8	-94.85
15	9	-87.49
15	13	-88.09
15	16	-62.57
15	17	-81.57
15	18	-94.60
15	19	-70.32
15	21	-67.38
15	23	-83.99
15	31	-88.52
15	38	-94.34
15	39	-88.20
15	40	-85.37
15	41	-79.26
15	46	-90.04
15	47	-84.55
15	51	-94.41
15	54	-56.73
15	56	-90.17
15	62	-91.43
15	65	-63.95
15	66	-63.58
16	3	-93.42
16	8	-93.67
16	9	-84.74
16	12	-94.86
16	13	-86.45
16	15	-62.57
16	17	-78.62
16	18	-93.10
16	19	-62.76
16	21	-71.07
16	23	-81.58
16	31	-87.63
16	38	-93.52
16	39	-85.79
16	40	-83.37
16	41	-76.20
16	42	-93.56
16	46	-87.92
16	47	-83.80
16	48	-94.95
16	51	-93.24
16	52	-94.41
16	54	-56.59
16	56	-88.00
16	62	-89.45
16	65	-70.47
16	66	-68.46
17	3	-87.12
17	6	-94.27
17	7	-94.66
17	8	-87.63
17	9	-79.44
17	11	-94.80
17	12	-89.82
17	13	-90.03
17	15	-81.57
17	16	-78.62
17	18	-92.74
17	19	-73.06
17	21	-85.27
17	23	-86.69
17	26	-93.05
17	31	-78.72
17	34	-94.11
17	37	-91.86
17	38	-87.47
17	39	-86.36
17	40	-65.46
17	41	-55.98
17	42	-92.39
17	44	-94.90
17	46	-80.63
17	47	-74.93
17	48	-89.43
17	51	-86.90
17	52	-88.78
17	54	-81.37
17	55	-94.50
17	56	-81.78
17	62	-88.36
17	65	-80.81
17	66	-79.44
17	67	-94.32
18	1	-94.50
18	2	-84.49
18	4	-76.09
18	7	-88.20
18	8	-94.76
18	9	-85.91
18	11	-92.47
18	12	-93.28
18	13	-84.69
18	15	-94.60
18	16	-93.10
18	17	-92.74
18	19	-93.11
18	20	-85.85
18	21	-94.20
18	22	-89.83
18	23	-86.71
18	25	-84.99
18	26	-88.41
18	27	-92.00
18	29	-90.57
18	39	-79.97
18	40	-93.53
18	41	-93.31
18	42	-66.11
18	44	-90.39
18	46	-88.42
18	52	-94.93
18	53	-93.38
18	54	-93.61
18	56	-86.94
18	57	-88.39
18	60	-88.49
18	61	-93.74
18	62	-73.64
18	63	-76.60
18	64	-89.63
18	68	-90.40
19	3	-91.64
19	8	-92.03
19	9	-83.11
19	12	-93.50
19	13	-87.81
19	15	-70.32
19	16	-62.76
19	17	-73.06
19	18	-93.11
19	21	-77.36
19	23	-83.45
19	31	-84.90
19	38	-91.74
19	39	-85.96
19	40	-79.53
19	41	-69.10
19	42	-93.31
19	46	-86.02
19	47	-80.37
19	48	-93.38
19	51	-91.52
19	52	-92.87
19	54	-69.69
19	56	-86.33
19	62	-89.18
19	65	-71.49
19	66	-68.68
20	1	-90.33
20	2	-82.82
20	4	-80.45
20	7	-92.34
20	13	-93.86
20	18	-85.85
20	22	-92.23
20	25	-87.25
20	26	-93.65
20	27	-84.41
20	29	-77.64
20	35	-91.21
20	39	-93.01
20	42	-86.66
20	44	-94.10
20	53	-86.61
20	57	-86.82
20	58	-94.47
20	59	-93.23
20	60	-81.32
20	61	-87.54
20	62	-90.89
20	63	-83.13
20	64	-89.85
20	68	-81.68
21	9	-88.65
21	13	-86.08
21	15	-67.38
21	16	-71.07
21	17	-85.27
21	18	-94.20
21	19	-77.36
21	23	-81.82
21	31	-91.35
21	39	-87.76
21	40	-88.42
21	41	-83.75
21	42	-94.96
21	46	-91.47
21	47	-88.26
21	54	-64.75
21	56	-91.39
21	62	-91.36
21	65	-75.29
21	66	-75.49
22	3	-94.56
22	4	-93.01
22	5	-86.54
22	6	-88.43
22	7	-65.16
22	8	-91.61
22	9	-92.03
22	10	-86.84
22	11	-77.02
22	12	-87.77
22	14	-88.42
22	18	-89.83
22	20	-92.23
22	24	-90.21
22	25	-74.97
22	26	-74.36
22	28	-87.11
22	30	-94.69
22	32	-84.57
22	33	-79.53
22	34	-92.06
22	35	-89.20
22	36	-88.07
22	37	-91.53
22	39	-93.36
22	42	-86.89
22	43	-89.81
22	44	-68.43
22	45	-79.70
22	46	-90.59
22	48	-94.03
22	49	-81.98
22	50	-90.39
22	51	-92.56
22	52	-91.10
22	53	-89.21
22	55	-90.39
22	56	-90.02
22	58	-87.71
22	59	-85.14
22	61	-88.96
22	62	-90.24
22	63	-93.87
22	64	-70.21
22	69	-90.07
22	70	-87.90
23	2	-91.41
23	4	-89.66
23	9	-83.53
23	13	-68.68
23	15	-83.99
23	16	-81.58
23	17	-86.69
23	18	-86.71
23	19	-83.45
23	21	-81.82
23	26	-94.72
23	31	-93.19
23	39	-75.19
23	40	-89.31
23	41	-86.50
23	42	-88.44
23	46	-88.35
23	47	-91.51
23	54	-81.68
23	56	-87.53
23	57	-92.42
23	60	-94.64
23	62	-82.89
23	63	-88.35
23	65	-86.90
23	66	-86.39
24	5	-93.99
24	7	-92.50
24	10	-79.04
24	11	-93.60
24	14	-59.54
24	22	-90.21
24	25	-91.49
24	26	-94.26
24	28	-80.02
24	32	-89.79
24	33	-84.96
24	35	-78.20
24	36	-62.76
24	44	-92.53
24	45	-87.43
24	49	-90.91
24	50	-56.73
24	53	-85.70
24	58	-64.56
24	59	-73.65
24	61	-84.55
24	64	-87.85
24	70	-91.79
25	2	-92.54
25	4	-88.47
25	5	-91.78
25	6	-92.44
25	7	-75.36
25	8	-93.68
25	9	-91.14
25	10	-90.49
25	11	-85.06
25	12	-90.76
25	13	-94.56
25	14	-90.00
25	18	-84.99
25	20	-87.25
25	22	-74.97
25	24	-91.49
25	26	-80.11
25	28	-90.83
25	29	-93.16
25	32	-90.37
25	33	-86.25
25	35	-88.39
25	36	-89.90
25	37	-94.34
25	39	-91.08
25	42	-81.28
25	43	-93.77
25	44	-80.30
25	45	-87.02
25	46	-90.72
25	49	-88.82
25	50	-91.25
25	51	-94.41
25	52	-93.43
25	53	-86.47
25	55	-93.93
25	56	-89.81
25	58	-89.12
25	59	-86.63
25	60	-93.65
25	61	-86.55
25	62	-87.22
25	63	-89.76
25	64	-71.21
25	68	-94.35
25	69	-94.12
25	70	-92.74
26	3	-90.84
26	4	-92.81
26	5	-86.38
26	6	-84.99
26	7	-64.75
26	8	-86.93
26	9	-87.78
26	10	-91.23
26	11	-72.46
26	12	-81.61
26	13	-94.98
26	14	-92.93
26	17	-93.05
26	18	-88.41
26	20	-93.65
26	22	-74.36
26	23	-94.72
26	24	-94.26
26	25	-80.11
26	28	-91.33
26	30	-92.77
26	31	-94.40
26	32	-87.21
26	33	-85.83
26	34	-89.07
26	35	-93.46
26	36	-92.65
26	37	-87.71
26	38	-92.98
26	39	-90.62
26	40	-92.31
26	41	-94.05
26	42	-85.05
26	43	-87.57
26	44	-65.46
26	45	-84.86
26	46	-85.23
26	48	-90.39
26	49	-84.18
26	50	-94.44
26	51	-88.16
26	52	-86.39
26	53	-93.07
26	55	-87.36
26	56	-84.59
26	58	-92.44
26	59	-90.66
26	61	-92.98
26	62	-87.15
26	63	-93.41
26	64	-81.66
26	67	-93.85
26	69	-88.48
26	70	-89.40
27	1	-75.49
27	2	-80.85
27	4	-86.31
27	13	-94.91
27	18	-92.00
27	20	-84.41
27	29	-72.40
27	42	-93.55
27	53	-94.68
27	57	-79.62
27	60	-70.47
27	63	-86.76
27	68	-60.53
28	5	-87.76
28	6	-93.33
28	7	-89.73
28	10	-43.60
28	11	-89.15
28	14	-77.85
28	22	-87.11
28	24	-80.02
28	25	-90.83
28	26	-91.33
28	32	-80.40
28	33	-74.97
28	35	-87.11
28	36	-76.32
28	43	-92.92
28	44	-88.81
28	45	-78.02
28	49	-83.31
28	50	-82.29
28	53	-90.81
28	55	-94.42
28	58	-78.93
28	59	-79.58
28	61	-90.08
28	64	-86.66
28	69	-92.12
28	70	-83.58
29	1	-83.96
29	2	-81.82
29	4	-84.77
29	18	-90.57
29	20	-77.64
29	25	-93.16
29	27	-72.40
29	35	-94.82
29	42	-91.84
29	53	-91.28
29	57	-83.60
29	60	-73.85
29	61	-92.01
29	62	-94.37
29	63	-86.02
29	64	-94.90
29	68	-68.26
30	3	-87.19
30	5	-85.61
30	6	-80.30
30	7	-94.10
30	8	-86.52
30	11	-89.81
30	12	-86.68
30	22	-94.69
30	26	-92.77
30	31	-94.31
30	32	-91.03
30	33	-94.57
30	34	-73.53
30	37	-80.08
30	38	-88.37
30	43	-77.02
30	44	-92.44
30	45	-93.04
30	46	-94.11
30	48	-84.21
30	49	-90.00
30	51	-87.03
30	52	-85.38
30	55	-76.28
30	56	-94.73
30	67	-77.36
30	69	-77.91
30	70	-89.46
31	3	-81.06
31	6	-92.86
31	8	-84.83
31	9	-87.34
31	12	-89.00
31	15	-88.52
31	16	-87.63
31	17	-78.72
31	19	-84.90
31	21	-91.35
31	23	-93.19
31	26	-94.40
31	30	-94.31
31	34	-91.62
31	37	-89.18
31	38	-79.24
31	39	-92.60
31	40	-73.30
31	41	-79.53
31	43	-94.46
31	46	-85.45
31	47	-69.33
31	48	-84.69
31	51	-83.24
31	52	-86.25
31	54	-88.98
31	55	-92.59
31	56	-86.94
31	62	-93.36
31	65	-86.82
31	66	-86.22
31	67	-90.20
32	5	-74.68
32	6	-86.19
32	7	-86.47
32	8	-93.16
32	10	-81.01
32	11	-81.96
32	12	-90.08
32	14	-88.35
32	22	-84.57
32	24	-89.79
32	25	-90.37
32	26	-87.21
32	28	-80.40
32	30	-91.03
32	33	-75.14
32	34	-89.93
32	35	-92.60
32	36	-87.64
32	37	-91.02
32	43	-85.20
32	44	-83.88
32	45	-69.28
32	48	-94.36
32	49	-64.41
32	50	-90.80
32	51	-94.04
32	52	-92.35
32	53	-94.40
32	55	-87.79
32	58	-88.47
32	59	-87.62
32	61	-93.97
32	64	-87.15
32	67	-94.82
32	69	-83.78
32	70	-66.67
33	5	-83.73
33	6	-89.76
33	7	-83.53
33	8	-94.62
33	10	-74.74
33	11	-82.80
33	12	-91.58
33	14	-82.52
33	22	-79.53
33	24	-84.96
33	25	-86.25
33	26	-85.83
33	28	-74.97
33	30	-94.57
33	32	-75.14
33	34	-93.07
33	35	-87.71
33	36	-81.57
33	37	-93.46
33	42	-93.53
33	43	-89.80
33	44	-81.94
33	45	-61.77
33	49	-75.97
33	50	-86.02
33	52	-94.01
33	53	-90.07
33	55	-91.33
33	58	-82.30
33	59	-80.25
33	61	-89.48
33	64	-80.70
33	69	-89.21
33	70	-81.35
34	3	-82.32
34	5	-84.00
34	6	-70.92
34	7	-91.00
34	8	-79.68
34	9	-93.47
34	11	-85.90
34	12	-79.41
34	17	-94.11
34	22	-92.06
34	26	-89.07
34	30	-73.53
34	31	-91.62
34	32	-89.93
34	33	-93.07
34	37	-66.56
34	38	-84.90
34	40	-92.24
34	41	-94.99
34	43	-72.20
34	44	-89.11
34	45	-91.43
34	46	-90.26
34	47	-94.20
34	48	-78.05
34	49	-88.15
34	51	-80.88
34	52	-77.57
34	55	-61.98
34	56	-91.04
34	64	-94.87
34	67	-77.51
34	69	-76.60
34	70	-89.10
35	7	-91.39
35	10	-86.41
35	11	-93.88
35	14	-77.55
35	20	-91.21
35	22	-89.20
35	24	-78.20
35	25	-88.39
35	26	-93.46
35	28	-87.11
35	29	-94.82
35	32	-92.60
35	33	-87.71
35	36	-78.72
35	42	-94.59
35	44	-92.16
35	45	-89.85
35	49	-92.88
35	50	-75.11
35	53	-73.06
35	58	-75.53
35	59	-75.11
35	61	-70.14
35	64	-85.22
35	70	-94.61
36	5	-92.37
36	7	-90.71
36	10	-74.88
36	11	-91.83
36	14	-45.20
36	22	-88.07
36	24	-62.76
36	25	-89.90
36	26	-92.65
36	28	-76.32
36	32	-87.64
36	33	-81.57
36	35	-78.72
36	44	-90.66
36	45	-84.66
36	49	-88.82
36	50	-67.54
36	53	-85.55
36	58	-55.98
36	59	-67.79
36	61	-84.40
36	64	-85.60
36	70	-90.06
37	3	-77.55
37	5	-86.02
37	6	-73.13
37	7	-90.06
37	8	-72.35
37	9	-91.21
37	11	-85.35
37	12	-74.00
37	17	-91.86
37	22	-91.53
37	25	-94.34
37	26	-87.71
37	30	-80.08
37	31	-89.18
37	32	-91.02
37	33	-93.46
37	34	-66.56
37	38	-81.68
37	40	-89.66
37	41	-92.89
37	43	-77.69
37	44	-88.35
37	45	-91.96
37	46	-87.38
37	47	-92.11
37	48	-72.00
37	49	-89.07
37	51	-74.44
37	52	-68.68
37	55	-70.40
37	56	-88.39
37	62	-94.42
37	64	-94.44
37	67	-78.76
37	69	-81.18
37	70	-90.71
38	3	-64.75
38	5	-93.94
38	6	-87.93
38	7	-94.84
38	8	-77.82
38	9	-90.46
38	11	-92.66
38	12	-84.76
38	15	-94.34
38	16	-93.52
38	17	-87.47
38	19	-91.74
38	26	-92.98
38	30	-88.37
38	31	-79.24
38	34	-84.90
38	37	-81.68
38	40	-84.00
38	41	-88.44
38	43	-89.65
38	44	-94.08
38	46	-87.25
38	47	-85.06
38	48	-71.49
38	51	-75.01
38	52	-79.31
38	54	-94.51
38	55	-86.93
38	56	-88.69
38	65	-93.38
38	66	-92.97
38	67	-81.22
38	69	-91.21
39	2	-89.91
39	3	-94.25
39	4	-86.41
39	7	-91.51
39	8	-92.87
39	9	-77.31
39	11	-93.96
39	12	-92.38
39	13	-76.40
39	15	-88.20
39	16	-85.79
39	17	-86.36
39	18	-79.97
39	19	-85.96
39	20	-93.01
39	21	-87.76
39	22	-93.36
39	23	-75.19
39	25	-91.08
39	26	-90.62
39	31	-92.60
39	40	-88.28
39	41	-86.93
39	42	-81.68
39	44	-92.82
39	46	-83.88
39	47	-91.69
39	51	-92.98
39	52	-93.34
39	54	-86.63
39	56	-82.22
39	57	-91.87
39	60	-93.34
39	62	-70.40
39	63	-85.37
39	64	-94.14
39	65	-89.96
39	66	-89.37
39	68	-94.93
40	3	-83.60
40	6	-92.65
40	7	-94.12
40	8	-84.66
40	9	-80.85
40	11	-93.79
40	12	-87.79
40	13	-92.03
40	15	-85.37
40	16	-83.37
40	17	-65.46
40	18	-93.53
40	19	-79.53
40	21	-88.42
40	23	-89.31
40	26	-92.31
40	31	-73.30
40	34	-92.24
40	37	-89.66
40	38	-84.00
40	39	-88.28
40	41	-70.21
40	42	-92.91
40	43	-94.51
40	44	-94.15
40	46	-79.42
40	47	-72.95
40	48	-86.53
40	51	-83.60
40	52	-86.11
40	54	-85.37
40	55	-92.78
40	56	-81.28
40	62	-89.43
40	65	-84.33
40	66	-83.34
40	67	-92.28
41	3	-88.33
41	8	-89.02
41	9	-81.35
41	12	-91.10
41	13	-89.99
41	15	-79.26
41	16	-76.20
41	17	-55.98
41	18	-93.31
41	19	-69.10
41	21	-83.75
41	23	-86.50
41	26	-94.05
41	31	-79.53
41	34	-94.99
41	37	-92.89
41	38	-88.44
41	39	-86.93
41	40	-70.21
41	42	-93.12
41	46	-82.91
41	47	-74.11
41	48	-90.51
41	51	-88.30
41	52	-90.08
41	54	-79.32
41	56	-83.80
41	62	-89.18
41	65	-78.06
41	66	-76.40
42	2	-87.57
42	4	-80.91
42	6	-94.51
42	7	-84.77
42	8	-93.24
42	9	-84.99
42	11	-90.01
42	12	-91.32
42	13	-87.33
42	16	-93.56
42	17	-92.39
42	18	-66.11
42	19	-93.31
42	20	-86.66
42	21	-94.96
42	22	-86.89
42	23	-88.44
42	25	-81.28
42	26	-85.05
42	27	-93.55
42	29	-91.84
42	33	-93.53
42	35	-94.59
42	39	-81.68
42	40	-92.91
42	41	-93.12
42	44	-87.48
42	45	-93.67
42	46	-86.78
42	49	-94.16
42	51	-93.74
42	52	-93.36
42	53	-92.44
42	54	-94.17
42	56	-85.15
42	57	-90.92
42	59	-94.07
42	60	-90.55
42	61	-92.74
42	62	-73.65
42	63	-81.85
42	64	-87.02
42	68	-92.07
43	3	-87.55
43	5	-75.89
43	6	-65.63
43	7	-89.17
43	8	-84.57
43	9	-94.57
43	10	-93.15
43	11	-82.51
43	12	-81.61
43	22	-89.81
43	25	-93.77
43	26	-87.57
43	28	-92.92
43	30	-77.02
43	31	-94.46
43	32	-85.20
43	33	-89.80
43	34	-72.20
43	37	-77.69
43	38	-89.65
43	40	-94.51
43	44	-86.68
43	45	-87.64
43	46	-91.75
43	48	-84.94
43	49	-83.02
43	51	-85.83
43	52	-82.92
43	55	-64.56
43	56	-92.23
43	64	-92.93
43	67	-84.57
43	69	-59.44
43	70	-83.84
44	3	-92.10
44	4	-94.01
44	5	-83.88
44	6	-84.59
44	7	-63.58
44	8	-88.52
44	9	-90.51
44	10	-88.70
44	11	-66.95
44	12	-83.54
44	14	-91.02
44	17	-94.90
44	18	-90.39
44	20	-94.10
44	22	-68.43
44	24	-92.53
44	25	-80.30
44	26	-65.46
44	28	-88.81
44	30	-92.44
44	32	-83.88
44	33	-81.94
44	34	-89.11
44	35	-92.16
44	36	-90.66
44	37	-88.35
44	38	-94.08
44	39	-92.82
44	40	-94.15
44	42	-87.48
44	43	-86.68
44	45	-80.58
44	46	-88.31
44	48	-91.41
44	49	-80.14
44	50	-92.82
44	51	-89.71
44	52	-87.84
44	53	-92.22
44	55	-87.11
44	56	-87.88
44	58	-90.54
44	59	-88.59
44	61	-92.03
44	62	-89.80
44	63	-94.67
44	64	-79.26
44	67	-94.16
44	69	-87.27
44	70	-86.82
45	5	-80.25
45	6	-87.71
45	7	-83.06
45	8	-93.43
45	10	-78.20
45	11	-80.37
45	12	-90.15
45	14	-85.45
45	22	-79.70
45	24	-87.43
45	25	-87.02
45	26	-84.86
45	28	-78.02
45	30	-93.04
45	32	-69.28
45	33	-61.77
45	34	-91.43
45	35	-89.85
45	36	-84.66
45	37	-91.96
45	42	-93.67
45	43	-87.64
45	44	-80.58
45	46	-94.72
45	48	-94.98
45	49	-69.33
45	50	-88.39
45	51	-94.31
45	52	-92.72
45	53	-91.76
45	55	-89.47
45	56	-94.54
45	58	-85.34
45	59	-83.73
45	61	-91.27
45	64	-82.45
45	69	-86.93
45	70	-77.96
46	3	-84.99
46	4	-93.43
46	5	-93.59
46	6	-89.23
46	7	-87.93
46	8	-81.94
46	9	-70.43
46	11	-88.39
46	12	-82.03
46	13	-90.27
46	15	-90.04
46	16	-87.92
46	17	-80.63
46	18	-88.42
46	19	-86.02
46	21	-91.47
46	22	-90.59
46	23	-88.35
46	25	-90.72
46	26	-85.23
46	30	-94.11
46	31	-85.45
46	34	-90.26
46	37	-87.38
46	38	-87.25
46	39	-83.88
46	40	-79.42
46	41	-82.91
46	42	-86.78
46	43	-91.75
46	44	-88.31
46	45	-94.72
46	47	-86.48
46	48	-86.54
46	49	-93.69
46	51	-82.19
46	52	-83.03
46	54	-89.37
46	55	-90.10
46	56	-55.13
46	62	-82.74
46	63	-93.31
46	64	-92.90
46	65	-90.30
46	66	-89.58
46	67	-92.52
46	69	-93.05
47	3	-86.11
47	8	-88.39
47	9	-86.99
47	12	-91.43
47	13	-94.08
47	15	-84.55
47	16	-83.80
47	17	-74.93
47	19	-80.37
47	21	-88.26
47	23	-91.51
47	31	-69.33
47	34	-94.20
47	37	-92.11
47	38	-85.06
47	39	-91.69
47	40	-72.95
47	41	-74.11
47	46	-86.48
47	48	-88.76
47	51	-87.28
47	52	-89.54
47	54	-85.38
47	55	-94.92
47	56	-87.64
47	62	-93.04
47	65	-81.96
47	66	-81.20
47	67	-93.20
48	3	-63.30
48	5	-90.59
48	6	-82.48
48	7	-92.54
48	8	-69.69
48	9	-90.39
48	11	-89.41
48	12	-79.24
48	16	-94.95
48	17	-89.43
48	19	-93.38
48	22	-94.03
48	26	-90.39
48	30	-84.21
48	31	-84.69
48	32	-94.36
48	34	-78.05
48	37	-72.00
48	38	-71.49
48	40	-86.53
48	41	-90.51
48	43	-84.94
48	44	-91.41
48	45	-94.98
48	46	-86.54
48	47	-88.76
48	49	-92.78
48	51	-67.38
48	52	-70.21
48	55	-80.99
48	56	-87.90
48	62	-94.53
48	66	-94.85
48	67	-77.29
48	69	-87.09
48	70	-94.14
49	3	-93.99
49	5	-71.38
49	6	-83.47
49	7	-83.67
49	8	-91.26
49	10	-83.64
49	11	-77.02
49	12	-87.58
49	14	-89.43
49	22	-81.98
49	24	-90.91
49	25	-88.82
49	26	-84.18
49	28	-83.31
49	30	-90.00
49	32	-64.41
49	33	-75.97
49	34	-88.15
49	35	-92.88
49	36	-88.82
49	37	-89.07
49	42	-94.16
49	43	-83.02
49	44	-80.14
49	45	-69.33
49	46	-93.69
49	48	-92.78
49	50	-91.72
49	51	-92.26
49	52	-90.36
49	53	-94.27
49	55	-85.64
49	56	-93.65
49	58	-89.38
49	59	-88.19
49	61	-93.89
49	64	-85.80
49	67	-93.68
49	69	-81.96
49	70	-72.73
50	5	-94.70
50	7	-92.64
50	10	-81.41
50	11	-94.00
50	14	-64.31
50	22	-90.39
50	24	-56.73
50	25	-91.25
50	26	-94.44
50	28	-82.29
50	32	-90.80
50	33	-86.02
50	35	-75.11
50	36	-67.54
50	44	-92.82
50	45	-88.39
50	49	-91.72
50	53	-84.03
50	58	-65.46
50	59	-73.51
50	61	-82.74
50	64	-87.74
50	70	-92.75
51	3	-65.50
51	5	-90.58
51	6	-82.62
51	7	-90.70
51	8	-53.97
51	9	-87.23
51	11	-87.89
51	12	-74.88
51	15	-94.41
51	16	-93.24
51	17	-86.90
51	19	-91.52
51	22	-92.56
51	25	-94.41
51	26	-88.16
51	30	-87.03
51	31	-83.24
51	32	-94.04
51	34	-80.88
51	37	-74.44
51	38	-75.01
51	39	-92.98
51	40	-83.60
51	41	-88.30
51	42	-93.74
51	43	-85.83
51	44	-89.71
51	45	-94.31
51	46	-82.19
51	47	-87.28
51	48	-67.38
51	49	-92.26
51	52	-62.57
51	54	-94.31
51	55	-82.29
51	56	-83.99
51	62	-92.20
51	65	-93.89
51	66	-93.40
51	67	-83.00
51	69	-87.94
51	70	-94.14
52	3	-72.95
52	5	-88.39
52	6	-78.66
52	7	-89.18
52	8	-52.83
52	9	-87.99
52	11	-85.48
52	12	-68.55
52	16	-94.41
52	17	-88.78
52	18	-94.93
52	19	-92.87
52	22	-91.10
52	25	-93.43
52	26	-86.39
52	30	-85.38
52	31	-86.25
52	32	-92.35
52	33	-94.01
52	34	-77.57
52	37	-68.68
52	38	-79.31
52	39	-93.34
52	40	-86.11
52	41	-90.08
52	42	-93.36
52	43	-82.92
52	44	-87.84
52	45	-92.72
52	46	-83.03
52	47	-89.54
52	48	-70.21
52	49	-90.36
52	51	-62.57
52	55	-78.62
52	56	-84.50
52	62	-92.22
52	64	-94.03
52	66	-94.72
52	67	-82.74
52	69	-85.46
52	70	-92.47
53	2	-94.72
53	4	-92.88
53	7	-90.97
53	10	-90.27
53	11	-94.24
53	14	-84.96
53	18	-93.38
53	20	-86.61
53	22	-89.21
53	24	-85.70
53	25	-86.47
53	26	-93.07
53	27	-94.68
53	28	-90.81
53	29	-91.28
53	32	-94.40
53	33	-90.07
53	35	-73.06
53	36	-85.55
53	42	-92.44
53	44	-92.22
53	45	-91.76
53	49	-94.27
53	50	-84.03
53	58	-83.60
53	59	-82.06
53	60	-93.98
53	61	-49.00
53	63	-94.14
53	64	-84.79
53	68	-93.69
54	3	-94.45
54	8	-94.70
54	9	-86.37
54	13	-86.40
54	15	-56.73
54	16	-56.59
54	17	-81.37
54	18	-93.61
54	19	-69.69
54	21	-64.75
54	23	-81.68
54	31	-88.98
54	38	-94.51
54	39	-86.63
54	40	-85.37
54	41	-79.32
54	42	-94.17
54	46	-89.37
54	47	-85.38
54	51	-94.31
54	56	-89.40
54	62	-90.27
54	65	-70.32
54	66	-69.38
55	3	-84.34
55	5	-80.73
55	6	-60.94
55	7	-89.35
55	8	-80.78
55	9	-93.30
55	10	-94.60
55	11	-83.23
55	12	-78.20
55	17	-94.50
55	22	-90.39
55	25	-93.93
55	26	-87.36
55	28	-94.42
55	30	-76.28
55	31	-92.59
55	32	-87.79
55	33	-91.33
55	34	-61.98
55	37	-70.40
55	38	-86.93
55	40	-92.78
55	43	-64.56
55	44	-87.11
55	45	-89.47
55	46	-90.10
55	47	-94.92
55	48	-80.99
55	49	-85.64
55	51	-82.29
55	52	-78.62
55	56	-90.76
55	64	-93.49
55	67	-81.68
55	69	-72.05
55	70	-86.99
56	3	-86.61
56	4	-92.41
56	5	-93.76
56	6	-89.79
56	7	-87.24
56	8	-83.64
56	9	-67.54
56	11	-88.28
56	12	-83.06
56	13	-89.35
56	15	-90.17
56	16	-88.00
56	17	-81.78
56	18	-86.94
56	19	-86.33
56	21	-91.39
56	22	-90.02
56	23	-87.53
56	25	-89.81
56	26	-84.59
56	30	-94.73
56	31	-86.94
56	34	-91.04
56	37	-88.39
56	38	-88.69
56	39	-82.22
56	40	-81.28
56	41	-83.80
56	42	-85.15
56	43	-92.23
56	44	-87.88
56	45	-94.54
56	46	-55.13
56	47	-87.64
56	48	-87.90
56	49	-93.65
56	51	-83.99
56	52	-84.50
56	54	-89.40
56	55	-90.76
56	62	-80.53
56	63	-92.29
56	64	-92.27
56	65	-90.62
56	66	-89.91
56	67	-93.40
56	69	-93.45
57	1	-80.45
57	2	-69.38
57	4	-81.37
57	13	-89.40
57	18	-88.39
57	20	-86.82
57	23	-92.42
57	27	-79.62
57	29	-83.60
57	39	-91.87
57	42	-90.92
57	60	-73.51
57	62	-91.83
57	63	-80.11
57	68	-78.37
58	5	-92.88
58	7	-90.39
58	10	-77.69
58	11	-91.90
58	14	-51.76
58	20	-94.47
58	22	-87.71
58	24	-64.56
58	25	-89.12
58	26	-92.44
58	28	-78.93
58	32	-88.47
58	33	-82.30
58	35	-75.53
58	36	-55.98
58	44	-90.54
58	45	-85.34
58	49	-89.38
58	50	-65.46
58	53	-83.60
58	59	-62.82
58	61	-82.28
58	64	-84.71
58	70	-90.89
59	5	-92.03
59	7	-88.26
59	10	-78.37
59	11	-90.34
59	14	-67.73
59	20	-93.23
59	22	-85.14
59	24	-73.65
59	25	-86.63
59	26	-90.66
59	28	-79.58
59	32	-87.62
59	33	-80.25
59	35	-75.11
59	36	-67.79
59	42	-94.07
59	44	-88.59
59	45	-83.73
59	49	-88.19
59	50	-73.51
59	53	-82.06
59	58	-62.82
59	61	-80.70
59	64	-81.22
59	70	-90.37
60	1	-80.30
60	2	-71.70
60	4	-80.67
60	13	-92.23
60	18	-88.49
60	20	-81.32
60	23	-94.64
60	25	-93.65
60	27	-70.47
60	29	-73.85
60	39	-93.34
60	42	-90.55
60	53	-93.98
60	57	-73.51
60	61	-94.57
60	62	-92.54
60	63	-81.22
60	68	-63.30
61	4	-93.39
61	7	-90.84
61	10	-89.52
61	11	-94.03
61	14	-83.76
61	18	-93.74
61	20	-87.54
61	22	-88.96
61	24	-84.55
61	25	-86.55
61	26	-92.98
61	28	-90.08
61	29	-92.01
61	32	-93.97
61	33	-89.48
61	35	-70.14
61	36	-84.40
61	42	-92.74
61	44	-92.03
61	45	-91.27
61	49	-93.89
61	50	-82.74
61	53	-49.00
61	58	-82.28
61	59	-80.70
61	60	-94.57
61	63	-94.60
61	64	-84.48
61	68	-94.30
62	2	-89.26
62	3	-93.82
62	4	-84.41
62	6	-94.59
62	7	-88.00
62	8	-91.88
62	9	-78.03
62	11	-91.43
62	12	-90.66
62	13	-82.62
62	15	-91.43
62	16	-89.45
62	17	-88.36
62	18	-73.64
62	19	-89.18
62	20	-90.89
62	21	-91.36
62	22	-90.24
62	23	-82.89
62	25	-87.22
62	26	-87.15
62	29	-94.37
62	31	-93.36
62	37	-94.42
62	39	-70.40
62	40	-89.43
62	41	-89.18
62	42	-73.65
62	44	-89.80
62	46	-82.74
62	47	-93.04
62	48	-94.53
62	51	-92.20
62	52	-92.22
62	54	-90.27
62	56	-80.53
62	57	-91.83
62	60	-92.54
62	63	-84.01
62	64	-91.11
62	65	-92.67
62	66	-92.14
62	68	-94.10
63	1	-89.73
63	2	-72.40
63	4	-58.61
63	7	-92.99
63	9	-91.10
63	13	-84.92
63	18	-76.60
63	20	-83.13
63	22	-93.87
63	23	-88.35
63	25	-89.76
63	26	-93.41
63	27	-86.76
63	29	-86.02
63	39	-85.37
63	42	-81.85
63	44	-94.67
63	46	-93.31
63	53	-94.14
63	56	-92.29
63	57	-80.11
63	60	-81.22
63	61	-94.60
63	62	-84.01
63	64	-93.07
63	68	-84.62
64	4	-91.98
64	5	-89.87
64	6	-91.93
64	7	-76.40
64	8	-94.41
64	9	-93.71
64	10	-86.19
64	11	-83.90
64	12	-91.38
64	14	-85.82
64	18	-89.63
64	20	-89.85
64	22	-70.21
64	24	-87.85
64	25	-71.21
64	26	-81.66
64	28	-86.66
64	29	-94.90
64	32	-87.15
64	33	-80.70
64	34	-94.87
64	35	-85.22
64	36	-85.60
64	37	-94.44
64	39	-94.14
64	42	-87.02
64	43	-92.93
64	44	-79.26
64	45	-82.45
64	46	-92.90
64	49	-85.80
64	50	-87.74
64	52	-94.03
64	53	-84.79
64	55	-93.49
64	56	-92.27
64	58	-84.71
64	59	-81.22
64	61	-84.48
64	62	-91.11
64	63	-93.07
64	69	-93.03
64	70	-90.19
65	3	-93.67
65	8	-94.43
65	9	-88.38
65	13	-90.38
65	15	-63.95
65	16	-70.47
65	17	-80.81
65	19	-71.49
65	21	-75.29
65	23	-86.90
65	31	-86.82
65	38	-93.38
65	39	-89.96
65	40	-84.33
65	41	-78.06
65	46	-90.30
65	47	-81.96
65	51	-93.89
65	54	-70.32
65	56	-90.62
65	62	-92.67
65	66	-47.08
66	3	-93.21
66	8	-93.95
66	9	-87.57
66	13	-90.01
66	15	-63.58
66	16	-68.46
66	17	-79.44
66	19	-68.68
66	21	-75.49
66	23	-86.39
66	31	-86.22
66	38	-92.97
66	39	-89.37
66	40	-83.34
66	41	-76.40
66	46	-89.58
66	47	-81.20
66	48	-94.85
66	51	-93.40
66	52	-94.72
66	54	-69.38
66	56	-89.91
66	62	-92.14
66	65	-47.08
67	3	-81.07
67	5	-90.81
67	6	-84.49
67	8	-83.33
67	11	-92.09
67	12	-86.36
67	17	-94.32
67	26	-93.85
67	30	-77.36
67	31	-90.20
67	32	-94.82
67	34	-77.51
67	37	-78.76
67	38	-81.22
67	40	-92.28
67	43	-84.57
67	44	-94.16
67	46	-92.52
67	47	-93.20
67	48	-77.29
67	49	-93.68
67	51	-83.00
67	52	-82.74
67	55	-81.68
67	56	-93.40
67	69	-86.14
67	70	-94.00
68	1	-79.04
68	2	-78.03
68	4	-83.92
68	13	-94.02
68	18	-90.40
68	20	-81.68
68	25	-94.35
68	27	-60.53
68	29	-68.26
68	39	-94.93
68	42	-92.07
68	53	-93.69
68	57	-78.37
68	60	-63.30
68	61	-94.30
68	62	-94.10
68	63	-84.62
69	3	-89.40
69	5	-73.06
69	6	-72.35
69	7	-89.74
69	8	-86.86
69	10	-92.40
69	11	-83.34
69	12	-84.18
69	22	-90.07
69	25	-94.12
69	26	-88.48
69	28	-92.12
69	30	-77.91
69	32	-83.78
69	33	-89.21
69	34	-76.60
69	37	-81.18
69	38	-91.21
69	43	-59.44
69	44	-87.27
69	45	-86.93
69	46	-93.05
69	48	-87.09
69	49	-81.96
69	51	-87.94
69	52	-85.46
69	55	-72.05
69	56	-93.45
69	64	-93.03
69	67	-86.14
69	70	-81.66
70	5	-72.51
70	6	-85.80
70	7	-89.15
70	8	-93.32
70	10	-84.23
70	11	-84.50
70	12	-90.61
70	14	-90.67
70	22	-87.90
70	24	-91.79
70	25	-92.74
70	26	-89.40
70	28	-83.58
70	30	-89.46
70	32	-66.67
70	33	-81.35
70	34	-89.10
70	35	-94.61
70	36	-90.06
70	37	-90.71
70	43	-83.84
70	44	-86.82
70	45	-77.96
70	48	-94.14
70	49	-72.73
70	50	-92.75
70	51	-94.14
70	52	-92.47
70	55	-86.99
70	58	-90.89
70	59	-90.37
70	64	-90.19
70	67	-94.00
70	69	-81.66
