1	6	-88.50
1	9	-67.08
1	10	-78.62
1	13	-94.03
1	15	-87.76
1	19	-90.87
1	21	-93.66
1	23	-94.70
1	24	-89.91
1	28	-94.05
1	29	-89.19
1	30	-89.23
2	3	-87.64
2	4	-93.74
2	5	-89.31
2	7	-83.96
2	8	-79.93
2	11	-82.91
2	16	-85.07
2	17	-89.83
2	23	-88.09
2	24	-87.91
2	26	-89.73
2	29	-88.80
2	30	-89.06
3	2	-87.64
3	4	-84.55
3	6	-94.51
3	7	-90.72
3	8	-94.12
3	11	-70.65
3	12	-86.08
3	13	-92.20
3	14	-85.42
3	16	-61.77
3	17	-61.77
3	18	-93.70
3	19	-94.60
3	20	-91.04
3	21	-93.81
3	22	-82.26
3	24	-91.49
3	27	-86.60
3	28	-93.97
3	29	-92.01
3	30	-91.91
4	2	-93.74
4	3	-84.55
4	7	-91.57
4	11	-88.25
4	12	-81.92
4	14	-83.69
4	16	-85.88
4	17	-83.62
4	22	-86.05
4	27	-92.84
5	2	-89.31
5	7	-91.28
5	8	-81.14
5	23	-83.37
5	26	-81.17
6	1	-88.50
6	3	-94.51
6	9	-91.38
6	10	-94.07
6	11	-93.16
6	13	-77.76
6	16	-94.27
6	17	-94.87
6	18	-87.68
6	19	-67.08
6	20	-92.54
6	21	-77.44
6	24	-82.88
6	25	-84.79
6	27	-91.99
6	28	-78.82
6	29	-81.78
6	30	-81.06
7	2	-83.96
7	3	-90.72
7	4	-91.57
7	5	-91.28
7	8	-89.00
7	11	-89.10
7	16	-89.16
7	17	-92.20
7	23	-94.33
7	26	-86.15
8	2	-79.93
8	3	-94.12
8	5	-81.14
8	7	-89.00
8	11	-91.14
8	15	-93.59
8	16	-92.55
8	23	-77.64
8	24	-89.30
8	26	-87.12
8	29	-89.96
8	30	-90.35
9	1	-67.08
9	6	-91.38
9	10	-72.70
9	15	-85.82
9	19	-93.36
9	23	-94.84
9	24	-91.93
9	29	-91.36
9	30	-91.44
10	1	-78.62
10	6	-94.07
10	9	-72.70
10	15	-88.79
10	29	-94.72
10	30	-94.76
11	2	-82.91
11	3	-70.65
11	4	-88.25
11	6	-93.16
11	7	-89.10
11	8	-91.14
11	12	-90.29
11	13	-91.64
11	14	-89.76
11	16	-61.70
11	17	-76.60
11	18	-94.17
11	19	-93.66
11	20	-92.65
11	21	-93.32
11	22	-87.17
11	23	-94.84
11	24	-88.44
11	27	-88.88
11	28	-93.57
11	29	-89.16
11	30	-89.12
12	3	-86.08
12	4	-81.92
12	11	-90.29
12	14	-58.61
12	16	-88.38
12	17	-83.43
12	20	-90.40
12	22	-75.36
12	27	-87.48
13	1	-94.03
13	3	-92.20
13	6	-77.76
13	11	-91.64
13	16	-92.45
13	17	-92.15
13	18	-78.48
13	19	-72.00
13	20	-86.25
13	21	-61.77
13	22	-92.53
13	24	-87.36
13	25	-79.97
13	27	-86.00
13	28	-63.95
13	29	-86.97
13	30	-86.41
14	3	-85.42
14	4	-83.69
14	11	-89.76
14	12	-58.61
14	16	-87.89
14	17	-82.46
14	18	-94.16
14	20	-88.76
14	22	-70.59
14	27	-85.46
15	1	-87.76
15	8	-93.59
15	9	-85.82
15	10	-88.79
15	23	-88.28
15	24	-92.90
15	29	-92.72
15	30	-92.99
16	2	-85.07
16	3	-61.77
16	4	-85.88
16	6	-94.27
16	7	-89.16
16	8	-92.55
16	11	-61.70
16	12	-88.38
16	13	-92.45
16	14	-87.89
16	17	-71.70
16	18	-94.41
16	19	-94.58
16	20	-92.35
16	21	-94.04
16	22	-85.32
16	24	-90.42
16	27	-88.38
16	28	-94.24
16	29	-91.03
16	30	-90.97
17	2	-89.83
17	3	-61.77
17	4	-83.62
17	6	-94.87
17	7	-92.20
17	11	-76.60
17	12	-83.43
17	13	-92.15
17	14	-82.46
17	16	-71.70
17	18	-93.11
17	19	-94.76
17	20	-89.73
17	21	-93.74
17	22	-78.37
17	24	-92.61
17	27	-84.84
17	28	-93.85
17	29	-93.05
17	30	-92.93
18	3	-93.70
18	6	-87.68
18	11	-94.17
18	13	-78.48
18	14	-94.16
18	16	-94.41
18	17	-93.11
18	19	-84.19
18	20	-78.93
18	21	-78.18
18	22	-91.43
18	24	-93.36
18	25	-78.48
18	27	-83.02
18	28	-76.89
18	29	-93.16
18	30	-92.81
19	1	-90.87
19	3	-94.60
19	6	-67.08
19	9	-93.36
19	11	-93.66
19	13	-72.00
19	16	-94.58
19	17	-94.76
19	18	-84.19
19	20	-90.63
19	21	-68.87
19	24	-86.35
19	25	-79.99
19	27	-90.57
19	28	-71.07
19	29	-85.62
19	30	-85.03
20	3	-91.04
20	6	-92.54
20	11	-92.65
20	12	-90.40
20	13	-86.25
20	14	-88.76
20	16	-92.35
20	17	-89.73
20	18	-78.93
20	19	-90.63
20	21	-87.29
20	22	-85.22
20	25	-88.64
20	27	-72.07
20	28	-86.84
20	30	-94.99
21	1	-93.66
21	3	-93.81
21	6	-77.44
21	11	-93.32
21	13	-61.77
21	16	-94.04
21	17	-93.74
21	18	-78.18
21	19	-68.87
21	20	-87.29
21	22	-93.87
21	24	-88.69
21	25	-75.73
21	27	-87.76
21	28	-45.20
21	29	-88.22
21	30	-87.71
22	3	-82.26
22	4	-86.05
22	11	-87.17
22	12	-75.36
22	13	-92.53
22	14	-70.59
22	16	-85.32
22	17	-78.37
22	18	-91.43
22	20	-85.22
22	21	-93.87
22	27	-79.80
22	28	-93.81
23	1	-94.70
23	2	-88.09
23	5	-83.37
23	7	-94.33
23	8	-77.64
23	9	-94.84
23	11	-94.84
23	15	-88.28
23	24	-89.63
23	26	-91.36
23	29	-90.03
23	30	-90.47
24	1	-89.91
24	2	-87.91
24	3	-91.49
24	6	-82.88
24	8	-89.30
24	9	-91.93
24	11	-88.44
24	13	-87.36
24	15	-92.90
24	16	-90.42
24	17	-92.61
24	18	-93.36
24	19	-86.35
24	21	-88.69
24	23	-89.63
24	25	-93.33
24	27	-93.51
24	28	-89.34
24	29	-48.57
24	30	-52.83
25	6	-84.79
25	13	-79.97
25	18	-78.48
25	19	-79.99
25	20	-88.64
25	21	-75.73
25	24	-93.33
25	27	-90.58
25	28	-74.36
25	29	-92.93
25	30	-92.57
26	2	-89.73
26	5	-81.17
26	7	-86.15
26	8	-87.12
26	23	-91.36
27	3	-86.60
27	4	-92.84
27	6	-91.99
27	11	-88.88
27	12	-87.48
27	13	-86.00
27	14	-85.46
27	16	-88.38
27	17	-84.84
27	18	-83.02
27	19	-90.57
27	20	-72.07
27	21	-87.76
27	22	-79.80
27	24	-93.51
27	25	-90.58
27	28	-87.55
27	29	-93.62
27	30	-93.35
28	1	-94.05
28	3	-93.97
28	6	-78.82
28	11	-93.57
28	13	-63.95
28	16	-94.24
28	17	-93.85
28	18	-76.89
28	19	-71.07
28	20	-86.84
28	21	-45.20
28	22	-93.81
28	24	-89.34
28	25	-74.36
28	27	-87.55
28	29	-88.90
28	30	-88.41
29	1	-89.19
29	2	-88.80
29	3	-92.01
29	6	-81.78
29	8	-89.96
29	9	-91.36
29	10	-94.72
29	11	-89.16
29	13	-86.97
29	15	-92.72
29	16	-91.03
29	17	-93.05
29	18	-93.16
29	19	-85.62
29	21	-88.22
29	23	-90.03
29	24	-48.57
29	25	-92.93
29	27	-93.62
29	28	-88.90
29	30	-40.23
30	1	-89.23
30	2	-89.06
30	3	-91.91
30	6	-81.06
30	8	-90.35
30	9	-91.44
30	10	-94.76
30	11	-89.12
30	13	-86.41
30	15	-92.99
30	16	-90.97
30	17	-92.93
30	18	-92.81
30	19	-85.03
30	20	-94.99
30	21	-87.71
30	23	-90.47
30	24	-52.83
30	25	-92.57
30	27	-93.35
30	28	-88.41
30	29	-40.23
