1	2	-86.78
1	6	-78.62
1	7	-94.26
1	9	-93.80
1	10	-76.54
1	11	-81.68
1	12	-94.19
1	13	-83.03
1	16	-84.07
1	20	-88.53
1	22	-86.15
1	23	-89.50
1	24	-91.51
1	26	-94.29
1	29	-94.24
1	30	-90.58
1	33	-90.08
1	34	-88.23
1	35	-78.86
1	37	-93.67
1	43	-92.75
1	44	-84.14
1	48	-88.78
1	49	-85.52
1	51	-85.79
1	53	-93.82
1	54	-92.03
1	56	-79.90
1	59	-84.01
1	60	-94.73
1	61	-93.38
1	69	-88.03
1	70	-93.35
2	1	-86.78
2	6	-78.60
2	7	-83.13
2	10	-89.33
2	11	-71.05
2	12	-94.26
2	13	-82.00
2	16	-87.26
2	20	-94.44
2	22	-89.74
2	23	-94.34
2	24	-86.47
2	25	-90.54
2	26	-88.64
2	28	-88.74
2	29	-93.68
2	30	-75.53
2	33	-92.40
2	34	-81.99
2	35	-87.45
2	36	-93.10
2	37	-88.90
2	39	-94.47
2	40	-88.09
2	43	-77.51
2	44	-88.98
2	48	-74.60
2	49	-83.97
2	51	-82.85
2	52	-94.72
2	53	-92.32
2	54	-76.09
2	56	-86.34
2	59	-94.12
2	60	-85.05
2	61	-91.79
2	67	-94.26
2	69	-86.19
2	70	-90.71
3	4	-87.29
3	5	-85.50
3	7	-94.77
3	8	-90.42
3	12	-86.38
3	14	-85.55
3	15	-94.23
3	16	-94.44
3	18	-82.09
3	19	-72.07
3	21	-80.45
3	22	-93.86
3	24	-89.76
3	25	-86.47
3	26	-87.77
3	27	-82.42
3	29	-85.30
3	31	-76.09
3	32	-89.80
3	33	-91.84
3	34	-92.90
3	37	-87.26
3	38	-77.82
3	39	-76.78
3	40	-94.61
3	44	-94.83
3	45	-78.10
3	46	-79.99
3	48	-94.93
3	49	-93.72
3	50	-78.37
3	51	-93.77
3	52	-81.68
3	53	-85.16
3	55	-91.61
3	57	-92.39
3	58	-85.34
3	60	-93.39
3	61	-85.88
3	62	-94.09
3	63	-82.62
3	64	-87.36
3	66	-88.54
3	68	-92.70
3	69	-91.99
3	70	-86.02
4	3	-87.29
4	14	-94.37
4	18	-93.49
4	19	-91.44
4	21	-93.63
4	27	-88.64
4	31	-89.23
4	32	-64.93
4	38	-93.03
4	39	-92.01
4	45	-76.61
4	46	-88.97
4	50	-84.19
4	52	-94.62
4	63	-89.80
4	64	-91.38
4	66	-87.51
5	3	-85.50
5	8	-74.45
5	9	-89.85
5	10	-94.48
5	12	-77.94
5	13	-93.44
5	14	-60.94
5	15	-89.18
5	16	-91.22
5	18	-63.30
5	19	-84.12
5	20	-89.93
5	21	-71.49
5	22	-89.45
5	23	-88.08
5	24	-90.67
5	25	-91.92
5	26	-91.36
5	27	-93.52
5	29	-79.75
5	31	-90.37
5	33	-85.29
5	34	-92.71
5	35	-93.38
5	37	-89.96
5	38	-76.96
5	39	-87.58
5	41	-94.25
5	42	-86.02
5	44	-90.86
5	45	-90.81
5	46	-80.68
5	47	-93.07
5	49	-92.01
5	50	-86.22
5	51	-92.45
5	52	-78.46
5	53	-83.29
5	55	-80.93
5	56	-93.14
5	57	-83.02
5	58	-63.12
5	59	-94.98
5	61	-84.14
5	62	-82.88
5	63	-80.70
5	64	-83.61
5	65	-89.06
5	66	-89.74
5	68	-79.61
5	69	-90.24
5	70	-86.40
6	1	-78.62
6	2	-78.60
6	7	-88.63
6	8	-94.26
6	9	-94.40
6	10	-80.21
6	11	-66.11
6	12	-90.99
6	13	-68.92
6	16	-77.94
6	19	-94.42
6	20	-88.88
6	21	-94.50
6	22	-82.37
6	23	-88.97
6	24	-84.71
6	25	-91.11
6	26	-88.71
6	28	-93.45
6	29	-90.65
6	30	-82.74
6	33	-87.14
6	34	-78.57
6	35	-76.46
6	37	-88.03
6	38	-94.14
6	39	-93.83
6	40	-92.25
6	43	-87.14
6	44	-80.49
6	48	-79.24
6	49	-75.36
6	51	-74.83
6	52	-92.36
6	53	-89.55
6	54	-85.73
6	56	-74.34
6	58	-94.23
6	59	-88.26
6	60	-89.17
6	61	-88.90
6	69	-80.34
6	70	-88.35
7	1	-94.26
7	2	-83.13
7	3	-94.77
7	6	-88.63
7	10	-94.51
7	11	-86.66
7	12	-93.59
7	13	-87.94
7	16	-91.05
7	17	-88.80
7	19	-92.21
7	22	-92.54
7	24	-83.84
7	25	-82.99
7	26	-82.19
7	27	-91.85
7	28	-76.34
7	29	-92.59
7	30	-73.06
7	31	-91.39
7	33	-93.71
7	34	-83.58
7	35	-92.66
7	36	-83.57
7	37	-84.29
7	38	-93.98
7	39	-90.01
7	40	-70.92
7	43	-72.76
7	44	-92.55
7	48	-78.27
7	49	-87.71
7	51	-86.72
7	52	-92.90
7	53	-90.70
7	54	-70.59
7	56	-91.64
7	60	-60.94
7	61	-90.26
7	67	-86.64
7	69	-87.78
7	70	-88.41
8	3	-90.42
8	5	-74.45
8	6	-94.26
8	9	-83.90
8	10	-91.64
8	12	-77.98
8	13	-91.89
8	14	-77.94
8	15	-91.29
8	16	-88.76
8	18	-79.46
8	19	-88.42
8	20	-84.67
8	21	-80.63
8	22	-86.21
8	23	-82.13
8	24	-90.79
8	25	-93.40
8	26	-92.38
8	29	-80.90
8	31	-93.46
8	33	-80.84
8	34	-92.06
8	35	-90.75
8	37	-90.90
8	38	-83.45
8	39	-90.69
8	41	-92.95
8	42	-82.00
8	44	-87.80
8	45	-94.70
8	46	-87.79
8	47	-89.10
8	49	-90.54
8	50	-91.45
8	51	-91.19
8	52	-82.45
8	53	-84.43
8	55	-83.29
8	56	-90.73
8	57	-84.99
8	58	-73.13
8	59	-91.51
8	61	-84.89
8	62	-78.48
8	63	-87.63
8	64	-88.85
8	65	-87.06
8	66	-93.65
8	68	-75.00
8	69	-89.00
8	70	-87.30
9	1	-93.80
9	5	-89.85
9	6	-94.40
9	8	-83.90
9	10	-88.95
9	12	-89.22
9	13	-93.00
9	14	-90.93
9	16	-89.71
9	18	-91.78
9	20	-78.05
9	21	-92.04
9	22	-87.43
9	23	-78.62
9	24	-94.83
9	29	-90.57
9	33	-85.60
9	34	-94.66
9	35	-89.64
9	38	-93.19
9	41	-92.37
9	42	-83.73
9	44	-87.95
9	47	-78.37
9	49	-92.49
9	51	-93.18
9	52	-92.15
9	53	-92.06
9	55	-91.10
9	56	-90.35
9	57	-91.75
9	58	-89.25
9	59	-84.90
9	61	-92.06
9	62	-84.30
9	65	-88.15
9	68	-85.05
9	69	-92.14
9	70	-93.41
10	1	-76.54
10	2	-89.33
10	5	-94.48
10	6	-80.21
10	7	-94.51
10	8	-91.64
10	9	-88.95
10	11	-84.64
10	12	-90.16
10	13	-80.32
10	16	-76.69
10	20	-80.47
10	21	-94.14
10	22	-78.02
10	23	-82.07
10	24	-89.30
10	25	-94.55
10	26	-92.65
10	29	-90.48
10	30	-91.00
10	33	-83.88
10	34	-86.42
10	35	-65.50
10	37	-91.61
10	38	-94.29
10	43	-93.97
10	44	-74.49
10	47	-94.25
10	48	-88.97
10	49	-81.92
10	51	-82.95
10	52	-92.55
10	53	-90.40
10	54	-93.03
10	56	-70.90
10	58	-93.00
10	59	-76.17
10	60	-94.59
10	61	-89.93
10	68	-94.90
10	69	-84.19
10	70	-90.37
11	1	-81.68
11	2	-71.05
11	6	-66.11
11	7	-86.66
11	10	-84.64
11	12	-92.56
11	13	-75.40
11	16	-82.66
11	20	-91.52
11	22	-86.02
11	23	-91.54
11	24	-85.38
11	25	-90.95
11	26	-88.71
11	28	-91.81
11	29	-92.10
11	30	-79.80
11	33	-89.68
11	34	-79.52
11	35	-82.13
11	37	-88.42
11	39	-94.21
11	40	-90.78
11	43	-84.01
11	44	-84.76
11	48	-76.38
11	49	-79.34
11	51	-78.27
11	52	-93.51
11	53	-90.87
11	54	-82.52
11	56	-80.68
11	59	-90.92
11	60	-87.66
11	61	-90.26
11	69	-82.98
11	70	-89.45
12	1	-94.19
12	2	-94.26
12	3	-86.38
12	5	-77.94
12	6	-90.99
12	7	-93.59
12	8	-77.98
12	9	-89.22
12	10	-90.16
12	11	-92.56
12	13	-87.58
12	14	-81.68
12	15	-94.55
12	16	-84.55
12	18	-78.27
12	19	-81.58
12	20	-86.15
12	21	-73.85
12	22	-82.22
12	23	-83.67
12	24	-83.64
12	25	-87.48
12	26	-85.84
12	27	-92.32
12	29	-57.01
12	30	-91.98
12	31	-88.80
12	33	-75.73
12	34	-86.45
12	35	-88.21
12	37	-83.45
12	38	-75.11
12	39	-84.19
12	40	-94.98
12	42	-90.06
12	44	-84.49
12	45	-92.59
12	46	-87.43
12	47	-93.95
12	48	-90.76
12	49	-85.32
12	50	-90.30
12	51	-85.99
12	52	-68.55
12	53	-69.87
12	54	-94.28
12	55	-89.15
12	56	-87.63
12	57	-90.38
12	58	-71.65
12	59	-91.98
12	60	-92.58
12	61	-71.21
12	62	-88.08
12	63	-88.11
12	64	-90.63
12	65	-93.08
12	66	-94.25
12	68	-86.19
12	69	-82.33
12	70	-76.76
13	1	-83.03
13	2	-82.00
13	5	-93.44
13	6	-68.92
13	7	-87.94
13	8	-91.89
13	9	-93.00
13	10	-80.32
13	11	-75.40
13	12	-87.58
13	14	-94.84
13	16	-70.40
13	18	-93.56
13	19	-91.88
13	20	-86.93
13	21	-91.87
13	22	-77.22
13	23	-86.54
13	24	-79.97
13	25	-88.63
13	26	-85.64
13	28	-93.18
13	29	-87.11
13	30	-82.15
13	31	-94.23
13	33	-83.11
13	34	-71.79
13	35	-74.45
13	37	-84.41
13	38	-91.44
13	39	-91.32
13	40	-91.51
13	43	-87.76
13	44	-75.61
13	48	-78.09
13	49	-60.86
13	51	-60.86
13	52	-89.26
13	53	-85.69
13	54	-86.08
13	56	-70.43
13	58	-91.61
13	59	-88.07
13	60	-87.98
13	61	-84.84
13	69	-71.81
13	70	-84.23
14	3	-85.55
14	4	-94.37
14	5	-60.94
14	8	-77.94
14	9	-90.93
14	12	-81.68
14	13	-94.84
14	15	-87.19
14	16	-92.85
14	18	-66.11
14	19	-85.23
14	20	-91.49
14	21	-75.11
14	22	-91.28
14	23	-89.87
14	24	-92.18
14	25	-92.96
14	26	-92.60
14	27	-93.82
14	29	-82.94
14	31	-90.84
14	33	-87.68
14	34	-94.11
14	35	-94.79
14	37	-91.39
14	38	-79.29
14	39	-88.59
14	41	-93.69
14	42	-85.90
14	44	-92.52
14	45	-90.20
14	46	-78.06
14	47	-93.51
14	49	-93.54
14	50	-84.77
14	51	-93.93
14	52	-81.41
14	53	-85.72
14	55	-78.09
14	56	-94.58
14	57	-80.50
14	58	-71.91
14	61	-86.47
14	62	-82.74
14	63	-77.45
14	64	-80.41
14	65	-88.45
14	66	-87.90
14	68	-79.53
14	69	-91.94
14	70	-88.33
15	3	-94.23
15	5	-89.18
15	8	-91.29
15	12	-94.55
15	14	-87.19
15	18	-89.83
15	21	-92.12
15	38	-93.34
15	41	-89.17
15	42	-88.39
15	45	-94.65
15	46	-87.62
15	50	-90.17
15	52	-94.45
15	55	-79.17
15	57	-76.78
15	58	-91.32
15	62	-87.52
15	63	-85.82
15	64	-80.66
15	65	-86.36
15	66	-85.46
15	68	-87.27
16	1	-84.07
16	2	-87.26
16	3	-94.44
16	5	-91.22
16	6	-77.94
16	7	-91.05
16	8	-88.76
16	9	-89.71
16	10	-76.69
16	11	-82.66
16	12	-84.55
16	13	-70.40
16	14	-92.85
16	18	-91.67
16	19	-91.18
16	20	-81.68
16	21	-90.01
16	22	-63.58
16	23	-80.93
16	24	-81.92
16	25	-89.83
16	26	-87.14
16	29	-84.53
16	30	-86.95
16	31	-94.31
16	33	-76.49
16	34	-78.27
16	35	-68.55
16	37	-85.45
16	38	-89.91
16	39	-91.19
16	40	-93.81
16	42	-94.79
16	43	-91.36
16	44	-59.54
16	48	-84.23
16	49	-68.55
16	51	-71.81
16	52	-87.43
16	53	-83.83
16	54	-90.02
16	56	-64.36
16	58	-89.12
16	59	-84.87
16	60	-90.79
16	61	-83.00
16	62	-93.95
16	68	-93.21
16	69	-71.65
16	70	-83.45
17	7	-88.80
17	25	-91.44
17	26	-92.81
17	27	-91.67
17	28	-82.52
17	30	-92.92
17	31	-93.59
17	36	-72.46
17	37	-94.15
17	39	-94.65
17	40	-84.03
17	43	-91.30
17	48	-94.39
17	54	-91.71
17	60	-88.47
17	67	-66.74
18	3	-82.09
18	4	-93.49
18	5	-63.30
18	8	-79.46
18	9	-91.78
18	12	-78.27
18	13	-93.56
18	14	-66.11
18	15	-89.83
18	16	-91.67
18	19	-80.90
18	20	-91.38
18	21	-64.75
18	22	-90.18
18	23	-89.68
18	24	-90.01
18	25	-90.60
18	26	-90.26
18	27	-91.76
18	29	-79.12
18	31	-88.19
18	32	-94.83
18	33	-86.45
18	34	-92.43
18	35	-93.94
18	37	-88.90
18	38	-72.05
18	39	-85.25
18	42	-88.61
18	44	-91.53
18	45	-88.63
18	46	-77.31
18	47	-94.76
18	49	-92.07
18	50	-83.59
18	51	-92.43
18	52	-76.02
18	53	-82.27
18	55	-83.24
18	56	-93.61
18	57	-84.94
18	58	-67.51
18	61	-83.27
18	62	-86.03
18	63	-78.20
18	64	-82.83
18	65	-91.03
18	66	-88.63
18	68	-83.47
18	69	-90.19
18	70	-85.37
19	3	-72.07
19	4	-91.44
19	5	-84.12
19	6	-94.42
19	7	-92.21
19	8	-88.42
19	12	-81.58
19	13	-91.88
19	14	-85.23
19	16	-91.18
19	18	-80.90
19	20	-93.89
19	21	-76.61
19	22	-90.60
19	23	-92.53
19	24	-84.92
19	25	-81.78
19	26	-82.70
19	27	-83.53
19	28	-94.93
19	29	-79.46
19	30	-92.23
19	31	-76.04
19	32	-93.40
19	33	-88.37
19	34	-89.12
19	35	-93.86
19	36	-94.17
19	37	-81.51
19	38	-71.07
19	39	-66.41
19	40	-92.51
19	42	-94.96
19	44	-91.76
19	45	-85.23
19	46	-83.96
19	48	-91.84
19	49	-90.16
19	50	-84.76
19	51	-90.21
19	52	-74.25
19	53	-78.26
19	54	-94.08
19	55	-91.96
19	56	-93.19
19	57	-92.87
19	58	-82.59
19	60	-90.62
19	61	-79.29
19	62	-93.39
19	63	-85.80
19	64	-89.71
19	66	-91.79
19	68	-91.92
19	69	-87.90
19	70	-79.22
20	1	-88.53
20	2	-94.44
20	5	-89.93
20	6	-88.88
20	8	-84.67
20	9	-78.05
20	10	-80.47
20	11	-91.52
20	12	-86.15
20	13	-86.93
20	14	-91.49
20	16	-81.68
20	18	-91.38
20	19	-93.89
20	21	-90.78
20	22	-77.94
20	23	-60.10
20	24	-90.65
20	26	-93.47
20	29	-87.38
20	30	-94.48
20	33	-77.91
20	34	-89.80
20	35	-81.20
20	37	-92.14
20	38	-91.56
20	39	-94.72
20	42	-89.64
20	44	-78.29
20	47	-88.07
20	48	-92.94
20	49	-86.41
20	51	-87.45
20	52	-89.80
20	53	-88.53
20	55	-93.52
20	56	-82.45
20	57	-94.27
20	58	-88.38
20	59	-77.64
20	61	-88.30
20	62	-89.15
20	65	-93.04
20	68	-88.85
20	69	-86.37
20	70	-89.68
21	3	-80.45
21	4	-93.63
21	5	-71.49
21	6	-94.50
21	8	-80.63
21	9	-92.04
21	10	-94.14
21	12	-73.85
21	13	-91.87
21	14	-75.11
21	15	-92.12
21	16	-90.01
21	18	-64.75
21	19	-76.61
21	20	-90.78
21	22	-88.57
21	23	-88.98
21	24	-87.38
21	25	-88.11
21	26	-87.62
21	27	-90.29
21	29	-73.80
21	30	-94.28
21	31	-86.14
21	33	-84.67
21	34	-90.35
21	35	-92.67
21	37	-85.96
21	38	-60.53
21	39	-81.96
21	42	-90.30
21	44	-90.06
21	45	-88.56
21	46	-80.53
21	48	-93.52
21	49	-90.15
21	50	-84.86
21	51	-90.50
21	52	-67.51
21	53	-77.57
21	55	-86.60
21	56	-92.21
21	57	-87.99
21	58	-67.79
21	60	-93.94
21	61	-78.97
21	62	-88.07
21	63	-81.87
21	64	-86.06
21	65	-92.74
21	66	-90.43
21	68	-85.89
21	69	-87.92
21	70	-81.57
22	1	-86.15
22	2	-89.74
22	3	-93.86
22	5	-89.45
22	6	-82.37
22	7	-92.54
22	8	-86.21
22	9	-87.43
22	10	-78.02
22	11	-86.02
22	12	-82.22
22	13	-77.22
22	14	-91.28
22	16	-63.58
22	18	-90.18
22	19	-90.60
22	20	-77.94
22	21	-88.57
22	23	-76.28
22	24	-83.37
22	25	-90.43
22	26	-88.00
22	29	-82.69
22	30	-89.15
22	31	-94.20
22	33	-69.90
22	34	-81.57
22	35	-72.97
22	37	-86.17
22	38	-88.73
22	39	-90.99
22	40	-94.93
22	42	-93.07
22	43	-93.09
22	44	-57.01
22	46	-94.98
22	47	-93.53
22	48	-86.90
22	49	-75.11
22	51	-77.31
22	52	-86.08
22	53	-82.73
22	54	-91.88
22	55	-94.74
22	56	-72.07
22	58	-87.15
22	59	-83.96
22	60	-92.15
22	61	-82.00
22	62	-92.13
22	68	-91.32
22	69	-74.88
22	70	-83.23
23	1	-89.50
23	2	-94.34
23	5	-88.08
23	6	-88.97
23	8	-82.13
23	9	-78.62
23	10	-82.07
23	11	-91.54
23	12	-83.67
23	13	-86.54
23	14	-89.87
23	16	-80.93
23	18	-89.68
23	19	-92.53
23	20	-60.10
23	21	-88.98
23	22	-76.28
23	24	-89.54
23	25	-94.10
23	26	-92.44
23	29	-85.18
23	30	-94.04
23	33	-73.85
23	34	-89.02
23	35	-81.78
23	37	-90.98
23	38	-89.88
23	39	-93.50
23	42	-88.75
23	44	-77.64
23	46	-94.70
23	47	-88.42
23	48	-92.49
23	49	-85.64
23	51	-86.74
23	52	-87.93
23	53	-86.65
23	55	-92.38
23	56	-82.61
23	57	-93.23
23	58	-86.25
23	59	-81.18
23	61	-86.45
23	62	-87.97
23	63	-94.79
23	65	-92.39
23	68	-87.42
23	69	-85.16
23	70	-88.11
24	1	-91.51
24	2	-86.47
24	3	-89.76
24	5	-90.67
24	6	-84.71
24	7	-83.84
24	8	-90.79
24	9	-94.83
24	10	-89.30
24	11	-85.38
24	12	-83.64
24	13	-79.97
24	14	-92.18
24	16	-81.92
24	18	-90.01
24	19	-84.92
24	20	-90.65
24	21	-87.38
24	22	-83.37
24	23	-89.54
24	25	-77.64
24	26	-70.21
24	27	-90.43
24	28	-90.16
24	29	-81.75
24	30	-80.53
24	31	-87.71
24	33	-84.18
24	34	-69.87
24	35	-86.28
24	36	-91.75
24	37	-65.50
24	38	-85.95
24	39	-83.13
24	40	-87.11
24	43	-87.06
24	44	-84.26
24	45	-94.78
24	46	-93.77
24	48	-78.54
24	49	-76.54
24	50	-94.71
24	51	-75.61
24	52	-83.26
24	53	-77.64
24	54	-85.10
24	56	-84.71
24	58	-88.52
24	59	-93.38
24	60	-82.17
24	61	-76.28
24	63	-94.55
24	67	-94.31
24	68	-94.85
24	69	-72.35
24	70	-71.63
25	2	-90.54
25	3	-86.47
25	5	-91.92
25	6	-91.11
25	7	-82.99
25	8	-93.40
25	10	-94.55
25	11	-90.95
25	12	-87.48
25	13	-88.63
25	14	-92.96
25	16	-89.83
25	17	-91.44
25	18	-90.60
25	19	-81.78
25	21	-88.11
25	22	-90.43
25	23	-94.10
25	24	-77.64
25	26	-64.75
25	27	-83.51
25	28	-87.70
25	29	-85.67
25	30	-84.59
25	31	-80.53
25	33	-90.14
25	34	-83.47
25	35	-92.53
25	36	-87.40
25	37	-70.98
25	38	-86.02
25	39	-76.45
25	40	-83.43
25	43	-88.31
25	44	-91.14
25	45	-91.71
25	46	-92.84
25	48	-85.03
25	49	-87.01
25	50	-92.91
25	51	-86.47
25	52	-84.94
25	53	-82.61
25	54	-86.94
25	56	-91.54
25	58	-90.39
25	60	-79.66
25	61	-82.33
25	63	-93.87
25	67	-91.13
25	69	-85.09
25	70	-79.04
26	1	-94.29
26	2	-88.64
26	3	-87.77
26	5	-91.36
26	6	-88.71
26	7	-82.19
26	8	-92.38
26	10	-92.65
26	11	-88.71
26	12	-85.84
26	13	-85.64
26	14	-92.60
26	16	-87.14
26	17	-92.81
26	18	-90.26
26	19	-82.70
26	20	-93.47
26	21	-87.62
26	22	-88.00
26	23	-92.44
26	24	-70.21
26	25	-64.75
26	27	-86.76
26	28	-88.22
26	29	-83.88
26	30	-82.07
26	31	-83.80
26	33	-88.00
26	34	-79.04
26	35	-90.32
26	36	-89.00
26	37	-59.54
26	38	-85.70
26	39	-78.91
26	40	-84.26
26	43	-87.17
26	44	-88.76
26	45	-93.04
26	46	-93.19
26	48	-81.94
26	49	-83.60
26	50	-93.65
26	51	-82.92
26	52	-83.88
26	53	-80.15
26	54	-85.45
26	56	-89.15
26	58	-89.55
26	60	-79.17
26	61	-79.51
26	63	-94.13
26	67	-92.25
26	69	-81.21
26	70	-75.09
27	3	-82.42
27	4	-88.64
27	5	-93.52
27	7	-91.85
27	12	-92.32
27	14	-93.82
27	17	-91.67
27	18	-91.76
27	19	-83.53
27	21	-90.29
27	24	-90.43
27	25	-83.51
27	26	-86.76
27	28	-92.65
27	29	-91.19
27	30	-93.72
27	31	-70.65
27	32	-91.10
27	34	-93.33
27	36	-89.62
27	37	-87.69
27	38	-88.49
27	39	-80.45
27	40	-90.26
27	45	-84.29
27	46	-91.04
27	48	-94.16
27	50	-89.17
27	51	-94.79
27	52	-89.43
27	53	-90.00
27	54	-94.60
27	58	-92.96
27	60	-90.13
27	61	-90.22
27	63	-92.31
27	64	-94.84
27	66	-94.69
27	67	-92.72
27	69	-93.70
27	70	-89.18
28	2	-88.74
28	6	-93.45
28	7	-76.34
28	11	-91.81
28	13	-93.18
28	17	-82.52
28	19	-94.93
28	24	-90.16
28	25	-87.70
28	26	-88.22
28	27	-92.65
28	30	-84.39
28	31	-93.19
28	34	-90.34
28	36	-75.73
28	37	-89.90
28	39	-92.91
28	40	-68.26
28	43	-80.14
28	48	-87.11
28	49	-93.06
28	51	-92.38
28	53	-94.64
28	54	-81.25
28	60	-77.98
28	61	-94.36
28	67	-77.92
28	69	-93.06
28	70	-92.94
29	1	-94.24
29	2	-93.68
29	3	-85.30
29	5	-79.75
29	6	-90.65
29	7	-92.59
29	8	-80.90
29	9	-90.57
29	10	-90.48
29	11	-92.10
29	12	-57.01
29	13	-87.11
29	14	-82.94
29	16	-84.53
29	18	-79.12
29	19	-79.46
29	20	-87.38
29	21	-73.80
29	22	-82.69
29	23	-85.18
29	24	-81.75
29	25	-85.67
29	26	-83.88
29	27	-91.19
29	30	-91.04
29	31	-87.38
29	33	-77.48
29	34	-85.33
29	35	-88.39
29	37	-81.14
29	38	-73.43
29	39	-82.07
29	40	-93.99
29	42	-91.38
29	43	-94.58
29	44	-84.84
29	45	-92.00
29	46	-87.48
29	47	-94.99
29	48	-89.84
29	49	-84.66
29	50	-90.04
29	51	-85.23
29	52	-63.90
29	53	-62.82
29	54	-93.45
29	55	-90.19
29	56	-87.67
29	57	-91.33
29	58	-74.55
29	59	-92.63
29	60	-91.46
29	61	-65.46
29	62	-89.55
29	63	-88.32
29	64	-91.02
29	65	-94.12
29	66	-94.33
29	68	-87.81
29	69	-81.31
29	70	-72.97
30	1	-90.58
30	2	-75.53
30	6	-82.74
30	7	-73.06
30	10	-91.00
30	11	-79.80
30	12	-91.98
30	13	-82.15
30	16	-86.95
30	17	-92.92
30	19	-92.23
30	20	-94.48
30	21	-94.28
30	22	-89.15
30	23	-94.04
30	24	-80.53
30	25	-84.59
30	26	-82.07
30	27	-93.72
30	28	-84.39
30	29	-91.04
30	31	-92.64
30	33	-91.13
30	34	-76.88
30	35	-88.69
30	36	-89.17
30	37	-83.11
30	38	-93.35
30	39	-90.51
30	40	-81.92
30	43	-73.23
30	44	-88.92
30	48	-62.12
30	49	-82.42
30	51	-80.91
30	52	-91.88
30	53	-89.09
30	54	-67.28
30	56	-87.36
30	58	-94.98
30	60	-75.37
30	61	-88.47
30	67	-91.29
30	69	-83.41
30	70	-86.68
31	3	-76.09
31	4	-89.23
31	5	-90.37
31	7	-91.39
31	8	-93.46
31	12	-88.80
31	13	-94.23
31	14	-90.84
31	16	-94.31
31	17	-93.59
31	18	-88.19
31	19	-76.04
31	21	-86.14
31	22	-94.20
31	24	-87.71
31	25	-80.53
31	26	-83.80
31	27	-70.65
31	28	-93.19
31	29	-87.38
31	30	-92.64
31	32	-91.64
31	33	-92.94
31	34	-91.30
31	36	-91.22
31	37	-84.30
31	38	-83.64
31	39	-71.21
31	40	-90.60
31	43	-94.74
31	45	-83.14
31	46	-88.11
31	48	-92.80
31	49	-92.92
31	50	-86.71
31	51	-92.76
31	52	-84.95
31	53	-85.99
31	54	-93.95
31	58	-89.59
31	60	-89.57
31	61	-86.36
31	63	-89.65
31	64	-92.74
31	66	-93.26
31	67	-94.18
31	69	-91.27
31	70	-85.29
32	3	-89.80
32	4	-64.93
32	18	-94.83
32	19	-93.40
32	27	-91.10
32	31	-91.64
32	38	-94.65
32	39	-93.98
32	45	-81.46
32	46	-90.45
32	50	-86.27
32	63	-91.03
32	64	-92.09
32	66	-87.70
33	1	-90.08
33	2	-92.40
33	3	-91.84
33	5	-85.29
33	6	-87.14
33	7	-93.71
33	8	-80.84
33	9	-85.60
33	10	-83.88
33	11	-89.68
33	12	-75.73
33	13	-83.11
33	14	-87.68
33	16	-76.49
33	18	-86.45
33	19	-88.37
33	20	-77.91
33	21	-84.67
33	22	-69.90
33	23	-73.85
33	24	-84.18
33	25	-90.14
33	26	-88.00
33	29	-77.48
33	30	-91.13
33	31	-92.94
33	34	-84.50
33	35	-81.35
33	37	-85.93
33	38	-85.32
33	39	-89.42
33	42	-90.45
33	43	-94.72
33	44	-74.66
33	46	-92.49
33	47	-92.18
33	48	-89.37
33	49	-80.81
33	50	-94.70
33	51	-82.19
33	52	-82.14
33	53	-79.26
33	54	-93.60
33	55	-91.98
33	56	-80.95
33	57	-92.96
33	58	-82.22
33	59	-86.51
33	60	-93.09
33	61	-78.82
33	62	-89.10
33	63	-92.83
33	64	-94.41
33	65	-93.70
33	68	-87.94
33	69	-78.57
33	70	-81.50
34	1	-88.23
34	2	-81.99
34	3	-92.90
34	5	-92.71
34	6	-78.57
34	7	-83.58
34	8	-92.06
34	9	-94.66
34	10	-86.42
34	11	-79.52
34	12	-86.45
34	13	-71.79
34	14	-94.11
34	16	-78.27
34	18	-92.43
34	19	-89.12
34	20	-89.80
34	21	-90.35
34	22	-81.57
34	23	-89.02
34	24	-69.87
34	25	-83.47
34	26	-79.04
34	27	-93.33
34	28	-90.34
34	29	-85.33
34	30	-76.88
34	31	-91.30
34	33	-84.50
34	35	-82.70
34	36	-92.81
34	37	-77.67
34	38	-89.46
34	39	-87.91
34	40	-87.90
34	43	-85.08
34	44	-81.66
34	48	-71.81
34	49	-68.26
34	51	-64.51
34	52	-87.14
34	53	-82.79
34	54	-82.79
34	56	-80.53
34	58	-90.78
34	59	-91.72
34	60	-83.06
34	61	-81.73
34	67	-94.93
34	69	-69.00
34	70	-79.70
35	1	-78.86
35	2	-87.45
35	5	-93.38
35	6	-76.46
35	7	-92.66
35	8	-90.75
35	9	-89.64
35	10	-65.50
35	11	-82.13
35	12	-88.21
35	13	-74.45
35	14	-94.79
35	16	-68.55
35	18	-93.94
35	19	-93.86
35	20	-81.20
35	21	-92.67
35	22	-72.97
35	23	-81.78
35	24	-86.28
35	25	-92.53
35	26	-90.32
35	29	-88.39
35	30	-88.69
35	33	-81.35
35	34	-82.70
35	37	-89.10
35	38	-92.70
35	39	-93.87
35	43	-92.31
35	44	-67.28
35	47	-94.93
35	48	-86.25
35	49	-76.45
35	51	-77.98
35	52	-90.70
35	53	-88.03
35	54	-91.18
35	56	-54.57
35	58	-91.68
35	59	-81.07
35	60	-92.67
35	61	-87.43
35	62	-94.98
35	68	-94.47
35	69	-79.72
35	70	-87.78
36	2	-93.10
36	7	-83.57
36	17	-72.46
36	19	-94.17
36	24	-91.75
36	25	-87.40
36	26	-89.00
36	27	-89.62
36	28	-75.73
36	30	-89.17
36	31	-91.22
36	34	-92.81
36	37	-90.73
36	39	-91.94
36	40	-75.93
36	43	-87.62
36	48	-91.00
36	51	-94.66
36	54	-87.89
36	60	-82.85
36	61	-94.92
36	67	-70.40
36	69	-94.82
36	70	-93.57
37	1	-93.67
37	2	-88.90
37	3	-87.26
37	5	-89.96
37	6	-88.03
37	7	-84.29
37	8	-90.90
37	10	-91.61
37	11	-88.42
37	12	-83.45
37	13	-84.41
37	14	-91.39
37	16	-85.45
37	17	-94.15
37	18	-88.90
37	19	-81.51
37	20	-92.14
37	21	-85.96
37	22	-86.17
37	23	-90.98
37	24	-65.50
37	25	-70.98
37	26	-59.54
37	27	-87.69
37	28	-89.90
37	29	-81.14
37	30	-83.11
37	31	-84.30
37	33	-85.93
37	34	-77.67
37	35	-89.10
37	36	-90.73
37	38	-83.96
37	39	-78.46
37	40	-86.49
37	43	-88.32
37	44	-87.14
37	45	-92.94
37	46	-92.42
37	48	-82.32
37	49	-81.87
37	50	-93.16
37	51	-81.33
37	52	-81.51
37	53	-76.46
37	54	-86.64
37	56	-87.87
37	58	-87.89
37	59	-94.98
37	60	-81.97
37	61	-75.53
37	63	-93.35
37	67	-93.63
37	68	-94.80
37	69	-78.62
37	70	-69.33
38	3	-77.82
38	4	-93.03
38	5	-76.96
38	6	-94.14
38	7	-93.98
38	8	-83.45
38	9	-93.19
38	10	-94.29
38	12	-75.11
38	13	-91.44
38	14	-79.29
38	15	-93.34
38	16	-89.91
38	18	-72.05
38	19	-71.07
38	20	-91.56
38	21	-60.53
38	22	-88.73
38	23	-89.88
38	24	-85.95
38	25	-86.02
38	26	-85.70
38	27	-88.49
38	29	-73.43
38	30	-93.35
38	31	-83.64
38	32	-94.65
38	33	-85.32
38	34	-89.46
38	35	-92.70
38	37	-83.96
38	39	-78.32
38	40	-94.69
38	42	-91.97
38	44	-90.17
38	45	-87.58
38	46	-81.51
38	48	-92.65
38	49	-89.63
38	50	-84.71
38	51	-89.91
38	52	-63.58
38	53	-75.61
38	55	-88.64
38	56	-92.14
38	57	-89.83
38	58	-74.11
38	60	-92.72
38	61	-77.22
38	62	-90.01
38	63	-83.17
38	64	-87.38
38	65	-94.18
38	66	-90.93
38	68	-88.13
38	69	-87.25
38	70	-79.46
39	2	-94.47
39	3	-76.78
39	4	-92.01
39	5	-87.58
39	6	-93.83
39	7	-90.01
39	8	-90.69
39	11	-94.21
39	12	-84.19
39	13	-91.32
39	14	-88.59
39	16	-91.19
39	17	-94.65
39	18	-85.25
39	19	-66.41
39	20	-94.72
39	21	-81.96
39	22	-90.99
39	23	-93.50
39	24	-83.13
39	25	-76.45
39	26	-78.91
39	27	-80.45
39	28	-92.91
39	29	-82.07
39	30	-90.51
39	31	-71.21
39	32	-93.98
39	33	-89.42
39	34	-87.91
39	35	-93.87
39	36	-91.94
39	37	-78.46
39	38	-78.32
39	40	-90.10
39	43	-93.41
39	44	-92.01
39	45	-86.47
39	46	-87.43
39	48	-90.35
39	49	-89.63
39	50	-87.47
39	51	-89.52
39	52	-78.91
39	53	-79.70
39	54	-92.39
39	55	-94.17
39	56	-93.10
39	57	-94.96
39	58	-86.11
39	60	-88.08
39	61	-80.25
39	63	-88.95
39	64	-92.19
39	66	-93.67
39	67	-94.82
39	68	-93.96
39	69	-87.43
39	70	-78.68
40	2	-88.09
40	3	-94.61
40	6	-92.25
40	7	-70.92
40	11	-90.78
40	12	-94.98
40	13	-91.51
40	16	-93.81
40	17	-84.03
40	19	-92.51
40	22	-94.93
40	24	-87.11
40	25	-83.43
40	26	-84.26
40	27	-90.26
40	28	-68.26
40	29	-93.99
40	30	-81.92
40	31	-90.60
40	34	-87.90
40	36	-75.93
40	37	-86.49
40	38	-94.69
40	39	-90.10
40	43	-80.20
40	48	-84.87
40	49	-91.14
40	51	-90.40
40	52	-93.95
40	53	-92.27
40	54	-80.08
40	56	-94.46
40	60	-70.03
40	61	-91.96
40	67	-81.35
40	69	-90.89
40	70	-90.27
41	5	-94.25
41	8	-92.95
41	9	-92.37
41	14	-93.69
41	15	-89.17
41	42	-84.14
41	47	-88.06
41	55	-88.50
41	57	-87.69
41	62	-86.47
41	64	-94.24
41	65	-77.44
41	68	-88.35
42	5	-86.02
42	8	-82.00
42	9	-83.73
42	12	-90.06
42	14	-85.90
42	15	-88.39
42	16	-94.79
42	18	-88.61
42	19	-94.96
42	20	-89.64
42	21	-90.30
42	22	-93.07
42	23	-88.75
42	29	-91.38
42	33	-90.45
42	38	-91.97
42	41	-84.14
42	44	-93.87
42	46	-91.89
42	47	-82.76
42	50	-94.86
42	52	-91.91
42	53	-93.19
42	55	-80.81
42	57	-81.33
42	58	-87.23
42	59	-94.10
42	61	-93.45
42	62	-62.76
42	63	-91.14
42	64	-90.34
42	65	-71.07
42	66	-94.84
42	68	-71.41
42	70	-94.83
43	1	-92.75
43	2	-77.51
43	6	-87.14
43	7	-72.76
43	10	-93.97
43	11	-84.01
43	13	-87.76
43	16	-91.36
43	17	-91.30
43	22	-93.09
43	24	-87.06
43	25	-88.31
43	26	-87.17
43	28	-80.14
43	29	-94.58
43	30	-73.23
43	31	-94.74
43	33	-94.72
43	34	-85.08
43	35	-92.31
43	36	-87.62
43	37	-88.32
43	39	-93.41
43	40	-80.20
43	44	-92.81
43	48	-78.10
43	49	-88.28
43	51	-87.30
43	53	-93.04
43	54	-57.79
43	56	-91.36
43	60	-77.86
43	61	-92.59
43	67	-88.97
43	69	-89.12
43	70	-91.19
44	1	-84.14
44	2	-88.98
44	3	-94.83
44	5	-90.86
44	6	-80.49
44	7	-92.55
44	8	-87.80
44	9	-87.95
44	10	-74.49
44	11	-84.76
44	12	-84.49
44	13	-75.61
44	14	-92.52
44	16	-59.54
44	18	-91.53
44	19	-91.76
44	20	-78.29
44	21	-90.06
44	22	-57.01
44	23	-77.64
44	24	-84.26
44	25	-91.14
44	26	-88.76
44	29	-84.84
44	30	-88.92
44	33	-74.66
44	34	-81.66
44	35	-67.28
44	37	-87.14
44	38	-90.17
44	39	-92.01
44	42	-93.87
44	43	-92.81
44	47	-93.87
44	48	-86.57
44	49	-74.66
44	51	-76.88
44	52	-87.78
44	53	-84.69
44	54	-91.62
44	56	-66.56
44	58	-88.80
44	59	-82.61
44	60	-92.30
44	61	-84.00
44	62	-93.06
44	68	-92.37
44	69	-76.09
44	70	-84.85
45	3	-78.10
45	4	-76.61
45	5	-90.81
45	8	-94.70
45	12	-92.59
45	14	-90.20
45	15	-94.65
45	18	-88.63
45	19	-85.23
45	21	-88.56
45	24	-94.78
45	25	-91.71
45	26	-93.04
45	27	-84.29
45	29	-92.00
45	31	-83.14
45	32	-81.46
45	37	-92.94
45	38	-87.58
45	39	-86.47
45	46	-83.14
45	50	-76.09
45	52	-89.83
45	53	-91.99
45	55	-93.80
45	57	-94.25
45	58	-91.29
45	61	-92.44
45	63	-84.86
45	64	-88.07
45	66	-85.83
45	70	-92.46
46	3	-79.99
46	4	-88.97
46	5	-80.68
46	8	-87.79
46	12	-87.43
46	14	-78.06
46	15	-87.62
46	18	-77.31
46	19	-83.96
46	21	-80.53
46	22	-94.98
46	23	-94.70
46	24	-93.77
46	25	-92.84
46	26	-93.19
46	27	-91.04
46	29	-87.48
46	31	-88.11
46	32	-90.45
46	33	-92.49
46	37	-92.42
46	38	-81.51
46	39	-87.43
46	42	-91.89
46	45	-83.14
46	50	-70.92
46	52	-84.96
46	53	-88.77
46	55	-84.59
46	57	-85.54
46	58	-83.15
46	61	-89.44
46	62	-90.00
46	63	-57.01
46	64	-74.34
46	65	-92.96
46	66	-80.51
46	68	-88.31
46	69	-94.55
46	70	-90.42
47	5	-93.07
47	8	-89.10
47	9	-78.37
47	10	-94.25
47	12	-93.95
47	14	-93.51
47	18	-94.76
47	20	-88.07
47	22	-93.53
47	23	-88.42
47	29	-94.99
47	33	-92.18
47	35	-94.93
47	41	-88.06
47	42	-82.76
47	44	-93.87
47	55	-91.74
47	57	-91.99
47	58	-93.16
47	59	-90.79
47	62	-85.23
47	65	-85.22
47	68	-87.06
48	1	-88.78
48	2	-74.60
48	3	-94.93
48	6	-79.24
48	7	-78.27
48	10	-88.97
48	11	-76.38
48	12	-90.76
48	13	-78.09
48	16	-84.23
48	17	-94.39
48	19	-91.84
48	20	-92.94
48	21	-93.52
48	22	-86.90
48	23	-92.49
48	24	-78.54
48	25	-85.03
48	26	-81.94
48	27	-94.16
48	28	-87.11
48	29	-89.84
48	30	-62.12
48	31	-92.80
48	33	-89.37
48	34	-71.81
48	35	-86.25
48	36	-91.00
48	37	-82.32
48	38	-92.65
48	39	-90.35
48	40	-84.87
48	43	-78.10
48	44	-86.57
48	49	-78.62
48	51	-76.62
48	52	-90.97
48	53	-87.85
48	54	-74.29
48	56	-84.66
48	58	-94.06
48	59	-93.81
48	60	-79.26
48	61	-87.14
48	67	-92.99
48	69	-80.32
48	70	-85.39
49	1	-85.52
49	2	-83.97
49	3	-93.72
49	5	-92.01
49	6	-75.36
49	7	-87.71
49	8	-90.54
49	9	-92.49
49	10	-81.92
49	11	-79.34
49	12	-85.32
49	13	-60.86
49	14	-93.54
49	16	-68.55
49	18	-92.07
49	19	-90.16
49	20	-86.41
49	21	-90.15
49	22	-75.11
49	23	-85.64
49	24	-76.54
49	25	-87.01
49	26	-83.60
49	28	-93.06
49	29	-84.66
49	30	-82.42
49	31	-92.92
49	33	-80.81
49	34	-68.26
49	35	-76.45
49	37	-81.87
49	38	-89.63
49	39	-89.63
49	40	-91.14
49	43	-88.28
49	44	-74.66
49	48	-78.62
49	51	-49.41
49	52	-87.14
49	53	-82.90
49	54	-86.55
49	56	-73.01
49	58	-89.96
49	59	-88.64
49	60	-87.42
49	61	-81.86
49	68	-94.67
49	69	-62.82
49	70	-81.17
50	3	-78.37
50	4	-84.19
50	5	-86.22
50	8	-91.45
50	12	-90.30
50	14	-84.77
50	15	-90.17
50	18	-83.59
50	19	-84.76
50	21	-84.86
50	24	-94.71
50	25	-92.91
50	26	-93.65
50	27	-89.17
50	29	-90.04
50	31	-86.71
50	32	-86.27
50	33	-94.70
50	37	-93.16
50	38	-84.71
50	39	-87.47
50	42	-94.86
50	45	-76.09
50	46	-70.92
50	52	-87.67
50	53	-90.71
50	55	-89.00
50	57	-89.56
50	58	-87.59
50	61	-91.28
50	62	-93.35
50	63	-73.97
50	64	-79.98
50	66	-78.91
50	68	-92.04
50	70	-91.83
51	1	-85.79
51	2	-82.85
51	3	-93.77
51	5	-92.45
51	6	-74.83
51	7	-86.72
51	8	-91.19
51	9	-93.18
51	10	-82.95
51	11	-78.27
51	12	-85.99
51	13	-60.86
51	14	-93.93
51	16	-71.81
51	18	-92.43
51	19	-90.21
51	20	-87.45
51	21	-90.50
51	22	-77.31
51	23	-86.74
51	24	-75.61
51	25	-86.47
51	26	-82.92
51	27	-94.79
51	28	-92.38
51	29	-85.23
51	30	-80.91
51	31	-92.76
51	33	-82.19
51	34	-64.51
51	35	-77.98
51	36	-94.66
51	37	-81.33
51	38	-89.91
51	39	-89.52
51	40	-90.40
51	43	-87.30
51	44	-76.88
51	48	-76.62
51	49	-49.41
51	52	-87.51
51	53	-83.31
51	54	-85.44
51	56	-74.88
51	58	-90.47
51	59	-89.41
51	60	-86.47
51	61	-82.28
51	69	-64.75
51	70	-81.28
52	2	-94.72
52	3	-81.68
52	4	-94.62
52	5	-78.46
52	6	-92.36
52	7	-92.90
52	8	-82.45
52	9	-92.15
52	10	-92.55
52	11	-93.51
52	12	-68.55
52	13	-89.26
52	14	-81.41
52	15	-94.45
52	16	-87.43
52	18	-76.02
52	19	-74.25
52	20	-89.80
52	21	-67.51
52	22	-86.08
52	23	-87.93
52	24	-83.26
52	25	-84.94
52	26	-83.88
52	27	-89.43
52	29	-63.90
52	30	-91.88
52	31	-84.95
52	33	-82.14
52	34	-87.14
52	35	-90.70
52	37	-81.51
52	38	-63.58
52	39	-78.91
52	40	-93.95
52	42	-91.91
52	44	-87.78
52	45	-89.83
52	46	-84.96
52	48	-90.97
52	49	-87.14
52	50	-87.67
52	51	-87.51
52	53	-68.00
52	54	-94.08
52	55	-89.66
52	56	-90.04
52	57	-90.83
52	58	-73.90
52	59	-94.42
52	60	-91.64
52	61	-70.65
52	62	-90.03
52	63	-86.15
52	64	-89.50
52	65	-94.36
52	66	-92.84
52	68	-88.22
52	69	-84.28
52	70	-74.84
53	1	-93.82
53	2	-92.32
53	3	-85.16
53	5	-83.29
53	6	-89.55
53	7	-90.70
53	8	-84.43
53	9	-92.06
53	10	-90.40
53	11	-90.87
53	12	-69.87
53	13	-85.69
53	14	-85.72
53	16	-83.83
53	18	-82.27
53	19	-78.26
53	20	-88.53
53	21	-77.57
53	22	-82.73
53	23	-86.65
53	24	-77.64
53	25	-82.61
53	26	-80.15
53	27	-90.00
53	28	-94.64
53	29	-62.82
53	30	-89.09
53	31	-85.99
53	33	-79.26
53	34	-82.79
53	35	-88.03
53	37	-76.46
53	38	-75.61
53	39	-79.70
53	40	-92.27
53	42	-93.19
53	43	-93.04
53	44	-84.69
53	45	-91.99
53	46	-88.77
53	48	-87.85
53	49	-82.90
53	50	-90.71
53	51	-83.31
53	52	-68.00
53	54	-91.78
53	55	-92.07
53	56	-87.09
53	57	-93.07
53	58	-79.56
53	59	-93.07
53	60	-89.37
53	61	-45.20
53	62	-91.61
53	63	-89.71
53	64	-92.37
53	68	-90.12
53	69	-78.86
53	70	-63.30
54	1	-92.03
54	2	-76.09
54	6	-85.73
54	7	-70.59
54	10	-93.03
54	11	-82.52
54	12	-94.28
54	13	-86.08
54	16	-90.02
54	17	-91.71
54	19	-94.08
54	22	-91.88
54	24	-85.10
54	25	-86.94
54	26	-85.45
54	27	-94.60
54	28	-81.25
54	29	-93.45
54	30	-67.28
54	31	-93.95
54	33	-93.60
54	34	-82.79
54	35	-91.18
54	36	-87.89
54	37	-86.64
54	39	-92.39
54	40	-80.08
54	43	-57.79
54	44	-91.62
54	48	-74.29
54	49	-86.55
54	51	-85.44
54	52	-94.08
54	53	-91.78
54	56	-90.12
54	60	-75.88
54	61	-91.29
54	67	-89.61
54	69	-87.43
54	70	-89.76
55	3	-91.61
55	5	-80.93
55	8	-83.29
55	9	-91.10
55	12	-89.15
55	14	-78.09
55	15	-79.17
55	18	-83.24
55	19	-91.96
55	20	-93.52
55	21	-86.60
55	22	-94.74
55	23	-92.38
55	29	-90.19
55	33	-91.98
55	38	-88.64
55	39	-94.17
55	41	-88.50
55	42	-80.81
55	45	-93.80
55	46	-84.59
55	47	-91.74
55	50	-89.00
55	52	-89.66
55	53	-92.07
55	57	-54.57
55	58	-84.33
55	61	-92.51
55	62	-77.69
55	63	-82.83
55	64	-80.14
55	65	-81.43
55	66	-88.09
55	68	-75.88
55	70	-93.85
56	1	-79.90
56	2	-86.34
56	5	-93.14
56	6	-74.34
56	7	-91.64
56	8	-90.73
56	9	-90.35
56	10	-70.90
56	11	-80.68
56	12	-87.63
56	13	-70.43
56	14	-94.58
56	16	-64.36
56	18	-93.61
56	19	-93.19
56	20	-82.45
56	21	-92.21
56	22	-72.07
56	23	-82.61
56	24	-84.71
56	25	-91.54
56	26	-89.15
56	29	-87.67
56	30	-87.36
56	33	-80.95
56	34	-80.53
56	35	-54.57
56	37	-87.87
56	38	-92.14
56	39	-93.10
56	40	-94.46
56	43	-91.36
56	44	-66.56
56	48	-84.66
56	49	-73.01
56	51	-74.88
56	52	-90.04
56	53	-87.09
56	54	-90.12
56	58	-91.36
56	59	-83.13
56	60	-91.64
56	61	-86.41
56	68	-94.56
56	69	-77.31
56	70	-86.63
57	3	-92.39
57	5	-83.02
57	8	-84.99
57	9	-91.75
57	12	-90.38
57	14	-80.50
57	15	-76.78
57	18	-84.94
57	19	-92.87
57	20	-94.27
57	21	-87.99
57	23	-93.23
57	29	-91.33
57	33	-92.96
57	38	-89.83
57	39	-94.96
57	41	-87.69
57	42	-81.33
57	45	-94.25
57	46	-85.54
57	47	-91.99
57	50	-89.56
57	52	-90.83
57	53	-93.07
57	55	-54.57
57	58	-86.02
57	61	-93.49
57	62	-78.94
57	63	-83.76
57	64	-80.47
57	65	-80.84
57	66	-88.03
57	68	-77.94
57	70	-94.74
58	3	-85.34
58	5	-63.12
58	6	-94.23
58	8	-73.13
58	9	-89.25
58	10	-93.00
58	12	-71.65
58	13	-91.61
58	14	-71.91
58	15	-91.32
58	16	-89.12
58	18	-67.51
58	19	-82.59
58	20	-88.38
58	21	-67.79
58	22	-87.15
58	23	-86.25
58	24	-88.52
58	25	-90.39
58	26	-89.55
58	27	-92.96
58	29	-74.55
58	30	-94.98
58	31	-89.59
58	33	-82.22
58	34	-90.78
58	35	-91.68
58	37	-87.89
58	38	-74.11
58	39	-86.11
58	42	-87.23
58	44	-88.80
58	45	-91.29
58	46	-83.15
58	47	-93.16
58	48	-94.06
58	49	-89.96
58	50	-87.59
58	51	-90.47
58	52	-73.90
58	53	-79.56
58	55	-84.33
58	56	-91.36
58	57	-86.02
58	59	-93.84
58	61	-80.59
58	62	-84.49
58	63	-83.60
58	64	-86.48
58	65	-90.44
58	66	-91.47
58	68	-81.69
58	69	-87.89
58	70	-83.53
59	1	-84.01
59	2	-94.12
59	5	-94.98
59	6	-88.26
59	8	-91.51
59	9	-84.90
59	10	-76.17
59	11	-90.92
59	12	-91.98
59	13	-88.07
59	16	-84.87
59	20	-77.64
59	22	-83.96
59	23	-81.18
59	24	-93.38
59	29	-92.63
59	33	-86.51
59	34	-91.72
59	35	-81.07
59	37	-94.98
59	42	-94.10
59	44	-82.61
59	47	-90.79
59	48	-93.81
59	49	-88.64
59	51	-89.41
59	52	-94.42
59	53	-93.07
59	56	-83.13
59	58	-93.84
59	61	-92.79
59	62	-94.03
59	68	-94.01
59	69	-89.62
59	70	-93.51
60	1	-94.73
60	2	-85.05
60	3	-93.39
60	6	-89.17
60	7	-60.94
60	10	-94.59
60	11	-87.66
60	12	-92.58
60	13	-87.98
60	16	-90.79
60	17	-88.47
60	19	-90.62
60	21	-93.94
60	22	-92.15
60	24	-82.17
60	25	-79.66
60	26	-79.17
60	27	-90.13
60	28	-77.98
60	29	-91.46
60	30	-75.37
60	31	-89.57
60	33	-93.09
60	34	-83.06
60	35	-92.67
60	36	-82.85
60	37	-81.97
60	38	-92.72
60	39	-88.08
60	40	-70.03
60	43	-77.86
60	44	-92.30
60	48	-79.26
60	49	-87.42
60	51	-86.47
60	52	-91.64
60	53	-89.37
60	54	-75.88
60	56	-91.64
60	61	-88.93
60	67	-86.71
60	69	-87.09
60	70	-86.84
61	1	-93.38
61	2	-91.79
61	3	-85.88
61	5	-84.14
61	6	-88.90
61	7	-90.26
61	8	-84.89
61	9	-92.06
61	10	-89.93
61	11	-90.26
61	12	-71.21
61	13	-84.84
61	14	-86.47
61	16	-83.00
61	18	-83.27
61	19	-79.29
61	20	-88.30
61	21	-78.97
61	22	-82.00
61	23	-86.45
61	24	-76.28
61	25	-82.33
61	26	-79.51
61	27	-90.22
61	28	-94.36
61	29	-65.46
61	30	-88.47
61	31	-86.36
61	33	-78.82
61	34	-81.73
61	35	-87.43
61	36	-94.92
61	37	-75.53
61	38	-77.22
61	39	-80.25
61	40	-91.96
61	42	-93.45
61	43	-92.59
61	44	-84.00
61	45	-92.44
61	46	-89.44
61	48	-87.14
61	49	-81.86
61	50	-91.28
61	51	-82.28
61	52	-70.65
61	53	-45.20
61	54	-91.29
61	55	-92.51
61	56	-86.41
61	57	-93.49
61	58	-80.59
61	59	-92.79
61	60	-88.93
61	62	-91.93
61	63	-90.34
61	64	-92.89
61	68	-90.50
61	69	-77.45
61	70	-60.53
62	3	-94.09
62	5	-82.88
62	8	-78.48
62	9	-84.30
62	12	-88.08
62	14	-82.74
62	15	-87.52
62	16	-93.95
62	18	-86.03
62	19	-93.39
62	20	-89.15
62	21	-88.07
62	22	-92.13
62	23	-87.97
62	29	-89.55
62	33	-89.10
62	35	-94.98
62	38	-90.01
62	41	-86.47
62	42	-62.76
62	44	-93.06
62	46	-90.00
62	47	-85.23
62	50	-93.35
62	52	-90.03
62	53	-91.61
62	55	-77.69
62	57	-78.94
62	58	-84.49
62	59	-94.03
62	61	-91.93
62	63	-89.20
62	64	-88.56
62	65	-75.62
62	66	-93.61
62	68	-60.10
62	69	-94.51
62	70	-93.44
63	3	-82.62
63	4	-89.80
63	5	-80.70
63	8	-87.63
63	12	-88.11
63	14	-77.45
63	15	-85.82
63	18	-78.20
63	19	-85.80
63	21	-81.87
63	23	-94.79
63	24	-94.55
63	25	-93.87
63	26	-94.13
63	27	-92.31
63	29	-88.32
63	31	-89.65
63	32	-91.03
63	33	-92.83
63	37	-93.35
63	38	-83.17
63	39	-88.95
63	42	-91.14
63	45	-84.86
63	46	-57.01
63	50	-73.97
63	52	-86.15
63	53	-89.71
63	55	-82.83
63	57	-83.76
63	58	-83.60
63	61	-90.34
63	62	-89.20
63	64	-69.38
63	65	-92.06
63	66	-79.17
63	68	-87.50
63	70	-91.36
64	3	-87.36
64	4	-91.38
64	5	-83.61
64	8	-88.85
64	12	-90.63
64	14	-80.41
64	15	-80.66
64	18	-82.83
64	19	-89.71
64	21	-86.06
64	27	-94.84
64	29	-91.02
64	31	-92.74
64	32	-92.09
64	33	-94.41
64	38	-87.38
64	39	-92.19
64	41	-94.24
64	42	-90.34
64	45	-88.07
64	46	-74.34
64	50	-79.98
64	52	-89.50
64	53	-92.37
64	55	-80.14
64	57	-80.47
64	58	-86.48
64	61	-92.89
64	62	-88.56
64	63	-69.38
64	65	-90.59
64	66	-76.32
64	68	-87.16
64	70	-93.86
65	5	-89.06
65	8	-87.06
65	9	-88.15
65	12	-93.08
65	14	-88.45
65	15	-86.36
65	18	-91.03
65	20	-93.04
65	21	-92.74
65	23	-92.39
65	29	-94.12
65	33	-93.70
65	38	-94.18
65	41	-77.44
65	42	-71.07
65	46	-92.96
65	47	-85.22
65	52	-94.36
65	55	-81.43
65	57	-80.84
65	58	-90.44
65	62	-75.62
65	63	-92.06
65	64	-90.59
65	66	-94.76
65	68	-79.32
66	3	-88.54
66	4	-87.51
66	5	-89.74
66	8	-93.65
66	12	-94.25
66	14	-87.90
66	15	-85.46
66	18	-88.63
66	19	-91.79
66	21	-90.43
66	27	-94.69
66	29	-94.33
66	31	-93.26
66	32	-87.70
66	38	-90.93
66	39	-93.67
66	42	-94.84
66	45	-85.83
66	46	-80.51
66	50	-78.91
66	52	-92.84
66	55	-88.09
66	57	-88.03
66	58	-91.47
66	62	-93.61
66	63	-79.17
66	64	-76.32
66	65	-94.76
66	68	-92.67
67	2	-94.26
67	7	-86.64
67	17	-66.74
67	24	-94.31
67	25	-91.13
67	26	-92.25
67	27	-92.72
67	28	-77.92
67	30	-91.29
67	31	-94.18
67	34	-94.93
67	36	-70.40
67	37	-93.63
67	39	-94.82
67	40	-81.35
67	43	-88.97
67	48	-92.99
67	54	-89.61
67	60	-86.71
68	3	-92.70
68	5	-79.61
68	8	-75.00
68	9	-85.05
68	10	-94.90
68	12	-86.19
68	14	-79.53
68	15	-87.27
68	16	-93.21
68	18	-83.47
68	19	-91.92
68	20	-88.85
68	21	-85.89
68	22	-91.32
68	23	-87.42
68	24	-94.85
68	29	-87.81
68	33	-87.94
68	35	-94.47
68	37	-94.80
68	38	-88.13
68	39	-93.96
68	41	-88.35
68	42	-71.41
68	44	-92.37
68	46	-88.31
68	47	-87.06
68	49	-94.67
68	50	-92.04
68	52	-88.22
68	53	-90.12
68	55	-75.88
68	56	-94.56
68	57	-77.94
68	58	-81.69
68	59	-94.01
68	61	-90.50
68	62	-60.10
68	63	-87.50
68	64	-87.16
68	65	-79.32
68	66	-92.67
68	69	-93.57
68	70	-92.16
69	1	-88.03
69	2	-86.19
69	3	-91.99
69	5	-90.24
69	6	-80.34
69	7	-87.78
69	8	-89.00
69	9	-92.14
69	10	-84.19
69	11	-82.98
69	12	-82.33
69	13	-71.81
69	14	-91.94
69	16	-71.65
69	18	-90.19
69	19	-87.90
69	20	-86.37
69	21	-87.92
69	22	-74.88
69	23	-85.16
69	24	-72.35
69	25	-85.09
69	26	-81.21
69	27	-93.70
69	28	-93.06
69	29	-81.31
69	30	-83.41
69	31	-91.27
69	33	-78.57
69	34	-69.00
69	35	-79.72
69	36	-94.82
69	37	-78.62
69	38	-87.25
69	39	-87.43
69	40	-90.89
69	43	-89.12
69	44	-76.09
69	46	-94.55
69	48	-80.32
69	49	-62.82
69	51	-64.75
69	52	-84.28
69	53	-78.86
69	54	-87.43
69	56	-77.31
69	58	-87.89
69	59	-89.62
69	60	-87.09
69	61	-77.45
69	62	-94.51
69	68	-93.57
69	70	-76.62
70	1	-93.35
70	2	-90.71
70	3	-86.02
70	5	-86.40
70	6	-88.35
70	7	-88.41
70	8	-87.30
70	9	-93.41
70	10	-90.37
70	11	-89.45
70	12	-76.76
70	13	-84.23
70	14	-88.33
70	16	-83.45
70	18	-85.37
70	19	-79.22
70	20	-89.68
70	21	-81.57
70	22	-83.23
70	23	-88.11
70	24	-71.63
70	25	-79.04
70	26	-75.09
70	27	-89.18
70	28	-92.94
70	29	-72.97
70	30	-86.68
70	31	-85.29
70	33	-81.50
70	34	-79.70
70	35	-87.78
70	36	-93.57
70	37	-69.33
70	38	-79.46
70	39	-78.68
70	40	-90.27
70	42	-94.83
70	43	-91.19
70	44	-84.85
70	45	-92.46
70	46	-90.42
70	48	-85.39
70	49	-81.17
70	50	-91.83
70	51	-81.28
70	52	-74.84
70	53	-63.30
70	54	-89.76
70	55	-93.85
70	56	-86.63
70	57	-94.74
70	58	-83.53
70	59	-93.51
70	60	-86.84
70	61	-60.53
70	62	-93.44
70	63	-91.36
70	64	-93.86
70	68	-92.16
70	69	-76.62
