1	5	-92.63
1	9	-91.39
1	12	-88.50
1	19	-83.27
1	27	-73.51
1	34	-88.79
1	36	-93.89
1	40	-73.23
1	41	-91.95
1	42	-91.51
1	44	-81.01
1	51	-89.40
1	53	-94.21
1	56	-80.21
1	59	-86.71
1	60	-94.93
1	63	-94.41
1	69	-94.23
1	71	-93.07
1	72	-67.38
1	73	-80.21
1	76	-90.60
1	84	-92.54
1	98	-93.41
1	99	-90.07
2	4	-88.49
2	8	-82.28
2	9	-90.16
2	10	-69.40
2	11	-84.66
2	12	-93.52
2	13	-90.20
2	14	-78.37
2	16	-83.97
2	17	-70.12
2	20	-91.68
2	27	-92.72
2	31	-93.97
2	32	-94.03
2	34	-87.71
2	36	-66.41
2	39	-87.19
2	40	-92.75
2	42	-76.55
2	44	-94.33
2	45	-94.18
2	46	-92.76
2	47	-87.47
2	48	-93.10
2	49	-73.85
2	50	-84.66
2	52	-90.21
2	53	-73.54
2	55	-94.92
2	56	-93.46
2	59	-84.87
2	60	-78.91
2	61	-88.79
2	62	-72.89
2	63	-94.05
2	64	-78.20
2	67	-87.24
2	69	-92.87
2	72	-93.37
2	73	-93.97
2	74	-94.59
2	75	-91.64
2	77	-89.99
2	79	-90.45
2	80	-87.98
2	82	-92.37
2	88	-93.05
2	89	-92.40
2	92	-88.64
2	93	-93.90
2	94	-93.19
2	95	-78.94
2	98	-91.58
2	99	-80.81
3	5	-89.76
3	6	-88.32
3	9	-86.13
3	12	-89.73
3	13	-86.63
3	14	-90.19
3	15	-85.80
3	16	-88.70
3	17	-92.49
3	19	-94.50
3	21	-89.37
3	22	-93.64
3	23	-87.51
3	24	-83.15
3	25	-84.28
3	26	-86.21
3	28	-85.23
3	29	-89.36
3	30	-70.98
3	31	-67.38
3	32	-94.69
3	34	-90.08
3	35	-92.99
3	36	-93.72
3	37	-91.11
3	38	-79.53
3	39	-88.87
3	41	-87.09
3	45	-60.10
3	46	-80.81
3	48	-74.49
3	51	-92.07
3	52	-79.81
3	54	-89.71
3	55	-68.92
3	57	-92.23
3	58	-82.62
3	59	-94.05
3	60	-89.56
3	61	-94.53
3	62	-91.69
3	63	-80.76
3	65	-88.82
3	66	-92.30
3	68	-72.35
3	69	-80.40
3	70	-91.35
3	71	-88.63
3	73	-94.50
3	74	-84.49
3	76	-90.18
3	77	-89.65
3	78	-81.25
3	80	-81.74
3	82	-77.22
3	83	-86.32
3	84	-86.28
3	85	-85.22
3	87	-93.20
3	90	-77.45
3	91	-87.51
3	93	-87.57
3	96	-82.03
3	97	-93.43
3	98	-82.33
3	99	-92.76
3	100	-93.89
4	2	-88.49
4	8	-88.36
4	10	-87.38
4	11	-73.54
4	13	-94.41
4	14	-91.41
4	16	-91.96
4	17	-90.03
4	20	-75.11
4	32	-92.73
4	36	-91.22
4	39	-92.22
4	42	-92.74
4	47	-63.47
4	49	-83.29
4	50	-81.74
4	53	-89.80
4	60	-93.08
4	61	-87.57
4	62	-91.30
4	64	-80.06
4	67	-78.32
4	75	-69.33
4	77	-92.85
4	79	-78.27
4	88	-75.18
4	89	-79.22
4	92	-68.57
4	94	-84.44
4	95	-81.73
5	1	-92.63
5	3	-89.76
5	9	-84.59
5	12	-78.33
5	15	-71.49
5	19	-82.19
5	21	-85.09
5	25	-91.83
5	26	-72.20
5	27	-90.08
5	28	-89.36
5	29	-81.20
5	30	-91.02
5	31	-92.02
5	34	-87.74
5	37	-86.17
5	38	-91.99
5	40	-94.19
5	41	-70.74
5	45	-88.47
5	48	-85.62
5	51	-70.14
5	52	-93.35
5	55	-85.97
5	57	-83.13
5	59	-92.06
5	60	-93.87
5	63	-80.45
5	68	-86.81
5	69	-82.70
5	70	-77.66
5	71	-52.83
5	72	-91.70
5	73	-85.35
5	76	-64.75
5	80	-91.92
5	82	-93.72
5	83	-79.31
5	84	-71.38
5	87	-87.42
5	90	-86.36
5	91	-86.40
5	96	-93.05
5	98	-83.83
5	99	-92.71
6	3	-88.32
6	7	-81.31
6	13	-79.79
6	14	-91.19
6	16	-87.69
6	17	-93.41
6	18	-87.45
6	22	-78.72
6	23	-72.70
6	24	-83.80
6	25	-93.73
6	30	-89.15
6	31	-84.95
6	32	-83.57
6	33	-82.33
6	35	-83.90
6	38	-91.04
6	39	-84.49
6	43	-85.55
6	45	-89.36
6	46	-78.26
6	48	-91.73
6	52	-84.59
6	54	-68.87
6	55	-91.43
6	58	-85.88
6	60	-92.49
6	61	-88.09
6	62	-93.38
6	63	-94.34
6	65	-78.27
6	66	-82.79
6	68	-92.06
6	69	-93.70
6	74	-68.26
6	77	-80.88
6	78	-74.83
6	80	-88.45
6	81	-86.03
6	82	-82.14
6	85	-79.58
6	86	-82.62
6	90	-93.31
6	93	-66.11
6	94	-93.82
6	96	-91.28
6	97	-77.43
6	98	-93.88
6	100	-81.94
7	6	-81.31
7	13	-86.74
7	14	-93.89
7	16	-91.14
7	18	-84.66
7	20	-93.85
7	22	-78.51
7	23	-86.11
7	24	-92.15
7	31	-92.87
7	32	-74.83
7	33	-57.01
7	35	-87.99
7	39	-88.26
7	43	-82.33
7	46	-88.78
7	52	-91.55
7	54	-82.54
7	58	-93.39
7	61	-86.27
7	65	-87.58
7	66	-87.71
7	74	-85.66
7	77	-84.66
7	78	-88.25
7	80	-93.70
7	81	-79.31
7	82	-90.83
7	85	-89.69
7	86	-60.86
7	89	-92.65
7	93	-82.30
7	94	-89.63
7	97	-63.58
7	100	-83.72
8	2	-82.28
8	4	-88.36
8	10	-74.83
8	11	-82.07
8	14	-90.38
8	16	-92.94
8	17	-87.38
8	20	-92.96
8	27	-94.72
8	34	-93.41
8	36	-85.04
8	39	-94.56
8	40	-93.15
8	42	-81.43
8	44	-93.03
8	47	-85.90
8	49	-77.45
8	50	-75.40
8	53	-74.07
8	56	-92.38
8	59	-89.74
8	60	-90.45
8	61	-94.25
8	62	-88.19
8	64	-79.21
8	67	-81.21
8	72	-94.71
8	75	-90.38
8	79	-85.76
8	88	-91.55
8	89	-94.10
8	92	-86.02
8	95	-75.53
8	99	-88.75
9	1	-91.39
9	2	-90.16
9	3	-86.13
9	5	-84.59
9	10	-92.65
9	12	-74.84
9	13	-90.89
9	14	-86.62
9	15	-84.42
9	16	-88.33
9	17	-87.83
9	19	-85.38
9	21	-92.51
9	24	-94.56
9	25	-93.68
9	26	-85.44
9	27	-86.69
9	28	-92.80
9	29	-91.02
9	30	-89.95
9	31	-87.09
9	34	-70.90
9	36	-87.24
9	37	-93.68
9	38	-92.36
9	39	-90.61
9	40	-90.95
9	41	-77.82
9	42	-89.37
9	44	-94.69
9	45	-83.59
9	46	-89.86
9	48	-77.92
9	49	-94.14
9	51	-84.43
9	52	-85.90
9	53	-92.12
9	55	-82.66
9	56	-93.80
9	57	-92.98
9	58	-94.41
9	59	-82.97
9	60	-83.31
9	62	-86.19
9	63	-75.65
9	68	-86.97
9	69	-72.35
9	70	-90.83
9	71	-83.69
9	72	-88.93
9	73	-83.84
9	74	-92.81
9	76	-82.07
9	77	-92.72
9	78	-91.93
9	80	-81.75
9	82	-87.81
9	83	-88.59
9	84	-77.98
9	87	-94.99
9	90	-88.30
9	91	-92.27
9	93	-93.74
9	96	-93.53
9	98	-65.83
9	99	-82.14
10	2	-69.40
10	4	-87.38
10	8	-74.83
10	9	-92.65
10	11	-81.75
10	13	-93.04
10	14	-84.48
10	16	-88.22
10	17	-79.68
10	20	-91.57
10	27	-93.42
10	34	-90.19
10	36	-76.34
10	39	-90.52
10	40	-92.71
10	42	-76.09
10	44	-93.66
10	47	-85.59
10	49	-67.54
10	50	-79.81
10	52	-93.22
10	53	-63.95
10	56	-92.83
10	59	-86.61
10	60	-84.76
10	61	-90.87
10	62	-81.14
10	64	-74.26
10	67	-83.84
10	72	-93.78
10	75	-90.41
10	77	-92.66
10	79	-87.95
10	80	-91.43
10	82	-94.99
10	88	-91.85
10	89	-92.56
10	92	-86.54
10	94	-93.80
10	95	-72.70
10	98	-94.03
10	99	-84.12
11	2	-84.66
11	4	-73.54
11	8	-82.07
11	10	-81.75
11	13	-94.70
11	14	-90.01
11	16	-91.47
11	17	-87.76
11	20	-84.09
11	32	-94.62
11	36	-88.19
11	39	-92.39
11	42	-89.10
11	47	-65.50
11	49	-75.84
11	50	-70.43
11	53	-84.90
11	59	-94.28
11	60	-91.38
11	61	-89.56
11	62	-89.15
11	64	-70.14
11	67	-67.51
11	75	-79.26
11	77	-93.56
11	79	-75.43
11	88	-82.13
11	89	-86.29
11	92	-68.57
11	94	-89.31
11	95	-71.07
11	99	-92.66
12	1	-88.50
12	2	-93.52
12	3	-89.73
12	5	-78.33
12	9	-74.84
12	13	-94.87
12	14	-91.64
12	15	-81.96
12	16	-93.04
12	17	-92.19
12	19	-76.78
12	21	-91.33
12	25	-94.51
12	26	-83.02
12	27	-83.54
12	28	-93.07
12	29	-89.20
12	30	-92.21
12	31	-91.18
12	34	-77.82
12	36	-91.18
12	37	-92.31
12	38	-93.87
12	39	-94.72
12	40	-89.45
12	41	-70.90
12	42	-91.78
12	44	-93.72
12	45	-87.91
12	46	-93.81
12	48	-83.83
12	51	-74.88
12	52	-91.10
12	53	-94.45
12	55	-86.25
12	56	-92.89
12	57	-90.78
12	59	-85.14
12	60	-89.26
12	62	-91.00
12	63	-79.07
12	68	-88.88
12	69	-79.26
12	70	-87.89
12	71	-78.09
12	72	-86.27
12	73	-76.78
12	76	-72.00
12	80	-88.55
12	82	-92.22
12	83	-87.19
12	84	-73.06
12	87	-93.37
12	90	-89.44
12	91	-91.68
12	96	-94.91
12	98	-78.05
12	99	-86.38
13	2	-90.20
13	3	-86.63
13	4	-94.41
13	6	-79.79
13	7	-86.74
13	9	-90.89
13	10	-93.04
13	11	-94.70
13	12	-94.87
13	14	-82.58
13	16	-75.39
13	17	-86.41
13	18	-93.75
13	20	-93.77
13	22	-88.79
13	23	-85.45
13	24	-88.76
13	25	-94.76
13	30	-89.59
13	31	-82.41
13	32	-83.58
13	33	-88.19
13	34	-92.14
13	35	-91.84
13	36	-89.81
13	38	-92.25
13	39	-67.54
13	41	-94.56
13	42	-93.95
13	43	-92.49
13	45	-86.64
13	46	-72.60
13	48	-88.22
13	49	-92.55
13	52	-74.93
13	53	-94.09
13	54	-85.22
13	55	-89.10
13	58	-89.85
13	59	-94.05
13	60	-85.07
13	61	-82.42
13	62	-86.37
13	63	-91.36
13	64	-92.89
13	65	-88.19
13	66	-91.17
13	68	-91.12
13	69	-90.19
13	74	-75.93
13	77	-65.91
13	78	-79.04
13	80	-80.11
13	81	-92.29
13	82	-76.17
13	84	-94.26
13	85	-87.24
13	86	-88.59
13	89	-93.27
13	90	-92.69
13	93	-72.97
13	94	-91.68
13	95	-93.96
13	96	-92.93
13	97	-83.60
13	98	-89.86
13	99	-91.73
13	100	-90.79
14	2	-78.37
14	3	-90.19
14	4	-91.41
14	6	-91.19
14	7	-93.89
14	8	-90.38
14	9	-86.62
14	10	-84.48
14	11	-90.01
14	12	-91.64
14	13	-82.58
14	15	-94.76
14	16	-69.47
14	17	-66.56
14	20	-92.69
14	23	-93.81
14	24	-94.84
14	27	-93.56
14	30	-93.41
14	31	-88.25
14	32	-90.61
14	33	-94.90
14	34	-85.87
14	36	-76.55
14	39	-77.98
14	40	-94.77
14	41	-92.67
14	42	-85.32
14	45	-89.09
14	46	-86.25
14	47	-91.38
14	48	-88.24
14	49	-84.93
14	50	-91.11
14	52	-82.03
14	53	-85.85
14	54	-93.88
14	55	-90.46
14	59	-86.70
14	60	-65.50
14	61	-85.27
14	62	-65.50
14	63	-90.31
14	64	-86.36
14	67	-92.37
14	68	-93.17
14	69	-88.70
14	71	-94.98
14	72	-94.58
14	73	-93.71
14	74	-89.17
14	75	-94.19
14	76	-94.46
14	77	-83.33
14	78	-89.73
14	79	-94.44
14	80	-78.66
14	82	-85.62
14	84	-92.59
14	85	-94.39
14	89	-92.85
14	90	-94.52
14	92	-92.52
14	93	-88.50
14	94	-92.61
14	95	-87.55
14	97	-92.24
14	98	-87.30
14	99	-82.29
15	3	-85.80
15	5	-71.49
15	9	-84.42
15	12	-81.96
15	14	-94.76
15	16	-94.98
15	19	-87.19
15	21	-80.95
15	24	-93.59
15	25	-87.95
15	26	-47.08
15	27	-92.57
15	28	-84.86
15	29	-76.78
15	30	-86.94
15	31	-88.98
15	34	-88.59
15	37	-83.18
15	38	-88.07
15	41	-73.13
15	45	-84.48
15	46	-93.04
15	48	-81.75
15	51	-80.41
15	52	-91.29
15	55	-80.85
15	57	-81.68
15	58	-92.86
15	59	-93.11
15	60	-93.31
15	62	-94.97
15	63	-75.89
15	68	-81.01
15	69	-79.52
15	70	-77.22
15	71	-67.51
15	72	-94.04
15	73	-88.94
15	76	-76.57
15	78	-93.62
15	80	-90.19
15	82	-91.35
15	83	-70.21
15	84	-71.38
15	87	-85.67
15	90	-80.11
15	91	-81.57
15	96	-89.44
15	98	-81.96
15	99	-93.20
16	2	-83.97
16	3	-88.70
16	4	-91.96
16	6	-87.69
16	7	-91.14
16	8	-92.94
16	9	-88.33
16	10	-88.22
16	11	-91.47
16	12	-93.04
16	13	-75.39
16	14	-69.47
16	15	-94.98
16	17	-77.48
16	20	-92.35
16	22	-93.43
16	23	-91.11
16	24	-92.80
16	30	-92.00
16	31	-85.90
16	32	-87.42
16	33	-92.34
16	34	-88.69
16	36	-83.34
16	38	-94.47
16	39	-66.74
16	41	-93.45
16	42	-89.40
16	45	-87.90
16	46	-81.96
16	47	-92.32
16	48	-87.95
16	49	-87.91
16	50	-92.97
16	52	-77.86
16	53	-89.57
16	54	-91.07
16	55	-89.78
16	58	-93.44
16	59	-90.18
16	60	-76.17
16	61	-82.03
16	62	-77.55
16	63	-90.62
16	64	-88.69
16	65	-93.00
16	67	-93.80
16	68	-92.35
16	69	-89.12
16	74	-85.32
16	75	-94.61
16	77	-76.67
16	78	-86.39
16	80	-77.03
16	82	-81.96
16	84	-93.27
16	85	-92.04
16	86	-92.67
16	89	-92.22
16	90	-93.82
16	92	-93.47
16	93	-84.14
16	94	-91.39
16	95	-89.96
16	97	-89.06
16	98	-88.15
16	99	-86.89
16	100	-94.98
17	2	-70.12
17	3	-92.49
17	4	-90.03
17	6	-93.41
17	8	-87.38
17	9	-87.83
17	10	-79.68
17	11	-87.76
17	12	-92.19
17	13	-86.41
17	14	-66.56
17	16	-77.48
17	20	-92.10
17	27	-92.89
17	31	-91.00
17	32	-92.13
17	34	-86.02
17	36	-68.68
17	39	-82.62
17	40	-93.67
17	41	-93.60
17	42	-81.50
17	45	-91.45
17	46	-89.48
17	47	-89.65
17	48	-90.39
17	49	-80.84
17	50	-88.59
17	52	-86.17
17	53	-81.57
17	55	-92.47
17	56	-94.80
17	59	-85.17
17	60	-69.87
17	61	-86.61
17	62	-55.98
17	63	-91.86
17	64	-83.06
17	67	-90.29
17	68	-94.92
17	69	-90.43
17	72	-93.79
17	73	-93.53
17	74	-91.81
17	75	-93.04
17	77	-86.54
17	78	-92.32
17	79	-92.78
17	80	-83.32
17	82	-88.96
17	84	-93.60
17	88	-94.36
17	89	-92.51
17	92	-90.84
17	93	-91.11
17	94	-92.73
17	95	-84.27
17	97	-93.95
17	98	-89.02
17	99	-80.25
18	6	-87.45
18	7	-84.66
18	13	-93.75
18	22	-76.24
18	23	-86.70
18	24	-91.75
18	32	-90.48
18	33	-82.66
18	35	-80.32
18	43	-58.61
18	46	-93.44
18	54	-84.14
18	58	-92.89
18	65	-85.76
18	66	-81.28
18	74	-90.62
18	77	-93.39
18	78	-91.68
18	81	-69.69
18	82	-94.83
18	85	-89.39
18	86	-81.96
18	93	-90.02
18	97	-86.22
18	100	-73.97
19	1	-83.27
19	3	-94.50
19	5	-82.19
19	9	-85.38
19	12	-76.78
19	15	-87.19
19	21	-93.62
19	26	-87.70
19	27	-79.61
19	29	-91.57
19	34	-84.81
19	36	-93.99
19	37	-94.13
19	40	-86.86
19	41	-82.06
19	42	-93.44
19	44	-91.61
19	45	-93.26
19	48	-90.62
19	51	-74.29
19	55	-91.99
19	56	-90.89
19	57	-92.08
19	59	-87.48
19	60	-93.36
19	62	-94.41
19	63	-87.58
19	68	-93.50
19	69	-87.95
19	70	-89.40
19	71	-83.23
19	72	-82.18
19	73	-68.03
19	76	-77.92
19	80	-93.61
19	83	-90.71
19	84	-83.25
19	87	-94.60
19	90	-93.65
19	91	-94.37
19	98	-87.36
19	99	-89.76
20	2	-91.68
20	4	-75.11
20	7	-93.85
20	8	-92.96
20	10	-91.57
20	11	-84.09
20	13	-93.77
20	14	-92.69
20	16	-92.35
20	17	-92.10
20	32	-89.87
20	33	-94.70
20	36	-93.72
20	39	-91.86
20	47	-80.37
20	49	-88.64
20	50	-88.70
20	53	-93.50
20	60	-94.51
20	61	-85.29
20	62	-93.19
20	64	-86.71
20	67	-86.71
20	75	-76.78
20	77	-91.79
20	79	-86.02
20	86	-94.98
20	88	-78.82
20	89	-60.10
20	92	-81.78
20	94	-75.23
20	95	-88.15
20	97	-93.62
21	3	-89.37
21	5	-85.09
21	9	-92.51
21	12	-91.33
21	15	-80.95
21	19	-93.62
21	24	-93.53
21	25	-83.53
21	26	-79.62
21	28	-77.31
21	29	-65.07
21	30	-87.77
21	31	-92.16
21	37	-60.10
21	38	-86.47
21	41	-87.48
21	45	-89.40
21	48	-89.30
21	51	-89.32
21	55	-87.23
21	57	-72.35
21	58	-92.45
21	63	-87.55
21	68	-84.16
21	69	-89.22
21	70	-76.46
21	71	-84.48
21	76	-88.08
21	80	-94.90
21	82	-94.47
21	83	-72.07
21	84	-86.88
21	87	-72.46
21	90	-81.28
21	91	-63.58
21	96	-87.24
21	98	-90.77
22	3	-93.64
22	6	-78.72
22	7	-78.51
22	13	-88.79
22	16	-93.43
22	18	-76.24
22	23	-79.24
22	24	-87.84
22	30	-93.52
22	31	-91.68
22	32	-85.93
22	33	-76.88
22	35	-77.69
22	38	-94.35
22	39	-91.14
22	43	-71.63
22	45	-94.55
22	46	-88.38
22	52	-91.89
22	54	-73.23
22	58	-89.47
22	61	-91.79
22	65	-79.56
22	66	-77.36
22	74	-84.19
22	77	-88.49
22	78	-86.07
22	80	-94.33
22	81	-74.29
22	82	-90.37
22	85	-84.33
22	86	-76.35
22	93	-83.13
22	94	-95.00
22	96	-94.22
22	97	-78.82
22	100	-66.84
23	3	-87.51
23	6	-72.70
23	7	-86.11
23	13	-85.45
23	14	-93.81
23	16	-91.11
23	18	-86.70
23	22	-79.24
23	24	-77.03
23	25	-91.29
23	28	-93.54
23	30	-86.93
23	31	-84.90
23	32	-88.88
23	33	-86.25
23	35	-78.20
23	38	-88.29
23	39	-89.02
23	43	-85.17
23	45	-89.07
23	46	-81.68
23	48	-91.88
23	52	-87.02
23	54	-65.07
23	55	-90.97
23	58	-80.36
23	60	-94.61
23	61	-92.28
23	63	-94.34
23	65	-63.12
23	66	-76.17
23	68	-90.82
23	69	-93.94
23	74	-75.37
23	77	-86.94
23	78	-75.53
23	80	-90.39
23	81	-86.90
23	82	-84.07
23	85	-68.12
23	86	-86.27
23	90	-91.92
23	93	-78.91
23	96	-88.21
23	97	-84.21
23	98	-94.38
23	100	-79.24
24	3	-83.15
24	6	-83.80
24	7	-92.15
24	9	-94.56
24	13	-88.76
24	14	-94.84
24	15	-93.59
24	16	-92.80
24	18	-91.75
24	21	-93.53
24	22	-87.84
24	23	-77.03
24	25	-84.77
24	26	-93.66
24	28	-88.33
24	29	-94.36
24	30	-79.42
24	31	-82.19
24	32	-93.60
24	33	-92.30
24	35	-84.01
24	37	-94.70
24	38	-80.06
24	39	-91.64
24	43	-90.95
24	45	-85.71
24	46	-83.73
24	48	-89.39
24	52	-87.43
24	54	-82.19
24	55	-87.41
24	58	-57.79
24	63	-91.86
24	65	-76.45
24	66	-82.83
24	68	-85.90
24	69	-91.78
24	74	-81.98
24	77	-90.78
24	78	-78.62
24	80	-90.29
24	81	-92.45
24	82	-84.21
24	83	-92.81
24	84	-94.53
24	85	-66.11
24	86	-92.32
24	90	-86.94
24	91	-91.69
24	93	-85.82
24	96	-79.53
24	97	-90.77
24	98	-92.64
24	100	-86.91
25	3	-84.28
25	5	-91.83
25	6	-93.73
25	9	-93.68
25	12	-94.51
25	13	-94.76
25	15	-87.95
25	21	-83.53
25	23	-91.29
25	24	-84.77
25	26	-87.62
25	28	-68.57
25	29	-86.05
25	30	-77.82
25	31	-87.29
25	35	-93.83
25	37	-85.43
25	38	-68.79
25	41	-91.64
25	45	-85.97
25	46	-91.36
25	48	-88.36
25	51	-94.60
25	52	-91.97
25	54	-93.42
25	55	-85.12
25	57	-88.93
25	58	-82.46
25	63	-89.12
25	65	-91.07
25	66	-93.35
25	68	-79.66
25	69	-90.01
25	70	-89.73
25	71	-91.02
25	74	-92.02
25	76	-93.26
25	78	-89.96
25	80	-92.99
25	82	-90.39
25	83	-84.62
25	84	-91.00
25	85	-88.20
25	87	-88.22
25	90	-77.26
25	91	-79.46
25	93	-94.19
25	96	-67.79
25	98	-91.50
26	3	-86.21
26	5	-72.20
26	9	-85.44
26	12	-83.02
26	15	-47.08
26	19	-87.70
26	21	-79.62
26	24	-93.66
26	25	-87.62
26	27	-93.04
26	28	-84.28
26	29	-74.86
26	30	-87.04
26	31	-89.38
26	34	-89.35
26	37	-82.00
26	38	-87.96
26	41	-75.11
26	45	-85.06
26	46	-93.38
26	48	-82.71
26	51	-81.01
26	52	-91.76
26	55	-81.57
26	57	-80.37
26	58	-92.90
26	59	-93.67
26	60	-93.85
26	63	-77.55
26	68	-81.20
26	69	-80.84
26	70	-75.61
26	71	-68.92
26	72	-94.46
26	73	-89.50
26	76	-77.62
26	78	-93.88
26	80	-90.78
26	82	-91.75
26	83	-67.51
26	84	-73.69
26	87	-84.66
26	90	-79.98
26	91	-80.50
26	96	-89.30
26	98	-83.13
26	99	-93.76
27	1	-73.51
27	2	-92.72
27	5	-90.08
27	8	-94.72
27	9	-86.69
27	10	-93.42
27	12	-83.54
27	14	-93.56
27	15	-92.57
27	17	-92.89
27	19	-79.61
27	26	-93.04
27	34	-82.74
27	36	-90.59
27	40	-74.29
27	41	-88.44
27	42	-88.37
27	44	-84.18
27	48	-92.78
27	51	-86.58
27	53	-91.84
27	55	-94.46
27	56	-82.66
27	59	-80.47
27	60	-91.45
27	62	-91.99
27	63	-91.07
27	69	-90.69
27	70	-94.98
27	71	-90.39
27	72	-61.48
27	73	-72.07
27	76	-87.43
27	80	-93.60
27	84	-89.15
27	98	-89.51
27	99	-85.22
28	3	-85.23
28	5	-89.36
28	9	-92.80
28	12	-93.07
28	15	-84.86
28	21	-77.31
28	23	-93.54
28	24	-88.33
28	25	-68.57
28	26	-84.28
28	29	-81.14
28	30	-80.86
28	31	-88.57
28	37	-80.25
28	38	-76.60
28	41	-89.71
28	45	-86.25
28	46	-92.68
28	48	-87.77
28	51	-92.66
28	52	-92.71
28	55	-84.55
28	57	-84.96
28	58	-86.64
28	63	-87.66
28	65	-93.52
28	68	-78.86
28	69	-88.94
28	70	-86.13
28	71	-88.50
28	74	-93.66
28	76	-91.24
28	78	-91.83
28	80	-93.26
28	82	-91.53
28	83	-79.75
28	84	-89.02
28	85	-91.03
28	87	-84.21
28	90	-74.66
28	91	-70.43
28	96	-77.51
28	98	-90.60
29	3	-89.36
29	5	-81.20
29	9	-91.02
29	12	-89.20
29	15	-76.78
29	19	-91.57
29	21	-65.07
29	24	-94.36
29	25	-86.05
29	26	-74.86
29	28	-81.14
29	30	-88.54
29	31	-92.14
29	34	-93.80
29	37	-68.87
29	38	-87.99
29	41	-84.76
29	45	-89.05
29	48	-88.32
29	51	-86.47
29	52	-94.73
29	55	-86.61
29	57	-67.79
29	58	-93.42
29	63	-85.80
29	68	-84.33
29	69	-87.74
29	70	-68.68
29	71	-80.58
29	73	-93.35
29	76	-85.07
29	80	-94.31
29	82	-94.37
29	83	-66.41
29	84	-84.16
29	87	-74.74
29	90	-81.92
29	91	-72.48
29	96	-88.93
29	98	-89.33
30	3	-70.98
30	5	-91.02
30	6	-89.15
30	9	-89.95
30	12	-92.21
30	13	-89.59
30	14	-93.41
30	15	-86.94
30	16	-92.00
30	21	-87.77
30	22	-93.52
30	23	-86.93
30	24	-79.42
30	25	-77.82
30	26	-87.04
30	28	-80.86
30	29	-88.54
30	31	-76.88
30	34	-93.19
30	35	-91.80
30	37	-89.63
30	38	-68.26
30	39	-91.80
30	41	-89.44
30	45	-75.97
30	46	-84.49
30	48	-81.85
30	51	-93.55
30	52	-85.32
30	54	-89.59
30	55	-76.99
30	57	-91.50
30	58	-77.44
30	60	-93.00
30	62	-94.69
30	63	-84.90
30	65	-87.58
30	66	-91.11
30	68	-71.43
30	69	-85.30
30	70	-91.19
30	71	-90.01
30	74	-86.17
30	76	-91.89
30	77	-92.02
30	78	-82.94
30	80	-87.19
30	82	-82.69
30	83	-85.85
30	84	-88.69
30	85	-83.37
30	87	-91.95
30	90	-74.44
30	91	-85.17
30	93	-89.26
30	96	-73.13
30	97	-94.32
30	98	-87.02
30	100	-93.32
31	2	-93.97
31	3	-67.38
31	5	-92.02
31	6	-84.95
31	7	-92.87
31	9	-87.09
31	12	-91.18
31	13	-82.41
31	14	-88.25
31	15	-88.98
31	16	-85.90
31	17	-91.00
31	21	-92.16
31	22	-91.68
31	23	-84.90
31	24	-82.19
31	25	-87.29
31	26	-89.38
31	28	-88.57
31	29	-92.14
31	30	-76.88
31	32	-92.38
31	33	-93.52
31	34	-90.40
31	35	-91.63
31	36	-92.71
31	37	-93.61
31	38	-83.03
31	39	-85.62
31	41	-89.40
31	43	-94.74
31	45	-70.32
31	46	-73.69
31	48	-78.26
31	51	-93.78
31	52	-73.80
31	54	-87.16
31	55	-76.99
31	57	-94.55
31	58	-82.52
31	59	-93.97
31	60	-88.08
31	61	-92.31
31	62	-90.27
31	63	-84.04
31	65	-86.90
31	66	-90.86
31	68	-79.99
31	69	-83.07
31	70	-93.74
31	71	-91.08
31	74	-79.70
31	76	-92.13
31	77	-86.33
31	78	-75.53
31	80	-78.81
31	82	-67.51
31	83	-89.67
31	84	-88.77
31	85	-83.20
31	86	-93.69
31	90	-83.17
31	91	-90.61
31	93	-83.65
31	96	-84.70
31	97	-90.98
31	98	-84.03
31	99	-92.35
31	100	-92.24
32	2	-94.03
32	3	-94.69
32	4	-92.73
32	6	-83.57
32	7	-74.83
32	11	-94.62
32	13	-83.58
32	14	-90.61
32	16	-87.42
32	17	-92.13
32	18	-90.48
32	20	-89.87
32	22	-85.93
32	23	-88.88
32	24	-93.60
32	31	-92.38
32	33	-78.35
32	35	-91.98
32	36	-94.67
32	39	-83.83
32	43	-88.94
32	45	-94.93
32	46	-87.84
32	47	-94.10
32	49	-94.37
32	52	-89.83
32	54	-86.60
32	58	-94.66
32	60	-92.74
32	61	-77.86
32	62	-92.67
32	64	-94.00
32	65	-90.63
32	66	-91.62
32	74	-85.97
32	75	-94.46
32	77	-79.34
32	78	-88.64
32	80	-91.73
32	81	-87.17
32	82	-89.80
32	85	-91.64
32	86	-79.31
32	89	-88.43
32	93	-81.86
32	94	-84.55
32	97	-72.59
32	100	-89.27
33	6	-82.33
33	7	-57.01
33	13	-88.19
33	14	-94.90
33	16	-92.34
33	18	-82.66
33	20	-94.70
33	22	-76.88
33	23	-86.25
33	24	-92.30
33	31	-93.52
33	32	-78.35
33	35	-87.22
33	39	-89.71
33	43	-80.06
33	46	-89.76
33	52	-92.49
33	54	-82.58
33	58	-93.53
33	61	-88.00
33	65	-87.43
33	66	-87.04
33	74	-86.64
33	77	-86.49
33	78	-88.98
33	80	-94.58
33	81	-76.04
33	82	-91.69
33	85	-89.81
33	86	-40.23
33	89	-93.54
33	93	-83.84
33	94	-90.68
33	97	-69.71
33	100	-82.43
34	1	-88.79
34	2	-87.71
34	3	-90.08
34	5	-87.74
34	8	-93.41
34	9	-70.90
34	10	-90.19
34	12	-77.82
34	13	-92.14
34	14	-85.87
34	15	-88.59
34	16	-88.69
34	17	-86.02
34	19	-84.81
34	26	-89.35
34	27	-82.74
34	29	-93.80
34	30	-93.19
34	31	-90.40
34	36	-84.03
34	39	-91.27
34	40	-87.43
34	41	-83.14
34	42	-85.37
34	44	-91.91
34	45	-88.21
34	46	-91.99
34	48	-84.55
34	49	-92.25
34	51	-86.28
34	52	-88.42
34	53	-89.20
34	55	-87.80
34	56	-90.79
34	59	-74.93
34	60	-81.92
34	62	-84.19
34	63	-83.34
34	64	-93.65
34	68	-91.00
34	69	-81.57
34	70	-93.32
34	71	-87.33
34	72	-85.42
34	73	-81.43
34	74	-94.58
34	76	-85.07
34	77	-93.52
34	78	-94.05
34	80	-84.53
34	82	-90.44
34	83	-91.96
34	84	-83.61
34	90	-92.03
34	95	-93.75
34	98	-78.43
34	99	-75.11
35	3	-92.99
35	6	-83.90
35	7	-87.99
35	13	-91.84
35	18	-80.32
35	22	-77.69
35	23	-78.20
35	24	-84.01
35	25	-93.83
35	30	-91.80
35	31	-91.63
35	32	-91.98
35	33	-87.22
35	38	-91.92
35	39	-94.12
35	43	-79.62
35	45	-94.20
35	46	-89.96
35	52	-93.21
35	54	-77.72
35	58	-85.70
35	65	-73.43
35	66	-49.41
35	68	-94.87
35	74	-86.59
35	77	-92.37
35	78	-86.84
35	81	-83.77
35	82	-91.36
35	85	-80.53
35	86	-86.95
35	93	-87.53
35	96	-91.39
35	97	-87.71
35	100	-69.87
36	1	-93.89
36	2	-66.41
36	3	-93.72
36	4	-91.22
36	8	-85.04
36	9	-87.24
36	10	-76.34
36	11	-88.19
36	12	-91.18
36	13	-89.81
36	14	-76.55
36	16	-83.34
36	17	-68.68
36	19	-93.99
36	20	-93.72
36	27	-90.59
36	31	-92.71
36	32	-94.67
36	34	-84.03
36	39	-87.09
36	40	-91.11
36	41	-93.17
36	42	-74.16
36	44	-93.30
36	45	-92.59
36	46	-91.93
36	47	-90.43
36	48	-91.14
36	49	-80.45
36	50	-87.96
36	52	-88.85
36	53	-76.54
36	55	-93.26
36	56	-92.30
36	59	-80.84
36	60	-74.25
36	61	-90.08
36	62	-67.73
36	63	-92.02
36	64	-83.41
36	67	-90.16
36	69	-90.66
36	72	-91.48
36	73	-91.82
36	74	-94.09
36	75	-93.89
36	76	-94.44
36	77	-90.11
36	78	-94.37
36	79	-92.86
36	80	-85.88
36	82	-91.25
36	84	-93.27
36	89	-94.26
36	92	-91.39
36	93	-93.67
36	94	-94.74
36	95	-83.78
36	98	-89.10
36	99	-74.55
37	3	-91.11
37	5	-86.17
37	9	-93.68
37	12	-92.31
37	15	-83.18
37	19	-94.13
37	21	-60.10
37	24	-94.70
37	25	-85.43
37	26	-82.00
37	28	-80.25
37	29	-68.87
37	30	-89.63
37	31	-93.61
37	38	-88.31
37	41	-88.83
37	45	-91.14
37	48	-90.98
37	51	-90.00
37	55	-89.22
37	57	-69.33
37	58	-93.68
37	63	-89.30
37	68	-86.61
37	69	-90.81
37	70	-76.54
37	71	-85.80
37	76	-89.04
37	83	-76.46
37	84	-88.36
37	87	-64.75
37	90	-84.21
37	91	-70.92
37	96	-88.88
37	98	-92.17
38	3	-79.53
38	5	-91.99
38	6	-91.04
38	9	-92.36
38	12	-93.87
38	13	-92.25
38	15	-88.07
38	16	-94.47
38	21	-86.47
38	22	-94.35
38	23	-88.29
38	24	-80.06
38	25	-68.79
38	26	-87.96
38	28	-76.60
38	29	-87.99
38	30	-68.26
38	31	-83.03
38	35	-91.92
38	37	-88.31
38	39	-94.20
38	41	-91.13
38	45	-82.30
38	46	-88.07
38	48	-85.99
38	51	-94.58
38	52	-89.07
38	54	-90.86
38	55	-82.19
38	57	-90.86
38	58	-77.03
38	63	-87.72
38	65	-88.30
38	66	-91.30
38	68	-76.32
38	69	-88.37
38	70	-91.07
38	71	-91.10
38	74	-88.87
38	76	-93.11
38	77	-94.24
38	78	-86.25
38	80	-90.58
38	82	-86.95
38	83	-85.90
38	84	-90.45
38	85	-84.52
38	87	-90.77
38	90	-75.86
38	91	-83.29
38	93	-91.53
38	96	-57.15
38	98	-89.91
38	100	-93.82
39	2	-87.19
39	3	-88.87
39	4	-92.22
39	6	-84.49
39	7	-88.26
39	8	-94.56
39	9	-90.61
39	10	-90.52
39	11	-92.39
39	12	-94.72
39	13	-67.54
39	14	-77.98
39	16	-66.74
39	17	-82.62
39	20	-91.86
39	22	-91.14
39	23	-89.02
39	24	-91.64
39	30	-91.80
39	31	-85.62
39	32	-83.83
39	33	-89.71
39	34	-91.27
39	35	-94.12
39	36	-87.09
39	38	-94.20
39	41	-94.82
39	42	-91.97
39	43	-94.24
39	45	-88.50
39	46	-79.62
39	47	-92.87
39	48	-89.24
39	49	-89.83
39	50	-94.14
39	52	-78.20
39	53	-91.87
39	54	-88.64
39	55	-90.54
39	58	-92.49
39	59	-92.72
39	60	-82.13
39	61	-78.85
39	62	-82.95
39	63	-91.98
39	64	-90.21
39	65	-91.19
39	66	-93.57
39	67	-94.67
39	68	-92.70
39	69	-90.71
39	74	-82.27
39	75	-94.72
39	77	-66.74
39	78	-84.26
39	80	-80.25
39	81	-93.83
39	82	-80.99
39	84	-94.60
39	85	-90.47
39	86	-90.11
39	89	-91.47
39	90	-94.14
39	92	-94.00
39	93	-79.83
39	94	-90.08
39	95	-91.50
39	96	-94.87
39	97	-85.67
39	98	-90.08
39	99	-90.03
39	100	-93.04
40	1	-73.23
40	2	-92.75
40	5	-94.19
40	8	-93.15
40	9	-90.95
40	10	-92.71
40	12	-89.45
40	14	-94.77
40	17	-93.67
40	19	-86.86
40	27	-74.29
40	34	-87.43
40	36	-91.11
40	41	-92.91
40	42	-87.47
40	44	-74.29
40	49	-94.99
40	51	-91.61
40	53	-90.77
40	56	-70.98
40	59	-82.80
40	60	-93.04
40	62	-93.03
40	63	-94.66
40	69	-94.23
40	71	-94.43
40	72	-68.57
40	73	-83.11
40	76	-92.25
40	84	-93.42
40	98	-93.20
40	99	-87.02
41	1	-91.95
41	3	-87.09
41	5	-70.74
41	9	-77.82
41	12	-70.90
41	13	-94.56
41	14	-92.67
41	15	-73.13
41	16	-93.45
41	17	-93.60
41	19	-82.06
41	21	-87.48
41	25	-91.64
41	26	-75.11
41	27	-88.44
41	28	-89.71
41	29	-84.76
41	30	-89.44
41	31	-89.40
41	34	-83.14
41	36	-93.17
41	37	-88.83
41	38	-91.13
41	39	-94.82
41	40	-92.91
41	42	-94.23
41	45	-85.17
41	46	-92.88
41	48	-80.70
41	51	-74.66
41	52	-90.42
41	55	-82.41
41	57	-87.22
41	58	-94.56
41	59	-89.18
41	60	-90.70
41	62	-92.53
41	63	-72.70
41	68	-84.94
41	69	-75.49
41	70	-83.64
41	71	-68.09
41	72	-90.41
41	73	-83.62
41	76	-67.08
41	78	-94.00
41	80	-88.39
41	82	-91.11
41	83	-81.68
41	84	-47.08
41	87	-90.34
41	90	-85.29
41	91	-87.85
41	96	-92.35
41	98	-76.68
41	99	-89.59
42	1	-91.51
42	2	-76.55
42	4	-92.74
42	8	-81.43
42	9	-89.37
42	10	-76.09
42	11	-89.10
42	12	-91.78
42	13	-93.95
42	14	-85.32
42	16	-89.40
42	17	-81.50
42	19	-93.44
42	27	-88.37
42	34	-85.37
42	36	-74.16
42	39	-91.97
42	40	-87.47
42	41	-94.23
42	44	-89.45
42	47	-91.54
42	48	-93.74
42	49	-82.30
42	50	-87.36
42	52	-92.95
42	53	-70.03
42	56	-88.20
42	59	-78.10
42	60	-83.53
42	61	-93.82
42	62	-81.18
42	63	-93.95
42	64	-85.12
42	67	-90.09
42	69	-92.90
42	72	-88.85
42	73	-90.87
42	75	-94.90
42	76	-94.99
42	77	-94.17
42	79	-92.89
42	80	-90.54
42	82	-94.79
42	84	-94.45
42	92	-92.14
42	95	-84.33
42	98	-91.50
42	99	-76.10
43	6	-85.55
43	7	-82.33
43	13	-92.49
43	18	-58.61
43	22	-71.63
43	23	-85.17
43	24	-90.95
43	31	-94.74
43	32	-88.94
43	33	-80.06
43	35	-79.62
43	39	-94.24
43	46	-92.25
43	54	-82.00
43	58	-92.20
43	61	-94.20
43	65	-84.48
43	66	-80.33
43	74	-89.16
43	77	-92.06
43	78	-90.43
43	81	-65.24
43	82	-93.78
43	85	-88.35
43	86	-79.24
43	93	-88.38
43	97	-84.01
43	100	-70.98
44	1	-81.01
44	2	-94.33
44	8	-93.03
44	9	-94.69
44	10	-93.66
44	12	-93.72
44	19	-91.61
44	27	-84.18
44	34	-91.91
44	36	-93.30
44	40	-74.29
44	42	-89.45
44	53	-91.73
44	56	-55.31
44	59	-87.89
44	72	-81.28
44	73	-89.21
44	99	-90.72
45	2	-94.18
45	3	-60.10
45	5	-88.47
45	6	-89.36
45	9	-83.59
45	12	-87.91
45	13	-86.64
45	14	-89.09
45	15	-84.48
45	16	-87.90
45	17	-91.45
45	19	-93.26
45	21	-89.40
45	22	-94.55
45	23	-89.07
45	24	-85.71
45	25	-85.97
45	26	-85.06
45	28	-86.25
45	29	-89.05
45	30	-75.97
45	31	-70.32
45	32	-94.93
45	34	-88.21
45	35	-94.20
45	36	-92.59
45	37	-91.14
45	38	-82.30
45	39	-88.50
45	41	-85.17
45	46	-81.64
45	48	-68.09
45	51	-90.78
45	52	-78.93
45	54	-90.93
45	55	-63.12
45	57	-91.95
45	58	-85.32
45	59	-92.68
45	60	-88.13
45	61	-94.37
45	62	-90.51
45	63	-77.45
45	65	-90.39
45	66	-93.57
45	68	-73.43
45	69	-76.60
45	70	-90.79
45	71	-87.24
45	73	-93.18
45	74	-85.69
45	76	-88.70
45	77	-89.66
45	78	-83.06
45	80	-79.65
45	82	-77.72
45	83	-85.80
45	84	-84.28
45	85	-87.30
45	87	-93.18
45	90	-78.29
45	91	-87.81
45	93	-88.31
45	96	-84.48
45	97	-93.97
45	98	-78.93
45	99	-91.34
45	100	-94.91
46	2	-92.76
46	3	-80.81
46	6	-78.26
46	7	-88.78
46	9	-89.86
46	12	-93.81
46	13	-72.60
46	14	-86.25
46	15	-93.04
46	16	-81.96
46	17	-89.48
46	18	-93.44
46	22	-88.38
46	23	-81.68
46	24	-83.73
46	25	-91.36
46	26	-93.38
46	28	-92.68
46	30	-84.49
46	31	-73.69
46	32	-87.84
46	33	-89.76
46	34	-91.99
46	35	-89.96
46	36	-91.93
46	38	-88.07
46	39	-79.62
46	41	-92.88
46	43	-92.25
46	45	-81.64
46	48	-84.95
46	52	-70.47
46	54	-83.11
46	55	-85.12
46	58	-85.04
46	59	-94.64
46	60	-87.25
46	61	-88.22
46	62	-89.06
46	63	-88.94
46	65	-84.93
46	66	-89.12
46	68	-87.11
46	69	-87.87
46	71	-94.47
46	74	-68.79
46	77	-79.22
46	78	-67.79
46	80	-79.26
46	81	-92.59
46	82	-61.98
46	83	-93.72
46	84	-92.45
46	85	-82.41
46	86	-90.03
46	90	-89.09
46	91	-94.40
46	93	-74.29
46	94	-94.94
46	96	-88.96
46	97	-86.14
46	98	-88.02
46	99	-92.69
46	100	-89.73
47	2	-87.47
47	4	-63.47
47	8	-85.90
47	10	-85.59
47	11	-65.50
47	14	-91.38
47	16	-92.32
47	17	-89.65
47	20	-80.37
47	32	-94.10
47	36	-90.43
47	39	-92.87
47	42	-91.54
47	49	-81.06
47	50	-77.22
47	53	-88.14
47	60	-92.84
47	61	-89.18
47	62	-90.92
47	64	-77.16
47	67	-72.07
47	75	-72.48
47	77	-93.72
47	79	-73.65
47	88	-77.02
47	89	-83.34
47	92	-57.15
47	94	-87.36
47	95	-78.40
47	99	-94.42
48	2	-93.10
48	3	-74.49
48	5	-85.62
48	6	-91.73
48	9	-77.92
48	12	-83.83
48	13	-88.22
48	14	-88.24
48	15	-81.75
48	16	-87.95
48	17	-90.39
48	19	-90.62
48	21	-89.30
48	23	-91.88
48	24	-89.39
48	25	-88.36
48	26	-82.71
48	27	-92.78
48	28	-87.77
48	29	-88.32
48	30	-81.85
48	31	-78.26
48	34	-84.55
48	36	-91.14
48	37	-90.98
48	38	-85.99
48	39	-89.24
48	41	-80.70
48	42	-93.74
48	45	-68.09
48	46	-84.95
48	51	-87.92
48	52	-81.01
48	54	-93.32
48	55	-65.50
48	57	-91.21
48	58	-89.05
48	59	-90.27
48	60	-86.54
48	61	-94.90
48	62	-89.23
48	63	-68.68
48	65	-93.06
48	68	-77.17
48	69	-65.24
48	70	-89.51
48	71	-84.18
48	72	-94.30
48	73	-90.45
48	74	-88.64
48	76	-85.38
48	77	-90.86
48	78	-86.84
48	80	-78.93
48	82	-81.73
48	83	-84.83
48	84	-79.62
48	85	-90.59
48	87	-92.90
48	90	-80.45
48	91	-88.21
48	93	-90.51
48	96	-87.77
48	98	-70.03
48	99	-89.02
49	2	-73.85
49	4	-83.29
49	8	-77.45
49	9	-94.14
49	10	-67.54
49	11	-75.84
49	13	-92.55
49	14	-84.93
49	16	-87.91
49	17	-80.84
49	20	-88.64
49	32	-94.37
49	34	-92.25
49	36	-80.45
49	39	-89.83
49	40	-94.99
49	42	-82.30
49	47	-81.06
49	50	-76.10
49	52	-93.42
49	53	-75.65
49	59	-89.69
49	60	-86.19
49	61	-88.93
49	62	-82.79
49	64	-60.53
49	67	-80.11
49	75	-87.30
49	77	-91.78
49	79	-85.05
49	80	-92.03
49	88	-89.11
49	89	-89.88
49	92	-82.59
49	94	-91.52
49	95	-62.12
49	99	-87.36
50	2	-84.66
50	4	-81.74
50	8	-75.40
50	10	-79.81
50	11	-70.43
50	14	-91.11
50	16	-92.97
50	17	-88.59
50	20	-88.70
50	36	-87.96
50	39	-94.14
50	42	-87.36
50	47	-77.22
50	49	-76.10
50	53	-82.29
50	59	-93.36
50	60	-91.92
50	61	-92.44
50	62	-89.73
50	64	-73.69
50	67	-65.63
50	75	-84.26
50	79	-76.69
50	88	-85.95
50	89	-90.36
50	92	-76.89
50	94	-92.71
50	95	-69.38
50	99	-92.04
51	1	-89.40
51	3	-92.07
51	5	-70.14
51	9	-84.43
51	12	-74.88
51	15	-80.41
51	19	-74.29
51	21	-89.32
51	25	-94.60
51	26	-81.01
51	27	-86.58
51	28	-92.66
51	29	-86.47
51	30	-93.55
51	31	-93.78
51	34	-86.28
51	37	-90.00
51	38	-94.58
51	40	-91.61
51	41	-74.66
51	45	-90.78
51	48	-87.92
51	52	-94.41
51	55	-88.90
51	56	-94.65
51	57	-87.30
51	59	-90.30
51	60	-93.70
51	63	-83.64
51	68	-90.17
51	69	-84.89
51	70	-83.38
51	71	-72.97
51	72	-88.47
51	73	-80.11
51	76	-62.12
51	80	-92.71
51	83	-85.38
51	84	-76.32
51	87	-90.70
51	90	-90.06
51	91	-90.39
51	98	-85.09
51	99	-91.54
52	2	-90.21
52	3	-79.81
52	5	-93.35
52	6	-84.59
52	7	-91.55
52	9	-85.90
52	10	-93.22
52	12	-91.10
52	13	-74.93
52	14	-82.03
52	15	-91.29
52	16	-77.86
52	17	-86.17
52	22	-91.89
52	23	-87.02
52	24	-87.43
52	25	-91.97
52	26	-91.76
52	28	-92.71
52	29	-94.73
52	30	-85.32
52	31	-73.80
52	32	-89.83
52	33	-92.49
52	34	-88.42
52	35	-93.21
52	36	-88.85
52	38	-89.07
52	39	-78.20
52	41	-90.42
52	42	-92.95
52	45	-78.93
52	46	-70.47
52	48	-81.01
52	49	-93.42
52	51	-94.41
52	53	-93.83
52	54	-88.06
52	55	-82.73
52	58	-88.08
52	59	-91.73
52	60	-82.52
52	61	-88.41
52	62	-85.34
52	63	-85.89
52	64	-94.09
52	65	-89.27
52	66	-92.53
52	68	-86.25
52	69	-84.19
52	71	-92.56
52	73	-94.80
52	74	-79.51
52	76	-92.94
52	77	-80.86
52	78	-78.66
52	80	-68.09
52	82	-64.51
52	83	-92.60
52	84	-90.00
52	85	-87.09
52	86	-92.75
52	90	-88.45
52	91	-93.96
52	93	-81.35
52	95	-94.90
52	96	-90.19
52	97	-89.36
52	98	-83.90
52	99	-89.36
52	100	-93.04
53	1	-94.21
53	2	-73.54
53	4	-89.80
53	8	-74.07
53	9	-92.12
53	10	-63.95
53	11	-84.90
53	12	-94.45
53	13	-94.09
53	14	-85.85
53	16	-89.57
53	17	-81.57
53	20	-93.50
53	27	-91.84
53	34	-89.20
53	36	-76.54
53	39	-91.87
53	40	-90.77
53	42	-70.03
53	44	-91.73
53	47	-88.14
53	49	-75.65
53	50	-82.29
53	52	-93.83
53	56	-90.79
53	59	-84.50
53	60	-85.35
53	61	-92.70
53	62	-82.30
53	64	-79.70
53	67	-86.03
53	69	-94.92
53	72	-92.12
53	73	-93.87
53	75	-92.28
53	77	-93.93
53	79	-89.64
53	80	-91.88
53	88	-93.51
53	89	-94.38
53	92	-88.81
53	95	-78.03
53	98	-93.73
53	99	-82.48
54	3	-89.71
54	6	-68.87
54	7	-82.54
54	13	-85.22
54	14	-93.88
54	16	-91.07
54	18	-84.14
54	22	-73.23
54	23	-65.07
54	24	-82.19
54	25	-93.42
54	30	-89.59
54	31	-87.16
54	32	-86.60
54	33	-82.58
54	35	-77.72
54	38	-90.86
54	39	-88.64
54	43	-82.00
54	45	-90.93
54	46	-83.11
54	48	-93.32
54	52	-88.06
54	55	-92.70
54	58	-84.59
54	60	-94.89
54	61	-91.12
54	65	-70.59
54	66	-76.02
54	68	-92.80
54	74	-76.62
54	77	-85.99
54	78	-78.86
54	80	-91.23
54	81	-83.69
54	82	-85.71
54	85	-76.57
54	86	-82.59
54	90	-93.82
54	93	-77.48
54	96	-90.81
54	97	-80.45
54	100	-75.49
55	2	-94.92
55	3	-68.92
55	5	-85.97
55	6	-91.43
55	9	-82.66
55	12	-86.25
55	13	-89.10
55	14	-90.46
55	15	-80.85
55	16	-89.78
55	17	-92.47
55	19	-91.99
55	21	-87.23
55	23	-90.97
55	24	-87.41
55	25	-85.12
55	26	-81.57
55	27	-94.46
55	28	-84.55
55	29	-86.61
55	30	-76.99
55	31	-76.99
55	34	-87.80
55	36	-93.26
55	37	-89.22
55	38	-82.19
55	39	-90.54
55	41	-82.41
55	45	-63.12
55	46	-85.12
55	48	-65.50
55	51	-88.90
55	52	-82.73
55	54	-92.70
55	57	-89.96
55	58	-86.76
55	59	-92.58
55	60	-89.26
55	62	-91.51
55	63	-72.95
55	65	-92.00
55	66	-94.84
55	68	-68.87
55	69	-73.54
55	70	-88.55
55	71	-84.49
55	73	-92.17
55	74	-88.35
55	76	-86.50
55	77	-91.68
55	78	-86.11
55	80	-82.42
55	82	-82.13
55	83	-82.63
55	84	-81.25
55	85	-89.16
55	87	-91.49
55	90	-74.60
55	91	-85.61
55	93	-90.59
55	96	-84.48
55	98	-77.36
55	99	-91.55
56	1	-80.21
56	2	-93.46
56	8	-92.38
56	9	-93.80
56	10	-92.83
56	12	-92.89
56	17	-94.80
56	19	-90.89
56	27	-82.66
56	34	-90.79
56	36	-92.30
56	40	-70.98
56	42	-88.20
56	44	-55.31
56	51	-94.65
56	53	-90.79
56	59	-86.34
56	60	-94.66
56	62	-94.35
56	72	-79.62
56	73	-88.22
56	99	-89.45
57	3	-92.23
57	5	-83.13
57	9	-92.98
57	12	-90.78
57	15	-81.68
57	19	-92.08
57	21	-72.35
57	25	-88.93
57	26	-80.37
57	28	-84.96
57	29	-67.79
57	30	-91.50
57	31	-94.55
57	37	-69.33
57	38	-90.86
57	41	-87.22
57	45	-91.95
57	48	-91.21
57	51	-87.30
57	55	-89.96
57	63	-88.92
57	68	-88.25
57	69	-90.51
57	70	-66.84
57	71	-83.17
57	73	-94.07
57	76	-86.62
57	83	-76.85
57	84	-86.89
57	87	-68.46
57	90	-86.42
57	91	-78.51
57	96	-91.51
57	98	-91.75
58	3	-82.62
58	6	-85.88
58	7	-93.39
58	9	-94.41
58	13	-89.85
58	15	-92.86
58	16	-93.44
58	18	-92.89
58	21	-92.45
58	22	-89.47
58	23	-80.36
58	24	-57.79
58	25	-82.46
58	26	-92.90
58	28	-86.64
58	29	-93.42
58	30	-77.44
58	31	-82.52
58	32	-94.66
58	33	-93.53
58	35	-85.70
58	37	-93.68
58	38	-77.03
58	39	-92.49
58	41	-94.56
58	43	-92.20
58	45	-85.32
58	46	-85.04
58	48	-89.05
58	52	-88.08
58	54	-84.59
58	55	-86.76
58	63	-91.39
58	65	-79.70
58	66	-84.71
58	68	-84.66
58	69	-91.43
58	71	-94.99
58	74	-84.01
58	77	-91.83
58	78	-80.84
58	80	-90.66
58	81	-93.62
58	82	-85.09
58	83	-91.84
58	84	-94.04
58	85	-72.46
58	86	-93.55
58	90	-85.55
58	91	-90.43
58	93	-87.48
58	96	-76.09
58	97	-92.11
58	98	-92.41
58	100	-88.52
59	1	-86.71
59	2	-84.87
59	3	-94.05
59	5	-92.06
59	8	-89.74
59	9	-82.97
59	10	-86.61
59	11	-94.28
59	12	-85.14
59	13	-94.05
59	14	-86.70
59	15	-93.11
59	16	-90.18
59	17	-85.17
59	19	-87.48
59	26	-93.67
59	27	-80.47
59	31	-93.97
59	34	-74.93
59	36	-80.84
59	39	-92.72
59	40	-82.80
59	41	-89.18
59	42	-78.10
59	44	-87.89
59	45	-92.68
59	46	-94.64
59	48	-90.27
59	49	-89.69
59	50	-93.36
59	51	-90.30
59	52	-91.73
59	53	-84.50
59	55	-92.58
59	56	-86.34
59	60	-83.41
59	62	-83.72
59	63	-89.68
59	64	-91.45
59	68	-94.99
59	69	-88.53
59	71	-91.92
59	72	-82.42
59	73	-83.47
59	76	-89.91
59	77	-94.88
59	80	-88.69
59	82	-93.57
59	84	-89.59
59	95	-91.21
59	98	-86.64
59	99	-67.73
60	1	-94.93
60	2	-78.91
60	3	-89.56
60	4	-93.08
60	5	-93.87
60	6	-92.49
60	8	-90.45
60	9	-83.31
60	10	-84.76
60	11	-91.38
60	12	-89.26
60	13	-85.07
60	14	-65.50
60	15	-93.31
60	16	-76.17
60	17	-69.87
60	19	-93.36
60	20	-94.51
60	23	-94.61
60	26	-93.85
60	27	-91.45
60	30	-93.00
60	31	-88.08
60	32	-92.74
60	34	-81.92
60	36	-74.25
60	39	-82.13
60	40	-93.04
60	41	-90.70
60	42	-83.53
60	45	-88.13
60	46	-87.25
60	47	-92.84
60	48	-86.54
60	49	-86.19
60	50	-91.92
60	51	-93.70
60	52	-82.52
60	53	-85.35
60	54	-94.89
60	55	-89.26
60	56	-94.66
60	59	-83.41
60	61	-88.47
60	62	-63.90
60	63	-88.38
60	64	-87.85
60	67	-93.35
60	68	-92.30
60	69	-86.53
60	71	-93.36
60	72	-92.67
60	73	-91.55
60	74	-90.34
60	76	-92.63
60	77	-86.34
60	78	-90.50
60	80	-77.47
60	82	-86.11
60	84	-90.66
60	85	-94.90
60	89	-94.72
60	90	-93.66
60	92	-93.82
60	93	-90.15
60	94	-94.60
60	95	-88.64
60	97	-93.93
60	98	-84.67
60	99	-77.73
61	2	-88.79
61	3	-94.53
61	4	-87.57
61	6	-88.09
61	7	-86.27
61	8	-94.25
61	10	-90.87
61	11	-89.56
61	13	-82.42
61	14	-85.27
61	16	-82.03
61	17	-86.61
61	20	-85.29
61	22	-91.79
61	23	-92.28
61	31	-92.31
61	32	-77.86
61	33	-88.00
61	36	-90.08
61	39	-78.85
61	42	-93.82
61	43	-94.20
61	45	-94.37
61	46	-88.22
61	47	-89.18
61	48	-94.90
61	49	-88.93
61	50	-92.44
61	52	-88.41
61	53	-92.70
61	54	-91.12
61	60	-88.47
61	62	-87.70
61	64	-88.41
61	65	-93.94
61	67	-92.32
61	74	-88.30
61	75	-90.50
61	77	-77.36
61	78	-90.29
61	79	-93.35
61	80	-89.37
61	81	-93.14
61	82	-89.52
61	85	-94.09
61	86	-88.50
61	88	-91.80
61	89	-84.21
61	92	-90.60
61	93	-85.33
61	94	-81.33
61	95	-90.09
61	97	-84.55
61	99	-93.60
61	100	-94.00
62	2	-72.89
62	3	-91.69
62	4	-91.30
62	6	-93.38
62	8	-88.19
62	9	-86.19
62	10	-81.14
62	11	-89.15
62	12	-91.00
62	13	-86.37
62	14	-65.50
62	15	-94.97
62	16	-77.55
62	17	-55.98
62	19	-94.41
62	20	-93.19
62	27	-91.99
62	30	-94.69
62	31	-90.27
62	32	-92.67
62	34	-84.19
62	36	-67.73
62	39	-82.95
62	40	-93.03
62	41	-92.53
62	42	-81.18
62	45	-90.51
62	46	-89.06
62	47	-90.92
62	48	-89.23
62	49	-82.79
62	50	-89.73
62	52	-85.34
62	53	-82.30
62	55	-91.51
62	56	-94.35
62	59	-83.72
62	60	-63.90
62	61	-87.70
62	63	-90.71
62	64	-84.89
62	67	-91.39
62	68	-94.14
62	69	-89.16
62	71	-94.91
62	72	-93.01
62	73	-92.55
62	74	-91.62
62	75	-94.07
62	76	-94.14
62	77	-86.90
62	78	-91.99
62	79	-93.75
62	80	-81.85
62	82	-88.33
62	84	-92.54
62	89	-93.54
62	92	-92.01
62	93	-91.12
62	94	-93.66
62	95	-85.83
62	97	-94.24
62	98	-87.57
62	99	-78.06
63	1	-94.41
63	2	-94.05
63	3	-80.76
63	5	-80.45
63	6	-94.34
63	9	-75.65
63	12	-79.07
63	13	-91.36
63	14	-90.31
63	15	-75.89
63	16	-90.62
63	17	-91.86
63	19	-87.58
63	21	-87.55
63	23	-94.34
63	24	-91.86
63	25	-89.12
63	26	-77.55
63	27	-91.07
63	28	-87.66
63	29	-85.80
63	30	-84.90
63	31	-84.04
63	34	-83.34
63	36	-92.02
63	37	-89.30
63	38	-87.72
63	39	-91.98
63	40	-94.66
63	41	-72.70
63	42	-93.95
63	45	-77.45
63	46	-88.94
63	48	-68.68
63	51	-83.64
63	52	-85.89
63	55	-72.95
63	57	-88.92
63	58	-91.39
63	59	-89.68
63	60	-88.38
63	62	-90.71
63	68	-79.17
63	69	-58.16
63	70	-86.50
63	71	-78.40
63	72	-92.78
63	73	-87.88
63	74	-91.81
63	76	-80.08
63	77	-93.47
63	78	-90.33
63	80	-83.72
63	82	-86.57
63	83	-81.78
63	84	-70.65
63	85	-93.09
63	87	-91.24
63	90	-80.91
63	91	-86.97
63	93	-93.34
63	96	-89.32
63	98	-67.76
63	99	-89.10
64	2	-78.20
64	4	-80.06
64	8	-79.21
64	10	-74.26
64	11	-70.14
64	13	-92.89
64	14	-86.36
64	16	-88.69
64	17	-83.06
64	20	-86.71
64	32	-94.00
64	34	-93.65
64	36	-83.41
64	39	-90.21
64	42	-85.12
64	47	-77.16
64	49	-60.53
64	50	-73.69
64	52	-94.09
64	53	-79.70
64	59	-91.45
64	60	-87.85
64	61	-88.41
64	62	-84.89
64	67	-77.03
64	75	-84.89
64	77	-91.91
64	79	-82.66
64	80	-92.96
64	88	-87.02
64	89	-88.23
64	92	-79.24
64	94	-90.29
64	95	-58.61
64	99	-89.35
65	3	-88.82
65	6	-78.27
65	7	-87.58
65	13	-88.19
65	16	-93.00
65	18	-85.76
65	22	-79.56
65	23	-63.12
65	24	-76.45
65	25	-91.07
65	28	-93.52
65	30	-87.58
65	31	-86.90
65	32	-90.63
65	33	-87.43
65	35	-73.43
65	38	-88.30
65	39	-91.19
65	43	-84.48
65	45	-90.39
65	46	-84.93
65	48	-93.06
65	52	-89.27
65	54	-70.59
65	55	-92.00
65	58	-79.70
65	61	-93.94
65	66	-70.47
65	68	-91.50
65	69	-94.98
65	74	-80.40
65	77	-89.40
65	78	-79.99
65	80	-92.18
65	81	-86.82
65	82	-86.68
65	85	-68.00
65	86	-87.36
65	90	-92.39
65	93	-82.97
65	96	-87.94
65	97	-86.29
65	100	-77.51
66	3	-92.30
66	6	-82.79
66	7	-87.71
66	13	-91.17
66	18	-81.28
66	22	-77.36
66	23	-76.17
66	24	-82.83
66	25	-93.35
66	30	-91.11
66	31	-90.86
66	32	-91.62
66	33	-87.04
66	35	-49.41
66	38	-91.30
66	39	-93.57
66	43	-80.33
66	45	-93.57
66	46	-89.12
66	52	-92.53
66	54	-76.02
66	55	-94.84
66	58	-84.71
66	65	-70.47
66	68	-94.31
66	74	-85.55
