1	6	-90.38
1	16	-94.15
1	19	-94.06
1	21	-94.11
1	24	-82.39
1	31	-92.72
1	36	-93.73
1	37	-89.37
1	38	-90.24
1	39	-91.53
1	47	-87.63
1	49	-93.35
1	62	-85.34
1	63	-76.99
1	66	-86.89
1	67	-94.27
1	75	-90.62
1	77	-86.13
1	78	-85.12
1	79	-87.38
1	83	-87.47
1	89	-90.46
1	90	-91.19
2	3	-93.51
2	4	-81.66
2	5	-84.58
2	7	-89.78
2	8	-88.28
2	9	-77.44
2	11	-91.26
2	13	-93.11
2	14	-87.27
2	15	-90.33
2	16	-91.93
2	17	-77.06
2	18	-81.05
2	19	-93.81
2	21	-93.68
2	23	-83.59
2	25	-75.89
2	26	-82.46
2	27	-90.55
2	29	-74.11
2	30	-90.98
2	32	-80.30
2	33	-79.80
2	34	-90.43
2	35	-80.21
2	36	-93.26
2	40	-90.68
2	41	-91.69
2	42	-82.79
2	43	-92.26
2	44	-89.99
2	45	-90.98
2	46	-88.42
2	48	-67.73
2	50	-84.14
2	51	-65.07
2	52	-91.22
2	53	-85.59
2	54	-83.58
2	56	-73.23
2	57	-92.09
2	58	-82.91
2	60	-60.94
2	61	-86.17
2	64	-84.03
2	65	-86.84
2	67	-93.09
2	68	-69.10
2	69	-90.26
2	70	-92.70
2	71	-75.11
2	72	-87.30
2	74	-90.94
2	80	-83.17
2	81	-78.94
2	82	-78.91
2	85	-73.51
2	86	-83.45
2	87	-88.70
3	2	-93.51
3	4	-86.88
3	7	-87.85
3	9	-91.28
3	11	-74.37
3	13	-78.27
3	15	-94.36
3	16	-91.14
3	19	-84.77
3	21	-84.83
3	25	-92.35
3	26	-85.05
3	27	-85.89
3	28	-68.43
3	29	-94.90
3	30	-84.84
3	31	-85.64
3	36	-86.86
3	37	-90.02
3	38	-89.04
3	39	-88.59
3	41	-68.09
3	43	-67.51
3	45	-75.94
3	46	-81.28
3	47	-91.84
3	48	-92.81
3	49	-85.79
3	50	-93.80
3	51	-91.50
3	53	-94.04
3	54	-91.08
3	56	-90.22
3	60	-94.08
3	65	-82.88
3	66	-94.29
3	67	-85.46
3	68	-94.39
3	69	-78.29
3	70	-63.90
3	72	-79.70
3	75	-89.42
3	77	-93.03
3	78	-93.23
3	80	-91.67
3	82	-88.03
3	83	-91.51
3	84	-82.29
3	85	-91.40
3	87	-81.57
3	88	-85.69
3	89	-94.74
3	90	-89.59
4	2	-81.66
4	3	-86.88
4	5	-91.33
4	7	-88.85
4	9	-83.47
4	11	-85.67
4	13	-89.00
4	14	-94.40
4	15	-92.80
4	16	-92.12
4	17	-89.40
4	18	-90.72
4	19	-91.29
4	21	-91.18
4	23	-87.72
4	25	-75.89
4	26	-75.23
4	27	-88.61
4	28	-90.29
4	29	-87.06
4	30	-88.59
4	31	-93.93
4	32	-88.76
4	33	-90.03
4	35	-89.88
4	36	-91.44
4	41	-83.02
4	42	-87.84
4	43	-83.91
4	44	-93.03
4	45	-85.62
4	46	-83.67
4	48	-82.89
4	50	-81.43
4	51	-76.34
4	53	-82.54
4	54	-86.61
4	56	-78.48
4	58	-92.11
4	60	-84.01
4	61	-93.84
4	64	-89.46
4	65	-69.90
4	67	-90.83
4	68	-81.94
4	69	-79.12
4	70	-84.84
4	71	-87.93
4	72	-79.84
4	75	-94.45
4	80	-76.04
4	81	-86.99
4	82	-77.64
4	84	-90.26
4	85	-73.00
4	86	-92.51
4	87	-75.19
4	88	-90.13
4	90	-93.94
5	2	-84.58
5	4	-91.33
5	6	-91.78
5	7	-87.39
5	8	-87.47
5	9	-79.51
5	10	-91.15
5	11	-93.08
5	13	-93.72
5	14	-78.91
5	15	-80.73
5	16	-87.36
5	17	-79.80
5	18	-72.51
5	19	-92.87
5	21	-92.71
5	22	-86.81
5	23	-93.38
5	25	-90.71
5	26	-88.25
5	27	-89.25
5	29	-75.39
5	30	-90.10
5	32	-90.38
5	33	-87.68
5	34	-83.91
5	35	-68.92
5	36	-91.51
5	40	-91.46
5	42	-92.81
5	45	-92.66
5	46	-90.11
5	48	-80.45
5	50	-94.29
5	51	-86.38
5	52	-89.95
5	54	-79.17
5	55	-92.70
5	56	-83.84
5	57	-80.91
5	58	-86.00
5	59	-91.59
5	60	-81.61
5	61	-79.44
5	64	-92.96
5	65	-93.67
5	66	-93.80
5	67	-91.86
5	68	-88.53
5	71	-75.65
5	72	-90.83
5	73	-93.52
5	74	-79.41
5	75	-93.89
5	79	-93.51
5	80	-93.61
5	81	-90.71
5	82	-85.42
5	85	-89.57
5	86	-83.40
5	87	-94.79
5	89	-90.71
5	90	-92.81
6	1	-90.38
6	5	-91.78
6	7	-88.61
6	9	-93.46
6	10	-86.95
6	11	-94.64
6	13	-93.39
6	15	-83.86
6	16	-83.96
6	19	-90.35
6	21	-90.26
6	22	-92.56
6	24	-78.20
6	27	-89.71
6	30	-90.29
6	31	-92.12
6	35	-94.35
6	36	-88.50
6	37	-88.59
6	38	-89.61
6	39	-93.75
6	45	-94.28
6	46	-93.36
6	47	-91.83
6	49	-94.35
6	54	-90.76
6	55	-92.27
6	57	-92.54
6	62	-78.20
6	63	-89.21
6	66	-79.65
6	67	-89.64
6	73	-86.76
6	74	-93.38
6	75	-87.43
6	77	-85.18
6	78	-86.71
6	79	-67.51
6	82	-94.74
6	83	-90.10
6	89	-73.23
6	90	-86.34
7	2	-89.78
7	3	-87.85
7	4	-88.85
7	5	-87.39
7	6	-88.61
7	9	-82.33
7	11	-80.76
7	13	-79.99
7	14	-93.66
7	15	-80.15
7	16	-70.21
7	17	-91.84
7	18	-90.60
7	19	-76.45
7	21	-75.93
7	24	-91.22
7	25	-92.12
7	26	-81.85
7	27	-60.10
7	28	-90.17
7	29	-88.36
7	30	-65.91
7	31	-84.50
7	35	-89.18
7	36	-72.25
7	37	-84.41
7	38	-84.32
7	39	-89.30
7	41	-88.41
7	43	-89.07
7	45	-79.65
7	46	-75.37
7	47	-89.93
7	48	-86.81
7	49	-88.31
7	51	-88.59
7	54	-77.02
7	56	-84.63
7	57	-93.41
7	60	-89.16
7	61	-93.70
7	62	-93.45
7	63	-92.46
7	65	-89.38
7	66	-85.42
7	67	-73.01
7	68	-92.47
7	69	-90.10
7	70	-88.98
7	71	-89.37
7	72	-80.58
7	74	-93.34
7	75	-81.05
7	77	-86.17
7	78	-87.58
7	79	-88.63
7	80	-93.58
7	82	-81.94
7	83	-88.09
7	85	-90.66
7	86	-94.48
7	87	-90.24
7	89	-83.29
7	90	-78.72
8	2	-88.28
8	5	-87.47
8	9	-91.14
8	14	-77.98
8	15	-94.41
8	17	-80.53
8	18	-82.09
8	22	-91.17
8	23	-90.40
8	25	-92.25
8	29	-85.87
8	32	-85.44
8	33	-80.37
8	34	-77.82
8	35	-84.33
8	40	-71.52
8	42	-89.51
8	44	-91.61
8	48	-88.85
8	50	-94.35
8	51	-90.87
8	52	-67.08
8	53	-94.96
8	54	-92.78
8	56	-91.66
8	57	-87.78
8	58	-72.60
8	59	-89.00
8	60	-87.01
8	61	-75.94
8	64	-88.49
8	68	-88.93
8	71	-84.48
8	74	-85.79
8	80	-94.87
8	81	-87.48
8	82	-93.43
8	85	-92.22
8	86	-70.98
9	2	-77.44
9	3	-91.28
9	4	-83.47
9	5	-79.51
9	6	-93.46
9	7	-82.33
9	8	-91.14
9	11	-87.27
9	13	-88.98
9	14	-87.55
9	15	-83.48
9	16	-85.46
9	17	-82.07
9	18	-81.22
9	19	-89.10
9	21	-88.90
9	22	-93.50
9	23	-90.73
9	25	-84.66
9	26	-77.16
9	27	-84.04
9	28	-93.81
9	29	-74.26
9	30	-84.93
9	31	-92.96
9	32	-88.70
9	33	-87.48
9	34	-90.83
9	35	-78.62
9	36	-87.99
9	37	-93.33
9	38	-93.24
9	40	-93.84
9	41	-90.03
9	42	-90.29
9	43	-90.73
9	44	-94.98
9	45	-86.72
9	46	-82.64
9	48	-68.09
9	49	-94.98
9	50	-89.90
9	51	-76.78
9	52	-93.51
9	53	-90.84
9	54	-68.55
9	56	-66.67
9	57	-90.16
9	58	-88.03
9	60	-75.29
9	61	-87.12
9	64	-91.04
9	65	-87.04
9	66	-93.31
9	67	-87.94
9	68	-83.61
9	69	-89.73
9	70	-91.03
9	71	-76.97
9	72	-82.82
9	74	-89.33
9	75	-91.64
9	77	-94.19
9	79	-94.33
9	80	-88.31
9	81	-88.13
9	82	-69.87
9	85	-82.33
9	86	-87.17
9	87	-88.76
9	89	-91.05
9	90	-90.55
10	5	-91.15
10	6	-86.95
10	12	-87.50
10	14	-92.75
10	15	-89.12
10	16	-92.82
10	18	-93.91
10	20	-88.29
10	22	-82.17
10	24	-92.57
10	34	-92.69
10	35	-93.67
10	54	-94.06
10	55	-75.56
10	57	-86.14
10	59	-91.30
10	61	-93.65
10	62	-90.51
10	66	-93.58
10	73	-68.12
10	74	-88.11
10	76	-87.27
10	79	-90.14
10	89	-90.61
11	2	-91.26
11	3	-74.37
11	4	-85.67
11	5	-93.08
11	6	-94.64
11	7	-80.76
11	9	-87.27
11	13	-66.95
11	15	-90.30
11	16	-85.90
11	17	-94.70
11	18	-94.48
11	19	-77.64
11	21	-77.57
11	25	-91.24
11	26	-80.11
11	27	-77.45
11	28	-80.20
11	29	-92.08
11	30	-75.61
11	31	-82.27
11	35	-93.47
11	36	-80.11
11	37	-86.55
11	38	-85.55
11	39	-87.27
11	41	-77.03
11	43	-78.18
11	45	-43.60
11	46	-69.10
11	47	-90.03
11	48	-89.80
11	49	-84.66
11	50	-93.61
11	51	-89.17
11	53	-94.03
11	54	-86.27
11	56	-86.72
11	60	-91.55
11	63	-94.36
11	65	-83.50
11	66	-90.95
11	67	-77.92
11	68	-92.87
11	69	-82.19
11	70	-77.62
11	71	-92.91
11	72	-71.13
11	75	-85.05
11	77	-89.91
11	78	-90.45
11	79	-94.14
11	80	-91.48
11	82	-83.62
11	83	-89.09
11	84	-88.59
11	85	-89.91
11	87	-83.64
11	88	-90.58
11	89	-91.07
11	90	-84.79
12	10	-87.50
12	14	-93.94
12	20	-49.41
12	22	-84.49
12	34	-92.29
12	55	-79.34
12	57	-89.34
12	59	-84.38
12	61	-94.78
12	73	-89.02
12	74	-90.52
12	76	-28.70
13	2	-93.11
13	3	-78.27
13	4	-89.00
13	5	-93.72
13	6	-93.39
13	7	-79.99
13	9	-88.98
13	11	-66.95
13	15	-89.96
13	16	-84.43
13	19	-70.32
13	21	-70.47
13	24	-93.71
13	25	-93.48
13	26	-84.14
13	27	-75.89
13	28	-81.06
13	29	-93.37
13	30	-73.30
13	31	-76.28
13	35	-94.44
13	36	-75.61
13	37	-82.51
13	38	-81.07
13	39	-83.51
13	41	-82.03
13	43	-82.62
13	45	-66.67
13	46	-74.83
13	47	-86.84
13	48	-91.54
13	49	-80.32
13	51	-91.45
13	54	-87.34
13	56	-89.05
13	60	-93.19
13	63	-92.13
13	65	-87.43
13	66	-88.63
13	67	-72.35
13	68	-94.72
13	69	-86.22
13	70	-81.92
13	71	-94.13
13	72	-78.46
13	75	-80.85
13	77	-86.99
13	78	-87.53
13	79	-92.56
13	80	-93.82
13	82	-86.47
13	83	-85.66
13	84	-90.34
13	85	-92.30
13	87	-87.48
13	88	-92.37
13	89	-89.37
13	90	-80.95
14	2	-87.27
14	4	-94.40
14	5	-78.91
14	7	-93.66
14	8	-77.98
14	9	-87.55
14	10	-92.75
14	12	-93.94
14	15	-89.44
14	16	-93.65
14	17	-78.09
14	18	-73.30
14	20	-94.51
14	22	-85.33
14	23	-92.84
14	25	-92.44
14	26	-93.10
14	27	-94.85
14	29	-81.44
14	32	-88.88
14	33	-84.81
14	34	-68.12
14	35	-76.57
14	40	-85.02
14	42	-92.12
14	44	-95.00
14	48	-86.04
14	51	-89.73
14	52	-81.50
14	54	-88.61
14	55	-92.55
14	56	-89.30
14	57	-78.70
14	58	-80.14
14	59	-86.55
14	60	-85.02
14	61	-54.38
14	64	-91.75
14	68	-89.55
14	71	-79.90
14	74	-74.55
14	76	-93.90
14	81	-90.00
14	82	-91.02
14	85	-91.91
14	86	-74.88
15	2	-90.33
15	3	-94.36
15	4	-92.80
15	5	-80.73
15	6	-83.86
15	7	-80.15
15	8	-94.41
15	9	-83.48
15	10	-89.12
15	11	-90.30
15	13	-89.96
15	14	-89.44
15	16	-75.65
15	17	-89.73
15	18	-86.99
15	19	-87.51
15	21	-87.28
15	22	-89.56
15	24	-90.16
15	25	-94.02
15	26	-88.31
15	27	-83.25
15	29	-86.40
15	30	-84.59
15	31	-91.42
15	33	-94.10
15	34	-91.64
15	35	-85.44
15	36	-85.03
15	37	-89.79
15	38	-90.22
15	39	-94.26
15	41	-94.44
15	43	-94.91
15	45	-89.73
15	46	-87.23
15	47	-93.83
15	48	-87.02
15	49	-94.01
15	51	-90.45
15	54	-77.91
15	55	-92.70
15	56	-87.21
15	57	-87.03
15	58	-93.42
15	60	-88.88
15	61	-89.91
15	62	-91.21
15	63	-94.17
15	65	-94.10
15	66	-86.48
15	67	-86.03
15	68	-93.26
15	70	-94.93
15	71	-87.14
15	72	-89.27
15	73	-91.00
15	74	-87.38
15	75	-87.63
15	77	-89.20
15	78	-90.61
15	79	-86.21
15	82	-86.70
15	83	-92.24
15	85	-92.84
15	86	-92.03
15	87	-94.96
15	89	-80.84
15	90	-85.89
16	1	-94.15
16	2	-91.93
16	3	-91.14
16	4	-92.12
16	5	-87.36
16	6	-83.96
16	7	-70.21
16	9	-85.46
16	10	-92.82
16	11	-85.90
16	13	-84.43
16	14	-93.65
16	15	-75.65
16	17	-92.86
16	18	-91.21
16	19	-79.65
16	21	-79.29
16	22	-94.09
16	24	-87.90
16	25	-94.47
16	26	-86.86
16	27	-74.34
16	28	-92.75
16	29	-89.80
16	30	-76.34
16	31	-85.64
16	35	-89.91
16	36	-74.86
16	37	-83.34
16	38	-83.88
16	39	-89.70
16	41	-91.84
16	43	-92.35
16	45	-85.17
16	46	-82.91
16	47	-89.32
16	48	-89.16
16	49	-89.37
16	51	-91.30
16	54	-80.36
16	56	-88.02
16	57	-92.37
16	60	-91.10
16	61	-93.87
16	62	-90.41
16	63	-90.71
16	65	-92.70
16	66	-80.94
16	67	-77.16
16	68	-94.44
16	69	-93.28
16	70	-92.23
16	71	-90.61
16	72	-86.25
16	73	-93.82
16	74	-92.56
16	75	-79.68
16	77	-83.46
16	78	-85.42
16	79	-84.19
16	82	-86.41
16	83	-87.14
16	85	-93.25
16	87	-93.40
16	89	-76.17
16	90	-76.49
17	2	-77.06
17	4	-89.40
17	5	-79.80
17	7	-91.84
17	8	-80.53
17	9	-82.07
17	11	-94.70
17	14	-78.09
17	15	-89.73
17	16	-92.86
17	18	-67.79
17	22	-91.57
17	23	-87.14
17	25	-85.92
17	26	-88.73
17	27	-92.92
17	29	-69.90
17	30	-93.45
17	32	-81.43
17	33	-75.36
17	34	-83.36
17	35	-70.80
17	40	-85.54
17	42	-86.13
17	44	-91.12
17	45	-94.41
17	46	-92.21
17	48	-77.09
17	50	-90.08
17	51	-82.04
17	52	-85.22
17	53	-91.02
17	54	-85.58
17	56	-82.85
17	57	-87.30
17	58	-72.95
17	59	-92.80
17	60	-72.95
17	61	-75.61
17	64	-86.02
17	65	-92.60
17	68	-81.01
17	69	-94.92
17	71	-65.46
17	72	-91.94
17	74	-85.37
17	80	-90.03
17	81	-82.61
17	82	-85.95
17	85	-85.22
17	86	-70.21
17	87	-93.87
18	2	-81.05
18	4	-90.72
18	5	-72.51
18	7	-90.60
18	8	-82.09
18	9	-81.22
18	10	-93.91
18	11	-94.48
18	14	-73.30
18	15	-86.99
18	16	-91.21
18	17	-67.79
18	21	-94.96
18	22	-88.85
18	23	-90.38
18	25	-88.59
18	26	-89.01
18	27	-91.94
18	29	-69.47
18	30	-92.58
18	32	-86.11
18	33	-81.87
18	34	-80.86
18	35	-56.73
18	36	-94.10
18	40	-87.38
18	42	-89.60
18	44	-93.68
18	45	-94.14
18	46	-91.83
18	48	-78.46
18	50	-92.38
18	51	-84.45
18	52	-85.99
18	53	-93.21
18	54	-83.65
18	55	-94.57
18	56	-83.61
18	57	-83.45
18	58	-78.91
18	59	-91.23
18	60	-77.16
18	61	-71.58
18	64	-89.56
18	65	-93.50
18	67	-94.26
18	68	-85.12
18	71	-65.95
18	72	-91.95
18	74	-81.07
18	80	-92.07
18	81	-86.90
18	82	-86.17
18	85	-87.68
18	86	-74.66
18	87	-94.70
18	89	-94.17
19	1	-94.06
19	2	-93.81
19	3	-84.77
19	4	-91.29
19	5	-92.87
19	6	-90.35
19	7	-76.45
19	9	-89.10
19	11	-77.64
19	13	-70.32
19	15	-87.51
19	16	-79.65
19	21	-28.70
19	24	-90.61
19	25	-94.86
19	26	-86.35
19	27	-71.91
19	28	-86.25
19	29	-93.34
19	30	-69.38
19	31	-72.48
19	35	-94.08
19	36	-61.70
19	37	-76.17
19	38	-74.69
19	39	-81.92
19	41	-87.14
19	43	-87.62
19	45	-76.89
19	46	-78.66
19	47	-83.94
19	48	-91.93
19	49	-80.08
19	51	-92.54
19	54	-86.53
19	56	-89.93
19	60	-93.61
19	62	-93.59
19	63	-89.27
19	65	-90.55
19	66	-83.96
19	67	-54.57
19	69	-90.03
19	70	-87.17
19	71	-94.08
19	72	-82.79
19	75	-72.07
19	77	-82.00
19	78	-83.06
19	79	-89.17
19	82	-87.68
19	83	-81.68
19	84	-93.49
19	85	-93.72
19	87	-90.81
19	89	-85.18
19	90	-71.70
20	10	-88.29
20	12	-49.41
20	14	-94.51
20	22	-85.67
20	34	-92.88
20	55	-80.70
20	57	-90.18
20	59	-85.12
20	73	-89.60
20	74	-91.28
20	76	-51.76
21	1	-94.11
21	2	-93.68
21	3	-84.83
21	4	-91.18
21	5	-92.71
21	6	-90.26
21	7	-75.93
21	9	-88.90
21	11	-77.57
21	13	-70.47
21	15	-87.28
21	16	-79.29
21	18	-94.96
21	19	-28.70
21	24	-90.60
21	25	-94.76
21	26	-86.17
21	27	-71.21
21	28	-86.37
21	29	-93.19
21	30	-68.57
21	31	-73.13
21	35	-93.93
21	36	-60.53
21	37	-76.46
21	38	-75.09
21	39	-82.26
21	41	-87.14
21	43	-87.62
21	45	-76.78
21	46	-78.37
21	47	-84.18
21	48	-91.77
21	49	-80.47
21	51	-92.40
21	54	-86.28
21	56	-89.76
21	60	-93.47
21	62	-93.56
21	63	-89.37
21	65	-90.47
21	66	-83.93
21	67	-52.05
21	69	-89.99
21	70	-87.19
21	71	-93.94
21	72	-82.62
21	75	-72.25
21	77	-82.09
21	78	-83.18
21	79	-89.11
21	82	-87.49
21	83	-81.92
21	84	-93.53
21	85	-93.60
21	87	-90.76
21	89	-85.05
21	90	-71.65
22	5	-86.81
22	6	-92.56
22	8	-91.17
22	9	-93.50
22	10	-82.17
22	12	-84.49
22	14	-85.33
22	15	-89.56
22	16	-94.09
22	17	-91.57
22	18	-88.85
22	20	-85.67
22	29	-91.61
22	33	-94.99
22	34	-84.01
22	35	-89.12
22	40	-94.03
22	48	-93.80
22	52	-91.43
22	54	-92.71
22	55	-79.29
22	57	-72.25
22	58	-92.89
22	59	-81.66
22	60	-93.92
22	61	-86.89
22	71	-91.28
22	73	-86.60
22	74	-76.60
22	76	-84.30
22	79	-94.84
22	86	-90.96
22	89	-93.99
23	2	-83.59
23	4	-87.72
23	5	-93.38
23	8	-90.40
23	9	-90.73
23	14	-92.84
23	17	-87.14
23	18	-90.38
23	25	-79.61
23	26	-91.36
23	29	-88.69
23	32	-72.95
23	33	-81.07
23	34	-94.46
23	35	-90.66
23	40	-90.30
23	42	-50.17
23	44	-76.46
23	48	-87.68
23	50	-77.72
23	51	-84.64
23	52	-92.44
23	53	-78.76
23	54	-93.49
23	56	-88.62
23	58	-86.03
23	60	-85.64
23	61	-91.85
23	64	-63.30
23	65	-90.79
23	68	-77.29
23	69	-93.41
23	71	-88.47
23	72	-93.86
23	80	-81.92
23	81	-68.46
23	82	-90.43
23	85	-82.22
23	86	-88.35
23	87	-91.89
24	1	-82.39
24	6	-78.20
24	7	-91.22
24	10	-92.57
24	13	-93.71
24	15	-90.16
24	16	-87.90
24	19	-90.61
24	21	-90.60
24	27	-91.57
24	30	-91.81
24	31	-90.87
24	36	-89.39
24	37	-86.31
24	38	-87.64
24	39	-91.48
24	46	-94.88
24	47	-88.24
24	49	-92.74
24	54	-94.32
24	62	-71.63
24	63	-81.87
24	66	-76.45
24	67	-90.38
24	73	-91.76
24	75	-86.36
24	77	-80.86
24	78	-81.74
24	79	-70.14
24	83	-86.54
24	89	-80.08
24	90	-86.15
25	2	-75.89
25	3	-92.35
25	4	-75.89
25	5	-90.71
25	7	-92.12
25	8	-92.25
25	9	-84.66
25	11	-91.24
25	13	-93.48
25	14	-92.44
25	15	-94.02
25	16	-94.47
25	17	-85.92
25	18	-88.59
25	19	-94.86
25	21	-94.76
25	23	-79.61
25	26	-83.33
25	27	-92.34
25	28	-94.76
25	29	-84.93
25	30	-92.50
25	32	-81.64
25	33	-84.55
25	34	-94.62
25	35	-88.15
25	36	-94.72
25	40	-93.43
25	41	-89.79
25	42	-79.70
25	43	-90.32
25	44	-88.02
25	45	-91.13
25	46	-89.31
25	48	-81.28
25	50	-73.01
25	51	-72.40
25	52	-94.45
25	53	-75.93
25	54	-88.52
25	56	-80.21
25	58	-88.07
25	60	-80.21
25	61	-91.61
25	64	-82.42
25	65	-82.62
25	67	-94.36
25	68	-69.71
25	69	-87.14
25	70	-90.94
25	71	-85.43
25	72	-87.29
25	80	-70.14
25	81	-78.37
25	82	-82.45
25	84	-94.22
25	85	-58.61
25	86	-89.17
25	87	-84.78
25	88	-93.70
26	2	-82.46
26	3	-85.05
26	4	-75.23
26	5	-88.25
26	7	-81.85
26	9	-77.16
26	11	-80.11
26	13	-84.14
26	14	-93.10
26	15	-88.31
26	16	-86.86
26	17	-88.73
26	18	-89.01
26	19	-86.35
26	21	-86.17
26	23	-91.36
26	25	-83.33
26	27	-81.68
26	28	-88.91
26	29	-84.93
26	30	-81.85
26	31	-90.39
26	32	-91.00
26	33	-91.12
26	35	-87.68
26	36	-86.19
26	37	-92.01
26	38	-91.61
26	39	-93.70
26	41	-82.58
26	42	-91.23
26	43	-83.73
26	45	-79.56
26	46	-74.00
26	48	-80.32
26	49	-92.29
26	50	-88.14
26	51	-78.35
26	53	-88.98
26	54	-79.61
26	56	-73.13
26	57	-94.96
26	58	-92.37
26	60	-83.27
26	61	-92.72
26	64	-92.32
26	65	-78.35
26	66	-93.63
26	67	-85.46
26	68	-85.42
26	69	-82.22
26	70	-84.28
26	71	-86.22
26	72	-69.40
26	74	-94.42
26	75	-90.42
26	77	-93.73
26	78	-94.44
26	80	-85.30
26	81	-89.90
26	82	-64.41
26	83	-94.14
26	84	-91.58
26	85	-80.66
26	86	-92.20
26	87	-81.01
26	88	-92.25
26	89	-92.42
26	90	-89.62
27	2	-90.55
27	3	-85.89
27	4	-88.61
27	5	-89.25
27	6	-89.71
27	7	-60.10
27	9	-84.04
27	11	-77.45
27	13	-75.89
27	14	-94.85
27	15	-83.25
27	16	-74.34
27	17	-92.92
27	18	-91.94
27	19	-71.91
27	21	-71.21
27	24	-91.57
27	25	-92.34
27	26	-81.68
27	28	-88.38
27	29	-89.71
27	30	-50.17
27	31	-82.13
27	35	-90.66
27	36	-68.09
27	37	-83.00
27	38	-82.62
27	39	-87.71
27	41	-86.86
27	43	-87.55
27	45	-76.09
27	46	-72.35
27	47	-88.80
27	48	-87.99
27	49	-86.40
27	51	-89.16
27	54	-80.14
27	56	-85.55
27	57	-94.74
27	60	-90.17
27	61	-94.85
27	62	-93.97
27	63	-92.04
27	65	-88.66
27	66	-85.64
27	67	-67.38
27	68	-92.97
27	69	-89.04
27	70	-87.38
27	71	-90.66
27	72	-78.87
27	74	-94.66
27	75	-79.51
27	77	-85.67
27	78	-86.95
27	79	-89.38
27	80	-93.52
27	82	-82.65
27	83	-86.95
27	84	-94.00
27	85	-90.92
27	87	-89.39
27	89	-84.55
27	90	-77.44
28	3	-68.43
28	4	-90.29
28	7	-90.17
28	9	-93.81
28	11	-80.20
28	13	-81.06
28	16	-92.75
28	19	-86.25
28	21	-86.37
28	25	-94.76
28	26	-88.91
28	27	-88.38
28	30	-87.40
28	31	-85.39
28	36	-88.45
28	37	-90.16
28	38	-89.09
28	39	-87.30
28	41	-77.31
28	43	-76.32
28	45	-81.25
28	46	-85.54
28	47	-91.12
28	49	-84.19
28	51	-94.11
28	54	-93.45
28	56	-93.02
28	65	-87.02
28	66	-94.82
28	67	-87.22
28	69	-83.18
28	70	-74.34
28	72	-84.89
28	75	-90.01
28	77	-93.26
28	78	-93.26
28	80	-94.03
28	82	-91.22
28	83	-91.14
28	84	-81.61
28	85	-93.99
28	87	-85.78
28	88	-85.85
28	90	-90.47
29	2	-74.11
29	3	-94.90
29	4	-87.06
29	5	-75.39
29	7	-88.36
29	8	-85.87
29	9	-74.26
29	11	-92.08
29	13	-93.37
29	14	-81.44
29	15	-86.40
29	16	-89.80
29	17	-69.90
29	18	-69.47
29	19	-93.34
29	21	-93.19
29	22	-91.61
29	23	-88.69
29	25	-84.93
29	26	-84.93
29	27	-89.71
29	30	-90.38
29	32	-84.80
29	33	-81.68
29	34	-86.19
29	35	-65.50
29	36	-92.38
29	40	-89.67
29	41	-93.69
29	42	-87.93
29	43	-94.23
29	44	-92.96
29	45	-91.71
29	46	-88.96
29	48	-67.51
29	50	-89.91
29	51	-78.57
29	52	-89.18
29	53	-90.89
29	54	-79.79
29	56	-76.99
29	57	-87.36
29	58	-81.41
29	59	-94.05
29	60	-66.84
29	61	-80.32
29	64	-88.32
29	65	-90.54
29	67	-92.44
29	68	-81.21
29	69	-93.04
29	70	-94.52
29	71	-51.76
29	72	-88.85
29	74	-85.83
29	80	-89.20
29	81	-84.93
29	82	-81.06
29	85	-83.45
29	86	-79.70
29	87	-91.99
29	89	-93.61
29	90	-94.14
30	2	-90.98
30	3	-84.84
30	4	-88.59
30	5	-90.10
30	6	-90.29
30	7	-65.91
30	9	-84.93
30	11	-75.61
30	13	-73.30
30	15	-84.59
30	16	-76.34
30	17	-93.45
30	18	-92.58
30	19	-69.38
30	21	-68.57
30	24	-91.81
30	25	-92.50
30	26	-81.85
30	27	-50.17
30	28	-87.40
30	29	-90.38
30	31	-80.86
30	35	-91.36
30	36	-66.95
30	37	-82.42
30	38	-81.85
30	39	-86.88
30	41	-86.08
30	43	-86.78
30	45	-74.11
30	46	-71.38
30	47	-88.26
30	48	-88.61
30	49	-85.37
30	51	-89.52
30	54	-81.58
30	56	-86.11
30	60	-90.70
30	62	-94.26
30	63	-91.89
30	65	-88.38
30	66	-85.90
30	67	-64.56
30	68	-93.26
30	69	-88.54
30	70	-86.55
30	71	-91.29
30	72	-78.27
30	75	-78.99
30	77	-85.56
30	78	-86.75
30	79	-89.81
30	80	-93.55
30	82	-83.20
30	83	-86.45
30	84	-93.46
30	85	-91.12
30	87	-89.02
30	88	-94.87
30	89	-85.27
30	90	-77.22
31	1	-92.72
31	3	-85.64
31	4	-93.93
31	6	-92.12
31	7	-84.50
31	9	-92.96
31	11	-82.27
31	13	-76.28
31	15	-91.42
31	16	-85.64
31	19	-72.48
31	21	-73.13
31	24	-90.87
31	26	-90.39
31	27	-82.13
31	28	-85.39
31	30	-80.86
31	36	-77.03
31	37	-72.25
31	38	-68.00
31	39	-71.58
31	41	-88.77
31	43	-88.97
31	45	-82.19
31	46	-84.90
31	47	-77.55
31	49	-68.26
31	54	-91.10
31	56	-93.46
31	62	-94.09
31	63	-86.95
31	65	-92.81
31	66	-85.08
31	67	-75.97
31	69	-91.76
31	70	-88.37
31	72	-87.25
31	75	-73.85
31	77	-81.06
31	78	-80.91
31	79	-90.45
31	82	-91.67
31	83	-75.89
31	84	-93.51
31	87	-92.75
31	89	-87.91
31	90	-76.76
32	2	-80.30
32	4	-88.76
32	5	-90.38
32	8	-85.44
32	9	-88.70
32	14	-88.88
32	17	-81.43
32	18	-86.11
32	23	-72.95
32	25	-81.64
32	26	-91.00
32	29	-84.80
32	33	-69.10
32	34	-90.87
32	35	-86.78
32	40	-85.89
32	42	-69.69
32	44	-81.07
32	46	-94.73
32	48	-84.82
32	50	-83.84
32	51	-83.35
32	52	-88.39
32	53	-84.94
32	54	-91.74
32	56	-87.09
32	57	-94.41
32	58	-78.68
32	60	-81.69
32	61	-87.54
32	64	-67.54
32	65	-92.03
32	68	-75.11
32	69	-94.57
32	71	-84.16
32	72	-93.80
32	74	-93.20
32	80	-85.73
32	81	-60.10
32	82	-89.45
32	85	-82.97
32	86	-82.42
32	87	-93.22
33	2	-79.80
33	4	-90.03
33	5	-87.68
33	8	-80.37
33	9	-87.48
33	14	-84.81
33	15	-94.10
33	17	-75.36
33	18	-81.87
33	22	-94.99
33	23	-81.07
33	25	-84.55
33	26	-91.12
33	29	-81.68
33	32	-69.10
33	34	-87.32
33	35	-83.18
33	40	-82.39
33	42	-79.31
33	44	-85.54
33	46	-94.62
33	48	-83.31
33	50	-87.57
33	51	-83.88
33	52	-84.71
33	53	-88.54
33	54	-90.50
33	56	-86.64
33	57	-91.86
33	58	-68.55
33	59	-94.86
33	60	-79.62
33	61	-82.99
33	64	-78.03
33	65	-93.16
33	68	-78.35
33	71	-80.40
33	72	-93.97
33	74	-90.38
33	80	-88.57
33	81	-74.16
33	82	-89.20
33	85	-84.96
33	86	-75.23
33	87	-94.34
34	2	-90.43
34	5	-83.91
34	8	-77.82
34	9	-90.83
34	10	-92.69
34	12	-92.29
34	14	-68.12
34	15	-91.64
34	17	-83.36
34	18	-80.86
34	20	-92.88
34	22	-84.01
34	23	-94.46
34	25	-94.62
34	29	-86.19
34	32	-90.87
34	33	-87.32
34	35	-82.89
34	40	-84.27
34	42	-93.80
34	48	-89.62
34	51	-92.50
34	52	-78.99
34	54	-91.54
34	55	-91.68
34	56	-92.24
34	57	-78.66
34	58	-82.98
34	59	-82.41
34	60	-88.73
34	61	-70.98
34	64	-93.30
34	68	-92.07
34	71	-85.06
34	74	-75.11
34	76	-92.26
34	81	-92.03
34	82	-93.66
34	85	-94.25
34	86	-79.31
35	2	-80.21
35	4	-89.88
35	5	-68.92
35	6	-94.35
35	7	-89.18
35	8	-84.33
35	9	-78.62
35	10	-93.67
35	11	-93.47
35	13	-94.44
35	14	-76.57
35	15	-85.44
35	16	-89.91
35	17	-70.80
35	18	-56.73
35	19	-94.08
35	21	-93.93
35	22	-89.12
35	23	-90.66
35	25	-88.15
35	26	-87.68
35	27	-90.66
35	29	-65.50
35	30	-91.36
35	32	-86.78
35	33	-83.18
35	34	-82.89
35	36	-93.00
35	40	-88.93
35	42	-89.93
35	44	-94.13
35	45	-93.10
35	46	-90.60
35	48	-76.24
35	50	-92.19
35	51	-83.41
35	52	-87.74
35	53	-93.03
35	54	-81.28
35	55	-94.62
35	56	-81.85
35	57	-83.88
35	58	-81.22
35	59	-92.04
35	60	-75.89
35	61	-75.65
35	64	-90.05
35	65	-92.74
35	67	-93.18
35	68	-84.95
35	69	-94.84
35	71	-63.30
35	72	-90.81
35	74	-81.86
35	80	-91.68
35	81	-87.30
35	82	-84.53
35	85	-87.04
35	86	-78.05
35	87	-93.98
35	89	-93.23
35	90	-94.46
36	1	-93.73
36	2	-93.26
36	3	-86.86
36	4	-91.44
36	5	-91.51
36	6	-88.50
36	7	-72.25
36	9	-87.99
36	11	-80.11
36	13	-75.61
36	15	-85.03
36	16	-74.86
36	18	-94.10
36	19	-61.70
36	21	-60.53
36	24	-89.39
36	25	-94.72
36	26	-86.19
36	27	-68.09
36	28	-88.45
36	29	-92.38
36	30	-66.95
36	31	-77.03
36	35	-93.00
36	37	-76.76
36	38	-76.32
36	39	-84.21
36	41	-88.58
36	43	-89.09
36	45	-79.24
36	46	-79.07
36	47	-85.05
36	48	-91.12
36	49	-83.17
36	51	-92.12
36	54	-84.76
36	56	-89.26
36	60	-92.90
36	62	-92.45
36	63	-89.13
36	65	-91.12
36	66	-81.96
36	67	-52.83
36	69	-90.98
36	70	-88.76
36	71	-93.16
36	72	-83.43
36	75	-70.98
36	77	-81.01
36	78	-82.61
36	79	-87.43
36	82	-87.07
36	83	-82.51
36	84	-94.69
36	85	-93.53
36	87	-91.54
36	89	-82.45
36	90	-67.73
37	1	-89.37
37	3	-90.02
37	6	-88.59
37	7	-84.41
37	9	-93.33
37	11	-86.55
37	13	-82.51
37	15	-89.79
37	16	-83.34
37	19	-76.17
37	21	-76.46
37	24	-86.31
37	26	-92.01
37	27	-83.00
37	28	-90.16
37	30	-82.42
37	31	-72.25
37	36	-76.76
37	38	-52.83
37	39	-76.78
37	41	-92.16
37	43	-92.40
37	45	-86.27
37	46	-87.38
37	47	-73.97
37	49	-78.66
37	54	-91.04
37	56	-94.26
37	62	-90.60
37	63	-81.97
37	65	-94.98
37	66	-78.02
37	67	-77.64
37	69	-94.42
37	70	-91.98
37	72	-89.79
37	75	-62.32
37	77	-69.90
37	78	-70.21
37	79	-86.04
37	82	-92.74
37	83	-66.84
37	89	-83.46
37	90	-69.52
38	1	-90.24
38	3	-89.04
38	6	-89.61
38	7	-84.32
38	9	-93.24
38	11	-85.55
38	13	-81.07
38	15	-90.22
38	16	-83.88
38	19	-74.69
38	21	-75.09
38	24	-87.64
38	26	-91.61
38	27	-82.62
38	28	-89.09
38	30	-81.85
38	31	-68.00
38	36	-76.32
38	37	-52.83
38	39	-74.66
38	41	-91.38
38	43	-91.61
38	45	-85.29
38	46	-86.74
38	47	-73.80
38	49	-76.24
38	54	-91.04
38	56	-94.07
38	62	-91.59
38	63	-83.24
38	65	-94.47
38	66	-80.21
38	67	-76.76
38	69	-93.80
38	70	-91.15
38	72	-89.17
38	75	-64.51
38	77	-73.69
38	78	-73.64
38	79	-87.33
38	82	-92.47
38	83	-68.03
38	87	-94.55
38	89	-84.74
38	90	-70.98
39	1	-91.53
39	3	-88.59
39	6	-93.75
39	7	-89.30
39	11	-87.27
39	13	-83.51
39	15	-94.26
39	16	-89.70
39	19	-81.92
39	21	-82.26
39	24	-91.48
39	26	-93.70
39	27	-87.71
39	28	-87.30
39	30	-86.88
39	31	-71.58
39	36	-84.21
39	37	-76.78
39	38	-74.66
39	41	-91.49
39	43	-91.52
39	45	-87.33
39	46	-89.55
39	47	-70.98
39	49	-63.95
39	54	-94.33
39	62	-94.68
39	63	-85.18
39	66	-87.11
39	67	-83.78
39	69	-94.11
39	70	-90.94
39	72	-91.14
39	75	-80.33
39	77	-82.65
39	78	-81.35
39	79	-91.87
39	82	-94.79
39	83	-73.84
39	84	-94.62
39	89	-90.44
39	90	-82.74
40	2	-90.68
40	5	-91.46
40	8	-71.52
40	9	-93.84
40	14	-85.02
40	17	-85.54
40	18	-87.38
40	22	-94.03
40	23	-90.30
40	25	-93.43
40	29	-89.67
40	32	-85.89
40	33	-82.39
40	34	-84.27
40	35	-88.93
40	42	-89.47
40	44	-90.17
40	48	-91.71
40	50	-94.83
40	51	-92.86
40	52	-69.33
40	56	-93.96
40	57	-91.58
40	58	-78.37
40	59	-91.14
40	60	-89.99
40	61	-83.83
40	64	-88.06
40	68	-90.45
40	71	-88.64
40	74	-90.12
40	81	-88.07
40	85	-93.66
40	86	-79.95
41	2	-91.69
41	3	-68.09
41	4	-83.02
41	7	-88.41
41	9	-90.03
41	11	-77.03
41	13	-82.03
41	15	-94.44
41	16	-91.84
41	19	-87.14
41	21	-87.14
41	25	-89.79
41	26	-82.58
41	27	-86.86
41	28	-77.31
41	29	-93.69
41	30	-86.08
41	31	-88.77
41	36	-88.58
41	37	-92.16
41	38	-91.38
41	39	-91.49
41	43	-47.08
41	45	-78.10
41	46	-81.18
41	47	-94.08
41	48	-91.28
41	49	-89.28
41	50	-91.27
41	51	-89.30
41	53	-91.52
41	54	-90.44
41	56	-88.36
41	60	-92.51
41	65	-76.85
41	67	-87.41
41	68	-92.38
41	69	-68.68
41	70	-54.38
41	71	-94.39
41	72	-77.64
41	75	-91.38
41	77	-94.66
41	78	-94.95
41	80	-88.70
41	82	-86.13
41	83	-93.65
41	84	-81.22
41	85	-88.78
41	87	-74.49
41	88	-83.76
41	90	-91.32
42	2	-82.79
42	4	-87.84
42	5	-92.81
42	8	-89.51
42	9	-90.29
42	14	-92.12
42	17	-86.13
42	18	-89.60
42	23	-50.17
42	25	-79.70
42	26	-91.23
42	29	-87.93
42	32	-69.69
42	33	-79.31
42	34	-93.80
42	35	-89.93
42	40	-89.47
42	44	-76.96
42	46	-94.99
42	48	-87.06
42	50	-79.04
42	51	-84.21
42	52	-91.69
42	53	-80.15
42	54	-93.12
42	56	-88.24
42	58	-84.81
42	60	-84.81
42	61	-91.08
42	64	-58.61
42	65	-91.00
42	68	-76.28
42	69	-93.62
42	71	-87.66
42	72	-93.81
42	80	-82.64
42	81	-64.36
42	82	-90.17
42	85	-82.13
42	86	-87.32
42	87	-92.13
43	2	-92.26
43	3	-67.51
43	4	-83.91
43	7	-89.07
43	9	-90.73
43	11	-78.18
43	13	-82.62
43	15	-94.91
43	16	-92.35
43	19	-87.62
43	21	-87.62
43	25	-90.32
43	26	-83.73
43	27	-87.55
43	28	-76.32
43	29	-94.23
43	30	-86.78
43	31	-88.97
43	36	-89.09
43	37	-92.40
43	38	-91.61
43	39	-91.52
43	41	-47.08
43	45	-79.22
43	46	-82.33
43	47	-94.17
43	48	-91.90
43	49	-89.30
43	50	-91.61
43	51	-89.96
43	53	-91.83
43	54	-91.11
43	56	-89.12
43	60	-93.07
43	65	-77.94
43	67	-87.94
43	68	-92.87
43	69	-69.47
43	70	-47.08
43	71	-94.90
43	72	-79.21
43	75	-91.70
43	77	-94.90
43	80	-89.12
43	82	-87.04
43	83	-93.81
43	84	-79.90
43	85	-89.39
43	87	-75.36
43	88	-82.82
43	90	-91.69
44	2	-89.99
44	4	-93.03
44	8	-91.61
44	9	-94.98
44	14	-95.00
44	17	-91.12
44	18	-93.68
44	23	-76.46
44	25	-88.02
44	29	-92.96
44	32	-81.07
44	33	-85.54
44	35	-94.13
44	40	-90.17
44	42	-76.96
44	48	-92.68
44	50	-85.85
44	51	-90.97
44	52	-92.91
44	53	-85.93
44	56	-93.60
44	58	-88.74
44	60	-91.08
44	61	-94.13
44	64	-74.66
44	68	-86.54
44	71	-92.63
44	80	-88.79
44	81	-81.14
44	82	-94.97
44	85	-89.56
44	86	-90.96
45	2	-90.98
45	3	-75.94
45	4	-85.62
45	5	-92.66
45	6	-94.28
45	7	-79.65
45	9	-86.72
45	11	-43.60
45	13	-66.67
45	15	-89.73
45	16	-85.17
45	17	-94.41
45	18	-94.14
45	19	-76.89
45	21	-76.78
45	25	-91.13
45	26	-79.56
45	27	-76.09
45	28	-81.25
45	29	-91.71
45	30	-74.11
45	31	-82.19
45	35	-93.10
45	36	-79.24
45	37	-86.27
45	38	-85.29
45	39	-87.33
45	41	-78.10
45	43	-79.22
45	46	-66.84
45	47	-89.96
45	48	-89.40
45	49	-84.84
45	50	-93.60
45	51	-88.90
45	53	-94.04
45	54	-85.58
45	56	-86.28
45	60	-91.23
45	63	-94.21
45	65	-83.73
45	66	-90.58
45	67	-76.97
45	68	-92.69
45	69	-82.74
45	70	-78.76
45	71	-92.56
45	72	-70.40
45	75	-84.61
45	77	-89.61
45	78	-90.20
45	79	-93.80
45	80	-91.49
45	82	-83.06
45	83	-88.93
45	84	-89.17
45	85	-89.76
45	87	-84.01
45	88	-91.04
45	89	-90.61
45	90	-84.26
46	2	-88.42
46	3	-81.28
46	4	-83.67
46	5	-90.11
46	6	-93.36
46	7	-75.37
46	9	-82.64
46	11	-69.10
46	13	-74.83
46	15	-87.23
46	16	-82.91
46	17	-92.21
46	18	-91.83
46	19	-78.66
46	21	-78.37
46	24	-94.88
46	25	-89.31
46	26	-74.00
46	27	-72.35
46	28	-85.54
46	29	-88.96
46	30	-71.38
46	31	-84.90
46	32	-94.73
46	33	-94.62
46	35	-90.60
46	36	-79.07
46	37	-87.38
46	38	-86.74
46	39	-89.55
46	41	-81.18
46	42	-94.99
46	43	-82.33
46	45	-66.84
46	47	-91.38
46	48	-86.25
46	49	-87.72
46	50	-92.47
46	51	-86.13
46	53	-93.04
46	54	-81.17
46	56	-82.42
46	60	-88.55
46	61	-94.93
46	63	-94.80
46	65	-83.17
46	66	-90.34
46	67	-77.45
46	68	-90.70
46	69	-83.78
46	70	-82.33
46	71	-90.00
46	72	-64.51
46	75	-85.32
46	77	-89.99
46	78	-90.79
46	79	-93.19
46	80	-90.29
46	81	-93.95
46	82	-78.06
46	83	-90.17
46	84	-91.08
46	85	-87.63
46	86	-94.98
46	87	-84.18
46	88	-92.44
46	89	-89.61
46	90	-84.43
47	1	-87.63
47	3	-91.84
47	6	-91.83
47	7	-89.93
47	11	-90.03
47	13	-86.84
47	15	-93.83
47	16	-89.32
47	19	-83.94
47	21	-84.18
47	24	-88.24
47	27	-88.80
47	28	-91.12
47	30	-88.26
47	31	-77.55
47	36	-85.05
47	37	-73.97
47	38	-73.80
47	39	-70.98
47	41	-94.08
47	43	-94.17
47	45	-89.96
47	46	-91.38
47	49	-77.47
47	54	-94.79
47	62	-92.14
47	63	-78.54
47	66	-83.88
47	67	-85.22
47	70	-93.72
47	72	-93.05
47	75	-79.22
47	77	-77.66
47	78	-74.66
47	79	-89.34
47	83	-61.77
47	89	-88.58
47	90	-81.85
48	2	-67.73
48	3	-92.81
48	4	-82.89
48	5	-80.45
48	7	-86.81
48	8	-88.85
48	9	-68.09
48	11	-89.80
48	13	-91.54
48	14	-86.04
48	15	-87.02
48	16	-89.16
48	17	-77.09
48	18	-78.46
48	19	-91.93
48	21	-91.77
48	22	-93.80
48	23	-87.68
48	25	-81.28
48	26	-80.32
48	27	-87.99
48	29	-67.51
48	30	-88.61
48	32	-84.82
48	33	-83.31
48	34	-89.62
48	35	-76.24
48	36	-91.12
48	40	-91.71
48	41	-91.28
48	42	-87.06
48	43	-91.90
48	44	-92.68
48	45	-89.40
48	46	-86.25
48	50	-87.63
48	51	-70.88
48	52	-91.66
48	53	-88.77
48	54	-78.02
48	56	-67.08
48	57	-90.30
48	58	-84.55
48	60	-62.12
48	61	-85.18
48	64	-87.89
48	65	-87.33
48	67	-91.02
48	68	-78.35
48	69	-90.40
48	70	-92.27
48	71	-71.07
48	72	-85.66
48	74	-89.17
48	75	-94.15
48	80	-86.33
48	81	-84.18
48	82	-74.88
48	85	-78.80
48	86	-83.99
48	87	-89.13
48	89	-93.56
48	90	-93.26
49	1	-93.35
49	3	-85.79
49	6	-94.35
49	7	-88.31
49	9	-94.98
49	11	-84.66
49	13	-80.32
49	15	-94.01
49	16	-89.37
49	19	-80.08
49	21	-80.47
49	24	-92.74
49	26	-92.29
49	27	-86.40
49	28	-84.19
49	30	-85.37
49	31	-68.26
49	36	-83.17
49	37	-78.66
49	38	-76.24
49	39	-63.95
49	41	-89.28
49	43	-89.30
49	45	-84.84
49	46	-87.72
49	47	-77.47
49	54	-93.53
49	63	-87.86
49	65	-93.71
49	66	-88.28
49	67	-82.30
49	69	-92.31
49	70	-88.61
49	72	-89.30
49	75	-80.84
49	77	-84.59
49	78	-83.88
49	79	-92.75
49	82	-93.61
49	83	-78.37
49	84	-92.86
49	87	-93.45
49	88	-94.98
49	89	-90.95
49	90	-82.90
50	2	-84.14
50	3	-93.80
50	4	-81.43
50	5	-94.29
50	8	-94.35
50	9	-89.90
50	11	-93.61
50	17	-90.08
50	18	-92.38
50	23	-77.72
50	25	-73.01
50	26	-88.14
50	29	-89.91
50	32	-83.84
50	33	-87.57
50	35	-92.19
50	40	-94.83
50	41	-91.27
50	42	-79.04
50	43	-91.61
50	44	-85.85
50	45	-93.60
50	46	-92.47
50	48	-87.63
50	51	-82.64
50	53	-52.05
50	54	-92.65
50	56	-86.90
50	58	-90.84
50	60	-86.71
50	61	-94.48
50	64	-82.09
50	65	-84.80
50	68	-79.24
50	69	-88.28
50	70	-92.23
50	71	-90.15
50	72	-90.59
50	80	-65.50
50	81	-80.84
50	82	-88.07
50	84	-94.13
50	85	-77.17
50	86	-92.13
50	87	-86.07
50	88	-93.10
51	2	-65.07
51	3	-91.50
51	4	-76.34
51	5	-86.38
51	7	-88.59
51	8	-90.87
51	9	-76.78
51	11	-89.17
51	13	-91.45
51	14	-89.73
51	15	-90.45
51	16	-91.30
51	17	-82.04
51	18	-84.45
51	19	-92.54
51	21	-92.40
51	23	-84.64
51	25	-72.40
51	26	-78.35
51	27	-89.16
51	28	-94.11
51	29	-78.57
51	30	-89.52
51	32	-83.35
51	33	-83.88
51	34	-92.50
51	35	-83.41
51	36	-92.12
51	40	-92.86
51	41	-89.30
51	42	-84.21
51	43	-89.96
51	44	-90.97
51	45	-88.90
51	46	-86.13
51	48	-70.88
51	50	-82.64
51	52	-93.36
51	53	-84.19
51	54	-83.02
51	56	-68.55
51	57	-93.53
51	58	-86.52
51	60	-71.52
51	61	-88.90
51	64	-85.76
51	65	-83.31
51	67	-91.83
51	68	-72.20
51	69	-87.55
51	70	-90.49
51	71	-79.84
51	72	-84.41
51	74	-92.58
51	80	-80.40
51	81	-81.55
51	82	-74.74
51	84	-94.82
51	85	-66.67
51	86	-86.94
51	87	-85.66
51	88	-94.77
51	90	-94.35
52	2	-91.22
52	5	-89.95
52	8	-67.08
52	9	-93.51
52	14	-81.50
52	17	-85.22
52	18	-85.99
52	22	-91.43
52	23	-92.44
52	25	-94.45
52	29	-89.18
52	32	-88.39
52	33	-84.71
52	34	-78.99
52	35	-87.74
52	40	-69.33
52	42	-91.69
52	44	-92.91
52	48	-91.66
52	51	-93.36
52	54	-94.80
52	56	-94.02
52	57	-88.76
52	58	-79.80
52	59	-87.63
52	60	-90.19
52	61	-80.58
52	64	-90.66
52	68	-91.64
52	71	-88.09
52	74	-87.07
52	81	-90.16
52	85	-94.46
52	86	-79.04
53	2	-85.59
53	3	-94.04
53	4	-82.54
53	8	-94.96
53	9	-90.84
53	11	-94.03
53	17	-91.02
53	18	-93.21
53	23	-78.76
53	25	-75.93
53	26	-88.98
53	29	-90.89
53	32	-84.94
53	33	-88.54
53	35	-93.03
53	41	-91.52
53	42	-80.15
53	43	-91.83
53	44	-85.93
53	45	-94.04
53	46	-93.04
53	48	-88.77
53	50	-52.05
53	51	-84.19
53	54	-93.41
53	56	-88.03
53	58	-91.64
53	60	-87.93
53	64	-82.94
53	65	-85.29
53	68	-81.20
53	69	-88.50
53	70	-92.44
53	71	-91.12
53	72	-91.18
53	80	-68.09
53	81	-82.22
53	82	-89.03
53	84	-94.03
53	85	-79.34
53	86	-92.90
53	87	-86.36
53	88	-92.88
54	2	-83.58
54	3	-91.08
54	4	-86.61
54	5	-79.17
54	6	-90.76
54	7	-77.02
54	8	-92.78
54	9	-68.55
54	10	-94.06
54	11	-86.27
54	13	-87.34
54	14	-88.61
54	15	-77.91
54	16	-80.36
54	17	-85.58
54	18	-83.65
54	19	-86.53
54	21	-86.28
54	22	-92.71
54	23	-93.49
54	24	-94.32
54	25	-88.52
54	26	-79.61
54	27	-80.14
54	28	-93.45
54	29	-79.79
54	30	-81.58
54	31	-91.10
54	32	-91.74
54	33	-90.50
54	34	-91.54
54	35	-81.28
54	36	-84.76
54	37	-91.04
54	38	-91.04
54	39	-94.33
54	41	-90.44
54	42	-93.12
54	43	-91.11
54	45	-85.58
54	46	-81.17
54	47	-94.79
54	48	-78.02
54	49	-93.53
54	50	-92.65
54	51	-83.02
54	52	-94.80
54	53	-93.41
54	56	-76.78
54	57	-89.56
54	58	-90.55
54	60	-81.92
54	61	-88.53
54	64	-93.72
54	65	-88.90
54	66	-90.58
54	67	-84.99
54	68	-87.91
54	69	-90.82
54	70	-91.27
54	71	-81.54
54	72	-82.91
54	74	-89.07
54	75	-88.98
54	77	-91.79
54	78	-92.85
54	79	-91.75
54	80	-91.18
54	81	-91.36
54	82	-75.65
54	83	-93.47
54	85	-86.71
54	86	-89.46
54	87	-90.26
54	89	-87.71
54	90	-87.57
55	5	-92.70
55	6	-92.27
55	10	-75.56
55	12	-79.34
55	14	-92.55
55	15	-92.70
55	18	-94.57
55	20	-80.70
55	22	-79.29
55	34	-91.68
55	35	-94.62
55	57	-85.89
55	59	-87.57
55	61	-93.52
55	62	-94.72
55	73	-79.44
55	74	-87.85
55	76	-78.91
55	79	-94.56
55	89	-94.74
56	2	-73.23
56	3	-90.22
56	4	-78.48
56	5	-83.84
56	7	-84.63
56	8	-91.66
56	9	-66.67
56	11	-86.72
56	13	-89.05
56	14	-89.30
56	15	-87.21
56	16	-88.02
56	17	-82.85
56	18	-83.61
56	19	-89.93
56	21	-89.76
56	23	-88.62
56	25	-80.21
56	26	-73.13
56	27	-85.55
56	28	-93.02
56	29	-76.99
56	30	-86.11
56	31	-93.46
56	32	-87.09
56	33	-86.64
56	34	-92.24
56	35	-81.85
56	36	-89.26
56	37	-94.26
56	38	-94.07
56	40	-93.96
56	41	-88.36
56	42	-88.24
56	43	-89.12
56	44	-93.60
56	45	-86.28
56	46	-82.42
56	48	-67.08
56	50	-86.90
56	51	-68.55
56	52	-94.02
56	53	-88.03
56	54	-76.78
56	57	-92.34
56	58	-88.08
56	60	-73.65
56	61	-88.69
56	64	-89.31
56	65	-83.78
56	66	-94.80
56	67	-88.98
56	68	-80.08
56	69	-87.43
56	70	-89.56
56	71	-79.07
56	72	-81.21
56	74	-91.50
56	75	-92.75
56	80	-84.76
56	81	-86.04
56	82	-63.30
56	84	-94.72
56	85	-76.78
56	86	-87.80
56	87	-86.00
56	89	-93.04
56	90	-91.87
57	2	-92.09
57	5	-80.91
57	6	-92.54
57	7	-93.41
57	8	-87.78
57	9	-90.16
57	10	-86.14
57	12	-89.34
57	14	-78.70
57	15	-87.03
57	16	-92.37
57	17	-87.30
57	18	-83.45
57	20	-90.18
57	22	-72.25
57	26	-94.96
57	27	-94.74
57	29	-87.36
57	32	-94.41
57	33	-91.86
57	34	-78.66
57	35	-83.88
57	40	-91.58
57	48	-90.30
57	51	-93.53
57	52	-88.76
57	54	-89.56
57	55	-85.89
57	56	-92.34
57	58	-89.36
57	59	-83.60
57	60	-90.37
57	61	-81.07
57	68	-94.24
57	71	-86.88
57	73	-89.73
57	74	-58.93
57	76	-89.23
57	79	-94.69
57	82	-93.27
57	86	-86.82
57	89	-93.20
58	2	-82.91
58	4	-92.11
58	5	-86.00
58	8	-72.60
58	9	-88.03
58	14	-80.14
58	15	-93.42
58	17	-72.95
58	18	-78.91
58	22	-92.89
58	23	-86.03
58	25	-88.07
58	26	-92.37
58	29	-81.41
58	32	-78.68
58	33	-68.55
58	34	-82.98
58	35	-81.22
58	40	-78.37
58	42	-84.81
58	44	-88.74
58	48	-84.55
58	50	-90.84
58	51	-86.52
58	52	-79.80
58	53	-91.64
58	54	-90.55
58	56	-88.08
58	57	-89.36
58	59	-92.38
58	60	-81.57
58	61	-77.57
58	64	-83.75
58	65	-94.87
58	68	-83.41
58	71	-79.62
58	72	-94.98
58	74	-87.54
58	80	-91.47
58	81	-81.55
58	82	-90.39
58	85	-88.09
58	86	-63.30
59	5	-91.59
59	8	-89.00
59	10	-91.30
59	12	-84.38
59	14	-86.55
59	17	-92.80
59	18	-91.23
59	20	-85.12
59	22	-81.66
59	29	-94.05
59	33	-94.86
59	34	-82.41
59	35	-92.04
59	40	-91.14
59	52	-87.63
59	55	-87.57
59	57	-83.60
59	58	-92.38
59	61	-87.67
59	71	-93.49
59	73	-93.57
59	74	-83.76
59	76	-84.43
59	86	-90.78
60	2	-60.94
60	3	-94.08
60	4	-84.01
60	5	-81.61
60	7	-89.16
60	8	-87.01
60	9	-75.29
60	11	-91.55
60	13	-93.19
60	14	-85.02
60	15	-88.88
60	16	-91.10
60	17	-72.95
60	18	-77.16
60	19	-93.61
60	21	-93.47
60	22	-93.92
60	23	-85.64
60	25	-80.21
60	26	-83.27
60	27	-90.17
60	29	-66.84
60	30	-90.70
60	32	-81.69
60	33	-79.62
60	34	-88.73
60	35	-75.89
60	36	-92.90
60	40	-89.99
60	41	-92.51
60	42	-84.81
60	43	-93.07
60	44	-91.08
60	45	-91.23
60	46	-88.55
60	48	-62.12
60	50	-86.71
60	51	-71.52
60	52	-90.19
60	53	-87.93
60	54	-81.92
60	56	-73.65
60	57	-90.37
60	58	-81.57
60	61	-83.83
60	64	-85.60
60	65	-88.41
60	67	-92.81
60	68	-74.88
60	69	-91.43
60	70	-93.45
60	71	-68.55
60	72	-87.85
60	74	-89.07
60	80	-85.90
60	81	-81.18
60	82	-79.29
60	85	-78.33
60	86	-81.41
60	87	-90.10
60	89	-94.93
60	90	-94.80
61	2	-86.17
61	4	-93.84
61	5	-79.44
61	7	-93.70
61	8	-75.94
61	9	-87.12
61	10	-93.65
61	12	-94.78
61	14	-54.38
61	15	-89.91
61	16	-93.87
61	17	-75.61
61	18	-71.58
61	22	-86.89
61	23	-91.85
61	25	-91.61
61	26	-92.72
61	27	-94.85
61	29	-80.32
61	32	-87.54
61	33	-82.99
61	34	-70.98
61	35	-75.65
61	40	-83.83
61	42	-91.08
61	44	-94.13
61	46	-94.93
61	48	-85.18
61	50	-94.48
61	51	-88.90
61	52	-80.58
61	54	-88.53
61	55	-93.52
61	56	-88.69
61	57	-81.07
61	58	-77.57
61	59	-87.67
61	60	-83.83
61	64	-90.66
61	68	-88.45
61	71	-78.48
61	74	-77.64
61	76	-94.74
61	80	-94.50
61	81	-88.79
61	82	-90.58
61	85	-91.11
61	86	-70.98
62	1	-85.34
62	6	-78.20
62	7	-93.45
62	10	-90.51
62	15	-91.21
62	16	-90.41
62	19	-93.59
62	21	-93.56
62	24	-71.63
62	27	-93.97
62	30	-94.26
62	31	-94.09
62	36	-92.45
62	37	-90.60
62	38	-91.59
62	39	-94.68
62	47	-92.14
62	55	-94.72
62	63	-87.09
62	66	-83.45
62	67	-93.29
62	73	-88.98
62	75	-90.45
62	77	-86.82
62	78	-87.49
62	79	-75.49
62	83	-90.88
62	89	-83.78
62	90	-90.10
63	1	-76.99
63	6	-89.21
63	7	-92.46
63	11	-94.36
63	13	-92.13
63	15	-94.17
63	16	-90.71
63	19	-89.27
63	21	-89.37
63	24	-81.87
63	27	-92.04
63	30	-91.89
63	31	-86.95
63	36	-89.13
63	37	-81.97
63	38	-83.24
63	39	-85.18
63	45	-94.21
63	46	-94.80
63	47	-78.54
63	49	-87.86
63	62	-87.09
63	66	-81.62
63	67	-89.73
63	75	-84.42
63	77	-77.67
63	78	-74.74
63	79	-85.66
63	83	-78.10
63	89	-87.36
63	90	-85.64
64	2	-84.03
64	4	-89.46
64	5	-92.96
64	8	-88.49
64	9	-91.04
64	14	-91.75
64	17	-86.02
64	18	-89.56
64	23	-63.30
64	25	-82.42
64	26	-92.32
64	29	-88.32
64	32	-67.54
64	33	-78.03
64	34	-93.30
64	35	-90.05
64	40	-88.06
64	42	-58.61
64	44	-74.66
64	48	-87.89
64	50	-82.09
64	51	-85.76
64	52	-90.66
64	53	-82.94
64	54	-93.72
64	56	-89.31
64	58	-83.75
64	60	-85.60
64	61	-90.66
64	65	-92.37
64	68	-78.72
64	69	-94.78
64	71	-87.92
64	72	-94.79
64	80	-85.09
64	81	-66.74
64	82	-91.21
64	85	-84.32
64	86	-86.61
64	87	-93.42
65	2	-86.84
65	3	-82.88
65	4	-69.90
65	5	-93.67
65	7	-89.38
65	9	-87.04
65	11	-83.50
65	13	-87.43
65	15	-94.10
65	16	-92.70
65	17	-92.60
65	18	-93.50
65	19	-90.55
65	21	-90.47
65	23	-90.79
65	25	-82.62
65	26	-78.35
65	27	-88.66
65	28	-87.02
65	29	-90.54
65	30	-88.38
65	31	-92.81
65	32	-92.03
65	33	-93.16
65	35	-92.74
65	36	-91.12
65	37	-94.98
65	38	-94.47
65	41	-76.85
65	42	-91.00
65	43	-77.94
65	45	-83.73
65	46	-83.17
65	48	-87.33
65	49	-93.71
65	50	-84.80
65	51	-83.31
65	53	-85.29
65	54	-88.90
65	56	-83.78
65	58	-94.87
65	60	-88.41
65	64	-92.37
65	67	-90.32
65	68	-86.99
65	69	-68.55
65	70	-79.44
65	71	-91.29
