1	2	-93.57
1	7	-89.99
1	15	-94.86
1	16	-88.42
1	17	-87.88
1	18	-90.02
1	20	-87.64
1	22	-73.97
1	24	-70.80
1	26	-86.45
1	28	-73.97
1	31	-87.61
1	33	-85.62
1	35	-83.11
1	37	-73.30
1	41	-82.89
1	43	-87.06
1	44	-90.56
1	45	-91.43
1	46	-94.93
1	50	-85.33
1	53	-87.77
1	56	-90.70
1	57	-70.43
1	59	-90.07
1	62	-84.01
1	68	-94.29
1	69	-90.97
1	70	-92.48
1	71	-84.84
1	72	-93.11
1	73	-91.66
1	74	-86.75
1	80	-81.20
1	81	-93.60
1	82	-78.80
1	83	-78.97
1	84	-86.40
1	86	-69.69
1	87	-75.93
1	89	-83.56
1	90	-84.42
2	1	-93.57
2	6	-73.51
2	7	-75.89
2	12	-80.66
2	13	-93.23
2	15	-72.40
2	17	-78.70
2	18	-94.57
2	21	-92.88
2	22	-89.96
2	25	-91.10
2	28	-89.36
2	29	-74.37
2	31	-92.88
2	32	-77.73
2	34	-94.64
2	35	-87.10
2	37	-89.63
2	39	-80.63
2	44	-78.20
2	45	-78.29
2	46	-81.50
2	50	-82.90
2	53	-77.98
2	56	-76.88
2	62	-87.30
2	67	-90.02
2	69	-68.55
2	70	-83.51
2	72	-94.04
2	73	-86.36
2	75	-85.76
2	77	-92.37
2	79	-83.29
2	80	-93.47
2	82	-94.50
2	83	-88.00
2	86	-93.33
2	89	-86.90
2	90	-84.90
3	4	-86.45
3	5	-91.55
3	6	-93.57
3	8	-92.03
3	9	-88.16
3	11	-64.51
3	13	-75.36
3	14	-86.69
3	15	-93.87
3	21	-90.34
3	23	-93.39
3	25	-88.21
3	29	-93.78
3	32	-92.92
3	34	-81.62
3	39	-92.54
3	40	-95.00
3	46	-91.67
3	48	-92.59
3	51	-88.37
3	52	-89.42
3	55	-79.72
3	60	-85.46
3	61	-74.29
3	65	-87.14
3	66	-83.34
3	67	-83.46
3	70	-93.57
3	73	-94.15
3	75	-87.76
3	77	-90.00
3	79	-90.27
4	3	-86.45
4	5	-86.21
4	8	-76.54
4	9	-76.67
4	10	-93.28
4	11	-85.17
4	13	-88.80
4	14	-40.23
4	21	-89.88
4	23	-88.08
4	25	-90.25
4	30	-85.37
4	34	-84.29
4	40	-88.59
4	47	-94.40
4	48	-89.17
4	49	-91.08
4	51	-75.09
4	52	-65.50
4	55	-79.66
4	60	-58.61
4	61	-82.29
4	64	-92.82
4	65	-80.86
4	66	-81.66
4	67	-91.17
4	72	-94.15
4	75	-94.64
4	77	-90.10
4	78	-93.30
4	85	-93.23
5	3	-91.55
5	4	-86.21
5	6	-94.96
5	7	-94.56
5	8	-84.99
5	9	-75.88
5	10	-80.08
5	11	-92.23
5	13	-89.56
5	14	-85.67
5	15	-94.76
5	16	-91.69
5	18	-88.02
5	19	-89.64
5	21	-77.22
5	23	-63.06
5	25	-82.42
5	30	-84.39
5	31	-89.78
5	34	-82.41
5	35	-93.98
5	38	-92.60
5	40	-74.86
5	41	-94.99
5	44	-93.36
5	45	-92.91
5	46	-91.48
5	47	-85.07
5	48	-66.11
5	49	-77.45
5	51	-77.44
5	52	-86.13
5	55	-91.85
5	56	-93.75
5	58	-86.06
5	59	-91.86
5	60	-84.41
5	61	-86.45
5	62	-93.37
5	63	-87.28
5	64	-87.30
5	65	-73.09
5	66	-93.39
5	67	-88.90
5	70	-90.15
5	72	-82.32
5	73	-88.69
5	75	-92.31
5	76	-92.22
5	77	-78.70
5	78	-82.07
5	79	-91.16
5	80	-93.89
5	81	-90.79
5	85	-85.89
5	89	-93.82
5	90	-94.42
6	2	-73.51
6	3	-93.57
6	5	-94.96
6	7	-78.91
6	12	-85.73
6	13	-89.09
6	15	-49.00
6	17	-85.25
6	18	-94.04
6	21	-90.11
6	22	-92.76
6	25	-87.38
6	28	-91.91
6	29	-60.94
6	31	-92.65
6	32	-65.63
6	34	-91.29
6	35	-88.55
6	37	-91.99
6	39	-72.59
6	44	-78.48
6	45	-76.96
6	46	-73.01
6	48	-93.84
6	50	-87.90
6	53	-83.14
6	56	-77.72
6	61	-92.87
6	62	-88.41
6	65	-94.36
6	67	-84.77
6	69	-80.08
6	70	-80.15
6	72	-92.69
6	73	-84.16
6	75	-77.82
6	77	-89.42
6	79	-74.66
6	80	-94.13
6	83	-91.36
6	89	-88.29
6	90	-86.88
7	1	-89.99
7	2	-75.89
7	5	-94.56
7	6	-78.91
7	10	-93.93
7	12	-88.03
7	13	-92.96
7	15	-77.03
7	16	-92.41
7	17	-76.02
7	18	-90.12
7	21	-89.67
7	22	-86.21
7	24	-92.95
7	25	-88.30
7	28	-84.59
7	29	-81.92
7	31	-87.68
7	32	-83.62
7	33	-94.89
7	34	-93.20
7	35	-78.81
7	37	-84.66
7	39	-85.97
7	41	-92.11
7	44	-58.61
7	45	-64.51
7	46	-79.07
7	48	-92.87
7	50	-79.46
7	53	-66.84
7	56	-54.57
7	57	-93.12
7	59	-93.95
7	62	-78.91
7	67	-89.35
7	69	-72.40
7	70	-75.97
7	72	-89.83
7	73	-79.07
7	75	-86.55
7	77	-89.15
7	79	-82.04
7	80	-88.63
7	82	-90.19
7	83	-84.23
7	86	-90.51
7	87	-94.27
7	89	-78.37
7	90	-74.93
8	3	-92.03
8	4	-76.54
8	5	-84.99
8	9	-78.06
8	10	-91.52
8	11	-91.38
8	13	-92.95
8	14	-75.70
8	19	-94.24
8	21	-90.80
8	23	-85.83
8	25	-92.10
8	30	-75.01
8	34	-88.52
8	38	-93.07
8	40	-84.49
8	47	-91.51
8	48	-88.38
8	49	-87.99
8	51	-76.20
8	52	-68.46
8	55	-88.00
8	58	-92.59
8	60	-77.69
8	61	-88.54
8	63	-94.27
8	64	-88.06
8	65	-83.14
8	66	-88.75
8	67	-94.17
8	72	-93.57
8	77	-91.21
8	78	-90.59
8	85	-89.17
9	3	-88.16
9	4	-76.67
9	5	-75.88
9	8	-78.06
9	10	-87.96
9	11	-88.30
9	13	-87.76
9	14	-75.61
9	18	-93.08
9	19	-93.47
9	21	-83.62
9	23	-79.75
9	25	-85.37
9	30	-82.54
9	31	-94.20
9	34	-79.81
9	38	-94.43
9	40	-81.85
9	46	-93.21
9	47	-90.14
9	48	-81.44
9	49	-85.22
9	51	-48.57
9	52	-77.36
9	55	-86.64
9	58	-91.07
9	60	-73.01
9	61	-81.87
9	63	-92.32
9	64	-89.56
9	65	-65.83
9	66	-88.61
9	67	-88.83
9	70	-92.92
9	72	-89.19
9	73	-92.21
9	75	-92.76
9	77	-84.18
9	78	-88.41
9	79	-92.56
9	81	-94.99
9	85	-89.39
10	4	-93.28
10	5	-80.08
10	7	-93.93
10	8	-91.52
10	9	-87.96
10	13	-94.42
10	14	-92.93
10	16	-84.14
10	18	-79.26
10	19	-82.39
10	21	-83.06
10	23	-76.24
10	25	-87.38
10	27	-90.58
10	30	-89.06
10	31	-83.62
10	33	-91.43
10	34	-90.26
10	35	-91.33
10	36	-90.76
10	37	-94.55
10	38	-90.32
10	40	-78.80
10	41	-89.70
10	42	-92.75
10	43	-91.75
10	44	-92.86
10	45	-92.70
10	46	-92.86
10	47	-75.94
10	48	-75.89
10	49	-72.33
10	51	-88.55
10	52	-92.90
10	54	-94.86
10	56	-93.31
10	58	-75.61
10	59	-83.88
10	60	-92.29
10	61	-93.12
10	62	-90.63
10	63	-74.93
10	64	-86.17
10	65	-86.82
10	67	-93.02
10	68	-90.95
10	70	-90.34
10	71	-93.86
10	72	-74.00
10	73	-88.06
10	75	-94.91
10	76	-86.40
10	77	-84.08
10	78	-69.97
10	79	-93.10
10	80	-89.04
10	81	-81.66
10	82	-90.67
10	85	-82.74
10	89	-91.22
10	90	-92.32
11	3	-64.51
11	4	-85.17
11	5	-92.23
11	8	-91.38
11	9	-88.30
11	13	-80.72
11	14	-85.55
11	21	-91.77
11	23	-93.95
11	25	-90.16
11	30	-94.93
11	32	-94.77
11	34	-83.93
11	39	-94.41
11	46	-93.61
11	48	-93.47
11	51	-88.35
11	52	-88.39
11	55	-74.60
11	60	-84.57
11	61	-77.22
11	65	-87.89
11	66	-79.12
11	67	-86.71
11	75	-90.34
11	77	-91.54
11	79	-92.41
12	2	-80.66
12	6	-85.73
12	7	-88.03
12	15	-85.90
12	17	-85.90
12	22	-93.51
12	28	-93.62
12	29	-84.19
12	32	-85.42
12	35	-93.39
12	37	-93.99
12	39	-85.88
12	44	-89.31
12	45	-89.44
12	46	-90.51
12	50	-88.14
12	53	-87.69
12	56	-88.71
12	62	-93.66
12	67	-94.98
12	69	-82.88
12	70	-92.07
12	73	-93.72
12	75	-91.66
12	79	-91.17
12	83	-91.86
12	89	-93.32
12	90	-91.99
13	2	-93.23
13	3	-75.36
13	4	-88.80
13	5	-89.56
13	6	-89.09
13	7	-92.96
13	8	-92.95
13	9	-87.76
13	10	-94.42
13	11	-80.72
13	14	-88.82
13	15	-89.43
13	21	-86.11
13	23	-91.61
13	25	-82.19
13	29	-89.59
13	32	-88.55
13	34	-76.38
13	39	-88.33
13	40	-93.85
13	44	-91.85
13	45	-90.96
13	46	-86.14
13	48	-90.00
13	49	-94.62
13	51	-88.31
13	52	-91.13
13	55	-86.66
13	56	-91.99
13	60	-87.36
13	61	-74.36
13	65	-85.42
13	66	-89.25
13	67	-71.43
13	69	-94.87
13	70	-88.92
13	72	-92.72
13	73	-89.89
13	75	-80.47
13	77	-85.43
13	79	-84.04
14	3	-86.69
14	4	-40.23
14	5	-85.67
14	8	-75.70
14	9	-75.61
14	10	-92.93
14	11	-85.55
14	13	-88.82
14	21	-89.57
14	23	-87.58
14	25	-90.02
14	30	-84.84
14	34	-84.08
14	40	-88.09
14	47	-94.07
14	48	-88.75
14	49	-90.66
14	51	-73.85
14	52	-64.36
14	55	-80.45
14	58	-94.87
14	60	-56.73
14	61	-82.33
14	64	-92.47
14	65	-80.21
14	66	-82.42
14	67	-91.10
14	72	-93.86
14	75	-94.60
14	77	-89.80
14	78	-92.95
14	85	-92.88
15	1	-94.86
15	2	-72.40
15	3	-93.87
15	5	-94.76
15	6	-49.00
15	7	-77.03
15	12	-85.90
15	13	-89.43
15	17	-84.30
15	18	-93.51
15	21	-89.80
15	22	-92.11
15	25	-87.14
15	28	-91.19
15	29	-65.63
15	31	-92.02
15	32	-69.52
15	34	-91.33
15	35	-87.61
15	37	-91.27
15	39	-75.11
15	44	-76.54
15	45	-74.84
15	46	-72.05
15	48	-93.55
15	50	-87.07
15	53	-81.85
15	56	-75.65
15	61	-93.03
15	62	-87.47
15	65	-94.28
15	67	-85.07
15	69	-78.86
15	70	-78.86
15	72	-92.21
15	73	-83.17
15	75	-78.76
15	77	-89.10
15	79	-74.55
15	80	-93.51
15	82	-94.77
15	83	-90.66
15	89	-87.34
15	90	-85.83
16	1	-88.42
16	5	-91.69
16	7	-92.41
16	10	-84.14
16	17	-94.14
16	18	-72.35
16	19	-87.40
16	20	-88.54
16	21	-90.54
16	22	-91.03
16	23	-90.50
16	24	-91.34
16	25	-92.56
16	26	-91.49
16	27	-89.52
16	28	-89.34
16	31	-74.93
16	33	-78.62
16	35	-86.40
16	36	-91.93
16	37	-88.57
16	38	-94.97
16	40	-91.57
16	41	-73.85
16	42	-92.72
16	43	-79.90
16	44	-91.79
16	45	-92.10
16	46	-94.12
16	47	-87.38
16	48	-89.30
16	49	-89.03
16	50	-93.49
16	53	-92.50
16	56	-92.22
16	57	-90.77
16	58	-85.89
16	59	-61.70
16	62	-85.83
16	63	-81.64
16	64	-93.81
16	65	-94.76
16	68	-84.83
16	70	-90.98
16	71	-83.88
16	72	-82.41
16	73	-88.74
16	74	-91.88
16	76	-88.90
16	77	-90.85
16	78	-86.86
16	79	-94.85
16	80	-76.34
16	81	-77.03
16	82	-78.18
16	83	-91.97
16	84	-87.96
16	85	-91.68
16	86	-91.81
16	87	-88.38
16	89	-86.47
16	90	-88.38
17	1	-87.88
17	2	-78.70
17	6	-85.25
17	7	-76.02
17	12	-85.90
17	15	-84.30
17	16	-94.14
17	18	-92.98
17	21	-94.21
17	22	-81.57
17	24	-90.52
17	25	-93.36
17	28	-81.21
17	29	-86.41
17	31	-90.72
17	32	-87.93
17	35	-81.69
17	37	-81.99
17	39	-89.55
17	41	-92.82
17	44	-79.68
17	45	-81.32
17	46	-87.25
17	50	-63.30
17	53	-66.84
17	56	-78.91
17	57	-90.93
17	62	-82.65
17	67	-93.95
17	69	-69.00
17	70	-85.87
17	72	-93.59
17	73	-87.10
17	75	-91.55
17	77	-93.86
17	79	-88.93
17	80	-89.83
17	82	-90.65
17	83	-77.62
17	86	-87.02
17	87	-93.04
17	89	-81.68
17	90	-78.62
18	1	-90.02
18	2	-94.57
18	5	-88.02
18	6	-94.04
18	7	-90.12
18	9	-93.08
18	10	-79.26
18	15	-93.51
18	16	-72.35
18	17	-92.98
18	19	-87.67
18	20	-92.38
18	21	-85.83
18	22	-91.33
18	23	-86.88
18	24	-93.07
18	25	-88.57
18	26	-94.44
18	27	-91.67
18	28	-89.46
18	30	-94.88
18	31	-65.91
18	33	-85.50
18	34	-92.90
18	35	-84.50
18	36	-93.16
18	37	-88.74
18	38	-94.79
18	40	-88.91
18	41	-81.35
18	42	-94.30
18	43	-86.47
18	44	-89.09
18	45	-89.26
18	46	-91.12
18	47	-85.98
18	48	-84.66
18	49	-86.14
18	50	-92.67
18	51	-93.60
18	53	-90.83
18	56	-89.65
18	57	-92.68
18	58	-84.79
18	59	-76.02
18	62	-83.51
18	63	-81.06
18	64	-92.72
18	65	-91.64
18	67	-93.57
18	68	-89.18
18	69	-93.55
18	70	-87.30
18	71	-88.85
18	72	-72.95
18	73	-84.19
18	74	-94.76
18	75	-94.41
18	76	-89.88
18	77	-86.25
18	78	-84.43
18	79	-91.89
18	80	-78.97
18	81	-80.67
18	82	-82.29
18	83	-91.84
18	84	-91.86
18	85	-90.47
18	86	-92.87
18	87	-91.28
18	89	-84.42
18	90	-86.45
19	5	-89.64
19	8	-94.24
19	9	-93.47
19	10	-82.39
19	16	-87.40
19	18	-87.67
19	21	-92.59
19	23	-87.21
19	25	-95.00
19	27	-80.58
19	30	-90.57
19	31	-90.46
19	33	-91.69
19	36	-79.12
19	38	-82.26
19	40	-85.12
19	41	-91.75
19	42	-83.57
19	43	-91.41
19	47	-71.07
19	48	-88.82
19	49	-81.78
19	51	-93.65
19	54	-88.52
19	58	-68.68
19	59	-85.37
19	63	-73.43
19	64	-82.13
19	65	-93.49
19	68	-86.11
19	71	-93.89
19	72	-88.14
19	76	-66.56
19	77	-93.15
19	78	-76.96
19	80	-92.78
19	81	-78.48
19	82	-93.42
19	85	-77.73
19	88	-90.03
20	1	-87.64
20	16	-88.54
20	18	-92.38
20	22	-92.31
20	24	-87.02
20	26	-72.48
20	27	-93.42
20	28	-91.98
20	31	-91.97
20	33	-78.60
20	35	-93.54
20	37	-91.57
20	41	-84.03
20	43	-77.55
20	57	-85.97
20	59	-88.44
20	62	-93.65
20	63	-94.14
20	68	-86.93
20	71	-70.80
20	74	-73.69
20	80	-88.15
20	81	-91.14
20	82	-85.72
20	83	-93.87
20	84	-52.05
20	86	-90.26
20	87	-79.97
20	89	-93.72
20	90	-94.66
21	2	-92.88
21	3	-90.34
21	4	-89.88
21	5	-77.22
21	6	-90.11
21	7	-89.67
21	8	-90.80
21	9	-83.62
21	10	-83.06
21	11	-91.77
21	13	-86.11
21	14	-89.57
21	15	-89.80
21	16	-90.54
21	17	-94.21
21	18	-85.83
21	19	-92.59
21	23	-80.08
21	25	-68.26
21	28	-94.56
21	29	-91.63
21	30	-91.14
21	31	-86.53
21	32	-91.49
21	34	-79.41
21	35	-89.90
21	37	-94.23
21	39	-92.31
21	40	-85.42
21	41	-93.42
21	44	-87.93
21	45	-87.19
21	46	-84.94
21	47	-89.37
21	48	-73.13
21	49	-85.22
21	50	-94.84
21	51	-84.81
21	52	-90.73
21	53	-91.92
21	55	-92.86
21	56	-88.47
21	58	-89.61
21	59	-91.38
21	60	-88.21
21	61	-85.38
21	62	-89.11
21	63	-89.39
21	64	-92.61
21	65	-79.12
21	66	-94.56
21	67	-83.11
21	69	-93.27
21	70	-82.83
21	72	-78.68
21	73	-80.84
21	75	-87.04
21	76	-94.73
21	77	-47.08
21	78	-87.02
21	79	-84.63
21	80	-91.41
21	81	-91.66
21	82	-93.19
21	85	-91.23
21	89	-89.66
21	90	-90.16
22	1	-73.97
22	2	-89.96
22	6	-92.76
22	7	-86.21
22	12	-93.51
22	15	-92.11
22	16	-91.03
22	17	-81.57
22	18	-91.33
22	20	-92.31
22	24	-79.56
22	26	-91.32
22	28	-61.70
22	29	-93.74
22	31	-88.76
22	32	-94.62
22	33	-90.31
22	35	-80.49
22	37	-65.63
22	41	-87.58
22	43	-91.43
22	44	-87.41
22	45	-88.55
22	46	-92.83
22	50	-77.09
22	53	-82.51
22	56	-87.40
22	57	-80.40
22	59	-92.64
22	62	-81.92
22	69	-86.38
22	70	-90.50
22	71	-90.17
22	72	-93.51
22	73	-90.19
22	74	-91.50
22	79	-94.05
22	80	-84.66
22	82	-84.26
22	83	-61.70
22	84	-91.42
22	86	-71.21
22	87	-84.84
22	89	-80.95
22	90	-80.50
23	3	-93.39
23	4	-88.08
23	5	-63.06
23	8	-85.83
23	9	-79.75
23	10	-76.24
23	11	-93.95
23	13	-91.61
23	14	-87.58
23	16	-90.50
23	18	-86.88
23	19	-87.21
23	21	-80.08
23	25	-84.94
23	27	-94.10
23	30	-83.65
23	31	-89.10
23	34	-85.69
23	35	-93.99
23	36	-93.50
23	38	-90.85
23	40	-68.68
23	41	-94.20
23	44	-93.95
23	45	-93.59
23	46	-92.63
23	47	-81.61
23	48	-67.28
23	49	-70.92
23	51	-80.70
23	52	-87.57
23	55	-93.45
23	56	-94.35
23	58	-82.91
23	59	-90.48
23	60	-86.69
23	61	-89.00
23	62	-93.38
23	63	-84.66
23	64	-84.94
23	65	-78.70
23	66	-94.77
23	67	-90.86
23	70	-91.03
23	72	-81.32
23	73	-89.40
23	75	-93.73
23	76	-90.22
23	77	-81.42
23	78	-77.72
23	79	-92.46
23	80	-93.32
23	81	-88.93
23	82	-94.69
23	85	-82.89
23	89	-93.85
23	90	-94.55
24	1	-70.80
24	7	-92.95
24	16	-91.34
24	17	-90.52
24	18	-93.07
24	20	-87.02
24	22	-79.56
24	26	-83.97
24	28	-81.25
24	31	-91.29
24	33	-87.58
24	35	-88.08
24	37	-81.28
24	41	-86.53
24	43	-88.61
24	44	-93.53
24	45	-94.26
24	50	-88.25
24	53	-90.94
24	56	-93.60
24	57	-49.41
24	59	-92.51
24	62	-88.76
24	69	-93.31
24	71	-85.71
24	73	-94.65
24	74	-84.14
24	80	-86.36
24	82	-84.19
24	83	-83.06
24	84	-85.82
24	86	-69.30
24	87	-73.85
24	89	-88.40
24	90	-88.87
25	2	-91.10
25	3	-88.21
25	4	-90.25
25	5	-82.42
25	6	-87.38
25	7	-88.30
25	8	-92.10
25	9	-85.37
25	10	-87.38
25	11	-90.16
25	13	-82.19
25	14	-90.02
25	15	-87.14
25	16	-92.56
25	17	-93.36
25	18	-88.57
25	19	-95.00
25	21	-68.26
25	23	-84.94
25	28	-94.66
25	29	-89.05
25	30	-93.06
25	31	-88.57
25	32	-88.73
25	34	-76.55
25	35	-90.08
25	37	-94.40
25	39	-89.59
25	40	-88.90
25	41	-94.76
25	44	-86.40
25	45	-85.33
25	46	-81.01
25	47	-92.33
25	48	-80.68
25	49	-88.98
25	50	-94.26
25	51	-86.41
25	52	-91.52
25	53	-91.01
25	55	-92.09
25	56	-86.89
25	58	-92.51
25	59	-93.47
25	60	-88.58
25	61	-83.25
25	62	-89.37
25	63	-92.26
25	64	-94.87
25	65	-81.14
25	66	-93.95
25	67	-76.99
25	69	-91.96
25	70	-80.50
25	72	-83.48
25	73	-79.99
25	75	-82.62
25	77	-64.75
25	78	-90.45
25	79	-79.98
25	80	-92.63
25	81	-94.00
25	82	-94.29
25	85	-93.78
25	89	-89.81
25	90	-89.96
26	1	-86.45
26	16	-91.49
26	18	-94.44
26	20	-72.48
26	22	-91.32
26	24	-83.97
26	28	-91.43
26	31	-93.71
26	33	-84.28
26	35	-93.97
26	37	-91.15
26	41	-87.11
26	43	-84.20
26	57	-82.85
26	59	-91.76
26	62	-94.21
26	68	-91.38
26	71	-79.07
26	74	-40.23
26	80	-89.83
26	81	-94.24
26	82	-87.52
26	83	-93.03
26	84	-71.70
26	86	-88.29
26	87	-77.17
26	89	-94.17
26	90	-94.91
27	10	-90.58
27	16	-89.52
27	18	-91.67
27	19	-80.58
27	20	-93.42
27	23	-94.10
27	31	-93.49
27	33	-90.60
27	36	-71.70
27	38	-87.36
27	40	-92.96
27	41	-92.13
27	42	-69.97
27	43	-89.78
27	47	-86.47
27	48	-94.87
27	49	-91.07
27	54	-89.39
27	58	-85.32
27	59	-87.30
27	63	-84.81
27	64	-90.30
27	68	-78.97
27	71	-92.33
27	72	-93.38
27	76	-74.97
27	78	-88.59
27	80	-94.14
27	81	-82.73
27	82	-94.12
27	84	-93.67
27	85	-88.63
27	88	-89.88
28	1	-73.97
28	2	-89.36
28	6	-91.91
28	7	-84.59
28	12	-93.62
28	15	-91.19
28	16	-89.34
28	17	-81.21
28	18	-89.46
28	20	-91.98
28	21	-94.56
28	22	-61.70
28	24	-81.25
28	25	-94.66
28	26	-91.43
28	29	-93.05
28	31	-86.46
28	32	-93.94
28	33	-89.19
28	35	-76.20
28	37	-47.08
28	41	-85.84
28	43	-90.44
28	44	-85.67
28	45	-86.93
28	46	-91.62
28	50	-77.26
28	53	-80.93
28	56	-85.76
28	57	-81.66
28	59	-91.18
28	62	-78.06
28	69	-85.76
28	70	-88.83
28	71	-89.43
28	72	-91.86
28	73	-88.29
28	74	-91.66
28	77	-94.41
28	79	-92.93
28	80	-81.94
28	81	-94.40
28	82	-81.96
28	83	-66.67
28	84	-91.07
28	86	-75.61
28	87	-84.84
28	89	-76.85
28	90	-76.76
29	2	-74.37
29	3	-93.78
29	6	-60.94
29	7	-81.92
29	12	-84.19
29	13	-89.59
29	15	-65.63
29	17	-86.41
29	21	-91.63
29	22	-93.74
29	25	-89.05
29	28	-93.05
29	31	-94.13
29	32	-55.31
29	34	-92.22
29	35	-90.30
29	37	-93.17
29	39	-66.41
29	44	-81.92
29	45	-80.88
29	46	-77.67
29	50	-88.96
29	53	-85.05
29	56	-81.25
29	61	-93.47
29	62	-90.22
29	67	-85.85
29	69	-81.43
29	70	-83.47
29	72	-94.15
29	73	-86.74
29	75	-78.84
29	77	-91.00
29	79	-78.20
29	83	-92.35
29	89	-90.08
29	90	-88.76
30	4	-85.37
30	5	-84.39
30	8	-75.01
30	9	-82.54
30	10	-89.06
30	11	-94.93
30	14	-84.84
30	18	-94.88
30	19	-90.57
30	21	-91.14
30	23	-83.65
30	25	-93.06
30	34	-91.12
30	36	-94.40
30	38	-88.29
30	40	-79.46
30	47	-87.43
30	48	-87.43
30	49	-83.92
30	51	-81.74
30	52	-81.96
30	54	-92.72
30	55	-92.73
30	58	-88.93
30	60	-85.43
30	61	-92.00
30	63	-91.37
30	64	-80.86
30	65	-85.80
30	66	-93.38
30	72	-92.37
30	76	-92.37
30	77	-91.68
30	78	-86.82
30	81	-94.37
30	85	-83.20
30	88	-94.29
31	1	-87.61
31	2	-92.88
31	5	-89.78
31	6	-92.65
31	7	-87.68
31	9	-94.20
31	10	-83.62
31	15	-92.02
31	16	-74.93
31	17	-90.72
31	18	-65.91
31	19	-90.46
31	20	-91.97
31	21	-86.53
31	22	-88.76
31	23	-89.10
31	24	-91.29
31	25	-88.57
31	26	-93.71
31	27	-93.49
31	28	-86.46
31	29	-94.13
31	32	-94.57
31	33	-85.18
31	34	-93.30
31	35	-79.98
31	36	-94.99
31	37	-85.59
31	40	-91.16
31	41	-79.75
31	43	-86.47
31	44	-86.64
31	45	-87.02
31	46	-89.79
31	47	-89.12
31	48	-86.74
31	49	-88.98
31	50	-90.29
31	51	-94.72
31	53	-88.25
31	56	-87.28
31	57	-90.92
31	58	-88.19
31	59	-79.32
31	62	-78.66
31	63	-85.29
31	64	-94.72
31	65	-92.67
31	67	-93.23
31	68	-90.63
31	69	-91.54
31	70	-85.34
31	71	-88.26
31	72	-76.85
31	73	-81.94
31	74	-94.03
31	75	-93.64
31	76	-92.23
31	77	-86.74
31	78	-87.81
31	79	-90.81
31	80	-74.07
31	81	-84.42
31	82	-79.17
31	83	-89.30
31	84	-91.33
31	85	-92.81
31	86	-90.78
31	87	-89.79
31	89	-79.90
31	90	-82.66
32	2	-77.73
32	3	-92.92
32	6	-65.63
32	7	-83.62
32	11	-94.77
32	12	-85.42
32	13	-88.55
32	15	-69.52
32	17	-87.93
32	21	-91.49
32	22	-94.62
32	25	-88.73
32	28	-93.94
32	29	-55.31
32	31	-94.57
32	34	-91.64
32	35	-91.19
32	37	-94.03
32	39	-58.93
32	44	-83.38
32	45	-82.28
32	46	-77.86
32	48	-94.98
32	50	-90.24
32	53	-86.60
32	56	-82.85
32	61	-92.78
32	62	-91.07
32	65	-94.94
32	67	-84.76
32	69	-83.56
32	70	-84.12
32	72	-94.34
32	73	-87.25
32	75	-76.78
32	77	-90.84
32	79	-77.64
32	83	-93.34
32	89	-90.97
32	90	-89.80
33	1	-85.62
33	7	-94.89
33	10	-91.43
33	16	-78.62
33	18	-85.50
33	19	-91.69
33	20	-78.60
33	22	-90.31
33	24	-87.58
33	26	-84.28
33	27	-90.60
33	28	-89.19
33	31	-85.18
33	35	-89.27
33	36	-93.65
33	37	-88.50
33	41	-70.14
33	42	-93.59
33	43	-55.13
33	44	-94.70
33	47	-92.67
33	48	-94.87
33	49	-94.40
33	50	-94.21
33	53	-94.30
33	56	-94.98
33	57	-86.61
33	58	-91.55
33	59	-78.85
33	62	-89.20
33	63	-88.85
33	68	-83.00
33	70	-94.81
33	71	-67.28
33	72	-90.48
33	73	-93.34
33	74	-84.93
33	76	-91.98
33	78	-92.72
33	80	-80.06
33	81	-84.62
33	82	-76.89
33	83	-91.83
33	84	-77.44
33	86	-89.55
33	87	-81.57
33	89	-89.45
33	90	-90.91
34	2	-94.64
34	3	-81.62
34	4	-84.29
34	5	-82.41
34	6	-91.29
34	7	-93.20
34	8	-88.52
34	9	-79.81
34	10	-90.26
34	11	-83.93
34	13	-76.38
34	14	-84.08
34	15	-91.33
34	18	-92.90
34	21	-79.41
34	23	-85.69
34	25	-76.55
34	29	-92.22
34	30	-91.12
34	31	-93.30
34	32	-91.64
34	35	-94.79
34	39	-91.91
34	40	-88.85
34	44	-91.92
34	45	-91.12
34	46	-87.39
34	47	-93.67
34	48	-83.73
34	49	-90.06
34	51	-80.99
34	52	-86.78
34	55	-86.19
34	56	-92.20
34	58	-94.12
34	60	-81.78
34	61	-69.97
34	62	-94.28
34	63	-94.48
34	64	-94.71
34	65	-74.66
34	66	-88.90
34	67	-78.09
34	70	-88.31
34	72	-88.90
34	73	-88.30
34	75	-85.54
34	77	-78.94
34	78	-92.03
34	79	-86.02
34	85	-94.12
34	89	-94.60
34	90	-94.69
35	1	-83.11
35	2	-87.10
35	5	-93.98
35	6	-88.55
35	7	-78.81
35	10	-91.33
35	12	-93.39
35	15	-87.61
35	16	-86.40
35	17	-81.69
35	18	-84.50
35	20	-93.54
35	21	-89.90
35	22	-80.49
35	23	-93.99
35	24	-88.08
35	25	-90.08
35	26	-93.97
35	28	-76.20
35	29	-90.30
35	31	-79.98
35	32	-91.19
35	33	-89.27
35	34	-94.79
35	37	-75.11
35	39	-92.62
35	41	-84.99
35	43	-90.51
35	44	-78.80
35	45	-80.45
35	46	-86.84
35	48	-91.85
35	49	-94.58
35	50	-80.73
35	53	-77.43
35	56	-79.46
35	57	-88.06
35	58	-94.55
35	59	-88.75
35	62	-48.57
35	63	-92.81
35	67	-92.93
35	69	-84.04
35	70	-81.96
35	71	-90.61
35	72	-86.66
35	73	-80.41
35	74	-94.23
35	75	-91.94
35	77	-89.69
35	78	-94.11
35	79	-88.57
35	80	-78.80
35	81	-92.11
35	82	-81.57
35	83	-80.06
35	84	-92.78
35	86	-85.66
35	87	-88.88
35	89	-33.67
35	90	-59.44
36	10	-90.76
36	16	-91.93
36	18	-93.16
36	19	-79.12
36	23	-93.50
36	27	-71.70
36	30	-94.40
36	31	-94.99
36	33	-93.65
36	38	-82.13
36	40	-91.81
36	41	-94.61
36	42	-66.84
36	43	-93.07
36	47	-85.37
36	48	-94.70
36	49	-90.19
36	54	-84.47
36	58	-84.77
36	59	-90.15
36	63	-85.78
36	64	-87.38
36	68	-85.62
36	72	-94.08
36	76	-71.58
36	78	-87.94
36	81	-85.80
36	85	-86.05
36	88	-85.32
37	1	-73.30
37	2	-89.63
37	6	-91.99
37	7	-84.66
37	10	-94.55
37	12	-93.99
37	15	-91.27
37	16	-88.57
37	17	-81.99
37	18	-88.74
37	20	-91.57
37	21	-94.23
37	22	-65.63
37	24	-81.28
37	25	-94.40
37	26	-91.15
37	28	-47.08
37	29	-93.17
37	31	-85.59
37	32	-94.03
37	33	-88.50
37	35	-75.11
37	41	-84.89
37	43	-89.81
37	44	-85.60
37	45	-86.84
37	46	-91.53
37	50	-78.49
37	53	-81.31
37	56	-85.74
37	57	-81.55
37	59	-90.50
37	62	-77.03
37	69	-86.19
37	70	-88.59
37	71	-88.85
37	72	-91.32
37	73	-87.91
37	74	-91.40
37	77	-94.09
37	79	-92.84
37	80	-80.62
37	81	-93.86
37	82	-80.70
37	83	-69.87
37	84	-90.64
37	86	-76.34
37	87	-84.38
37	89	-75.84
37	90	-76.24
38	5	-92.60
38	8	-93.07
38	9	-94.43
38	10	-90.32
38	16	-94.97
38	18	-94.79
38	19	-82.26
38	23	-90.85
38	27	-87.36
38	30	-88.29
38	36	-82.13
38	40	-87.72
38	42	-86.00
38	47	-83.94
38	48	-93.04
38	49	-87.29
38	51	-94.35
38	54	-76.61
38	58	-84.94
38	59	-93.83
38	63	-88.02
38	64	-76.60
38	68	-93.11
38	72	-94.29
38	76	-81.68
38	78	-86.36
38	81	-90.41
38	85	-78.70
38	88	-80.84
39	2	-80.63
39	3	-92.54
39	6	-72.59
39	7	-85.97
39	11	-94.41
39	12	-85.88
39	13	-88.33
39	15	-75.11
39	17	-89.55
39	21	-92.31
39	25	-89.59
39	29	-66.41
39	32	-58.93
39	34	-91.91
39	35	-92.62
39	44	-85.76
39	45	-84.81
39	46	-80.58
39	50	-91.64
39	53	-88.49
39	56	-85.32
39	61	-92.76
39	62	-92.51
39	67	-85.05
39	69	-85.67
39	70	-86.16
39	73	-88.90
39	75	-77.22
39	77	-91.69
39	79	-79.86
39	83	-94.52
39	89	-92.42
39	90	-91.38
40	3	-95.00
40	4	-88.59
40	5	-74.86
40	8	-84.49
40	9	-81.85
40	10	-78.80
40	13	-93.85
40	14	-88.09
40	16	-91.57
40	18	-88.91
40	19	-85.12
40	21	-85.42
40	23	-68.68
40	25	-88.90
40	27	-92.96
40	30	-79.46
40	31	-91.16
40	34	-88.85
40	36	-91.81
40	38	-87.72
40	42	-94.04
40	47	-78.66
40	48	-77.82
40	49	-66.11
40	51	-82.18
40	52	-87.33
40	54	-93.10
40	55	-94.32
40	58	-80.93
40	59	-91.19
40	60	-87.64
40	61	-91.19
40	63	-84.21
40	64	-79.52
40	65	-82.70
40	67	-93.47
40	68	-94.83
40	70	-93.70
40	72	-85.15
40	73	-92.29
40	76	-88.37
40	77	-86.35
40	78	-75.49
40	79	-94.96
40	80	-94.72
40	81	-88.87
40	85	-77.26
40	88	-94.61
41	1	-82.89
41	5	-94.99
41	7	-92.11
41	10	-89.70
41	16	-73.85
41	17	-92.82
41	18	-81.35
41	19	-91.75
41	20	-84.03
41	21	-93.42
41	22	-87.58
41	23	-94.20
41	24	-86.53
41	25	-94.76
41	26	-87.11
41	27	-92.13
41	28	-85.84
41	31	-79.75
41	33	-70.14
41	35	-84.99
41	36	-94.61
41	37	-84.89
41	42	-94.90
41	43	-74.26
41	44	-91.85
41	45	-92.38
41	46	-94.98
41	47	-92.04
41	48	-93.04
41	49	-93.27
41	50	-91.70
41	53	-91.51
41	56	-92.21
41	57	-85.66
41	58	-90.95
41	59	-77.09
41	62	-84.84
41	63	-88.08
41	68	-86.49
41	69	-94.38
41	70	-92.02
41	71	-76.78
41	72	-87.63
41	73	-90.26
41	74	-87.63
41	76	-92.54
41	77	-93.57
41	78	-91.72
41	80	-70.14
41	81	-84.55
41	82	-65.24
41	83	-89.17
41	84	-82.88
41	86	-87.69
41	87	-81.92
41	89	-85.22
41	90	-87.19
42	10	-92.75
42	16	-92.72
42	18	-94.30
42	19	-83.57
42	27	-69.97
42	33	-93.59
42	36	-66.84
42	38	-86.00
42	40	-94.04
42	41	-94.90
42	43	-92.89
42	47	-88.53
42	49	-92.57
42	54	-86.52
42	58	-87.88
42	59	-90.98
42	63	-88.21
42	64	-90.44
42	68	-84.66
42	71	-94.92
42	76	-78.37
42	78	-90.58
42	81	-87.36
42	85	-89.37
42	88	-86.66
43	1	-87.06
43	10	-91.75
43	16	-79.90
43	18	-86.47
43	19	-91.41
43	20	-77.55
43	22	-91.43
43	24	-88.61
43	26	-84.20
43	27	-89.78
43	28	-90.44
43	31	-86.47
43	33	-55.13
43	35	-90.51
43	36	-93.07
43	37	-89.81
43	41	-74.26
43	42	-92.89
43	47	-92.64
43	49	-94.55
43	57	-87.68
43	58	-91.50
43	59	-79.41
43	62	-90.43
43	63	-88.85
43	68	-81.25
43	71	-67.54
43	72	-91.14
43	73	-94.16
43	74	-84.85
43	76	-91.53
43	78	-92.81
43	80	-82.28
43	81	-84.41
43	82	-79.72
43	83	-92.86
43	84	-76.78
43	86	-90.61
43	87	-82.82
43	89	-90.68
43	90	-92.03
44	1	-90.56
44	2	-78.20
44	5	-93.36
44	6	-78.48
44	7	-58.61
44	10	-92.86
44	12	-89.31
44	13	-91.85
44	15	-76.54
44	16	-91.79
44	17	-79.68
44	18	-89.09
44	21	-87.93
44	22	-87.41
44	23	-93.95
44	24	-93.53
44	25	-86.40
44	28	-85.67
44	29	-81.92
44	31	-86.64
44	32	-83.38
44	33	-94.70
44	34	-91.92
44	35	-78.80
44	37	-85.60
44	39	-85.76
44	41	-91.85
44	45	-51.76
44	46	-76.28
44	48	-91.54
44	50	-82.18
44	53	-72.73
44	56	-43.60
44	57	-93.64
44	59	-93.36
44	61	-94.18
44	62	-78.48
44	65	-93.84
44	67	-87.91
44	69	-76.78
44	70	-70.92
44	72	-88.40
44	73	-75.36
44	75	-85.25
44	77	-87.34
44	79	-79.84
44	80	-88.30
44	82	-90.06
44	83	-85.82
44	86	-91.36
44	87	-94.55
44	89	-78.27
44	90	-75.61
45	1	-91.43
45	2	-78.29
45	5	-92.91
45	6	-76.96
45	7	-64.51
45	10	-92.70
45	12	-89.44
45	13	-90.96
45	15	-74.84
45	16	-92.10
45	17	-81.32
45	18	-89.26
45	21	-87.19
45	22	-88.55
45	23	-93.59
45	24	-94.26
45	25	-85.33
45	28	-86.93
45	29	-80.88
45	31	-87.02
45	32	-82.28
45	34	-91.12
45	35	-80.45
45	37	-86.84
45	39	-84.81
45	41	-92.38
45	44	-51.76
45	46	-73.43
45	48	-91.10
45	50	-83.72
45	53	-75.53
45	56	-54.57
45	57	-94.36
45	59	-93.61
45	61	-93.47
45	62	-80.02
45	65	-93.26
45	67	-86.72
45	69	-78.06
45	70	-68.00
45	72	-88.22
45	73	-74.37
45	75	-83.83
45	77	-86.52
45	79	-77.67
45	80	-88.98
45	82	-90.73
45	83	-87.09
45	86	-92.22
45	89	-79.95
45	90	-77.86
46	1	-94.93
46	2	-81.50
46	3	-91.67
46	5	-91.48
46	6	-73.01
46	7	-79.07
46	9	-93.21
46	10	-92.86
46	11	-93.61
46	12	-90.51
46	13	-86.14
46	15	-72.05
46	16	-94.12
46	17	-87.25
46	18	-91.12
46	21	-84.94
46	22	-92.83
46	23	-92.63
46	25	-81.01
46	28	-91.62
46	29	-77.67
46	31	-89.79
46	32	-77.86
46	34	-87.39
46	35	-86.84
46	37	-91.53
46	39	-80.58
46	41	-94.98
46	44	-76.28
46	45	-73.43
46	48	-90.03
46	49	-94.78
46	50	-89.17
46	51	-93.81
46	53	-84.14
46	56	-76.46
46	60	-94.77
46	61	-89.96
46	62	-86.36
46	65	-90.92
46	67	-79.84
46	69	-83.99
46	70	-70.98
46	72	-88.90
46	73	-77.47
46	75	-74.66
46	77	-83.94
46	79	-58.16
46	80	-92.31
46	82	-93.85
46	83	-91.75
46	89	-86.50
46	90	-85.55
47	4	-94.40
47	5	-85.07
47	8	-91.51
47	9	-90.14
47	10	-75.94
47	14	-94.07
47	16	-87.38
47	18	-85.98
47	19	-71.07
47	21	-89.37
47	23	-81.61
47	25	-92.33
47	27	-86.47
47	30	-87.43
47	31	-89.12
47	33	-92.67
47	34	-93.67
47	36	-85.37
47	38	-83.94
47	40	-78.66
47	41	-92.04
47	42	-88.53
47	43	-92.64
47	48	-84.19
47	49	-72.59
47	51	-90.40
47	52	-93.52
47	54	-90.43
47	58	-55.98
47	59	-86.02
47	60	-93.75
47	62	-94.60
47	63	-71.91
47	64	-79.24
47	65	-90.13
47	68	-89.44
47	70	-94.81
47	71	-94.87
47	72	-84.82
47	73	-93.17
47	76	-78.84
47	77	-90.08
47	78	-62.32
47	80	-92.40
47	81	-80.86
47	82	-93.38
47	85	-72.33
47	88	-92.01
48	3	-92.59
48	4	-89.17
48	5	-66.11
48	6	-93.84
48	7	-92.87
48	8	-88.38
48	9	-81.44
48	10	-75.89
48	11	-93.47
48	13	-90.00
48	14	-88.75
48	15	-93.55
48	16	-89.30
48	18	-84.66
48	19	-88.82
48	21	-73.13
48	23	-67.28
48	25	-80.68
48	27	-94.87
48	30	-87.43
48	31	-86.74
48	32	-94.98
48	33	-94.87
48	34	-83.73
48	35	-91.85
48	36	-94.70
48	38	-93.04
48	40	-77.82
48	41	-93.04
48	44	-91.54
48	45	-91.10
48	46	-90.03
48	47	-84.19
48	49	-77.22
48	51	-82.62
48	52	-89.26
48	53	-94.48
48	55	-93.57
48	56	-92.00
48	58	-84.81
48	59	-89.67
48	60	-87.63
48	61	-87.99
48	62	-91.14
48	63	-85.32
48	64	-88.39
48	65	-78.37
48	67	-88.56
48	70	-88.00
48	72	-76.78
48	73	-85.98
48	75	-91.61
48	76	-91.57
48	77	-75.29
48	78	-80.70
48	79	-89.91
48	80	-91.68
48	81	-88.93
48	82	-93.31
48	85	-86.47
48	89	-91.68
48	90	-92.42
49	4	-91.08
49	5	-77.45
49	8	-87.99
49	9	-85.22
49	10	-72.33
49	13	-94.62
49	14	-90.66
49	16	-89.03
49	18	-86.14
49	19	-81.78
49	21	-85.22
49	23	-70.92
49	25	-88.98
49	27	-91.07
49	30	-83.92
49	31	-88.98
49	33	-94.40
49	34	-90.06
49	35	-94.58
49	36	-90.19
49	38	-87.29
49	40	-66.11
49	41	-93.27
49	42	-92.57
49	43	-94.55
49	46	-94.78
49	47	-72.59
49	48	-77.22
49	51	-85.66
49	52	-90.19
49	54	-92.85
49	58	-75.39
49	59	-88.49
49	60	-90.17
49	61	-92.55
49	62	-94.01
49	63	-79.51
49	64	-80.30
49	65	-85.15
49	67	-93.86
49	68	-92.83
49	70	-93.01
49	72	-82.39
49	73	-91.33
49	76	-85.95
49	77	-86.19
49	78	-65.50
49	79	-94.78
49	80	-92.91
49	81	-85.62
49	82	-94.14
49	85	-75.94
49	88	-94.32
49	89	-94.48
50	1	-85.33
50	2	-82.90
50	6	-87.90
50	7	-79.46
50	12	-88.14
50	15	-87.07
50	16	-93.49
50	17	-63.30
50	18	-92.67
50	21	-94.84
50	22	-77.09
50	24	-88.25
50	25	-94.26
50	28	-77.26
50	29	-88.96
50	31	-90.29
50	32	-90.24
50	33	-94.21
50	35	-80.73
50	37	-78.49
50	39	-91.64
50	41	-91.70
50	44	-82.18
50	45	-83.72
50	46	-89.17
50	53	-71.81
50	56	-81.74
50	57	-88.76
50	59	-94.96
50	62	-81.98
50	69	-76.34
50	70	-87.38
50	71	-94.52
50	72	-93.70
50	73	-88.08
50	75	-93.17
50	77	-94.56
50	79	-90.69
50	80	-88.66
50	82	-89.27
50	83	-71.21
50	86	-84.01
50	87	-91.32
50	89	-80.86
50	90	-78.09
51	3	-88.37
51	4	-75.09
51	5	-77.44
51	8	-76.20
51	9	-48.57
51	10	-88.55
51	11	-88.35
51	13	-88.31
51	14	-73.85
51	18	-93.60
51	19	-93.65
51	21	-84.81
51	23	-80.70
51	25	-86.41
51	30	-81.74
51	31	-94.72
51	34	-80.99
51	38	-94.35
51	40	-82.18
51	46	-93.81
51	47	-90.40
51	48	-82.62
51	49	-85.66
51	52	-75.37
51	55	-86.30
51	58	-91.36
51	60	-71.43
51	61	-82.43
51	63	-92.67
51	64	-89.45
51	65	-69.52
51	66	-88.19
51	67	-89.51
51	70	-93.56
51	72	-89.91
51	73	-92.87
51	75	-93.30
51	77	-85.33
51	78	-88.78
51	79	-93.17
51	85	-89.43
52	3	-89.42
52	4	-65.50
52	5	-86.13
52	8	-68.46
52	9	-77.36
52	10	-92.90
52	11	-88.39
52	13	-91.13
52	14	-64.36
52	21	-90.73
52	23	-87.57
52	25	-91.52
52	30	-81.96
52	34	-86.78
52	40	-87.33
52	47	-93.52
52	48	-89.26
52	49	-90.19
52	51	-75.37
52	55	-83.78
52	58	-94.41
52	60	-70.14
52	61	-85.82
52	64	-91.16
52	65	-82.33
52	66	-84.79
52	67	-92.93
52	72	-94.27
52	77	-91.03
52	78	-92.52
52	85	-91.87
53	1	-87.77
53	2	-77.98
53	6	-83.14
53	7	-66.84
53	12	-87.69
53	15	-81.85
53	16	-92.50
53	17	-66.84
53	18	-90.83
53	21	-91.92
53	22	-82.51
53	24	-90.94
53	25	-91.01
53	28	-80.93
53	29	-85.05
53	31	-88.25
53	32	-86.60
53	33	-94.30
53	35	-77.43
53	37	-81.31
53	39	-88.49
53	41	-91.51
53	44	-72.73
53	45	-75.53
53	46	-84.14
53	48	-94.48
53	50	-71.81
53	56	-71.81
53	57	-91.21
53	59	-94.07
53	62	-78.33
53	67	-92.06
53	69	-69.90
53	70	-81.64
53	72	-91.28
53	73	-83.11
53	75	-89.67
53	77	-91.53
53	79	-86.28
53	80	-87.99
53	82	-89.26
53	83	-79.53
53	86	-87.88
53	87	-92.84
53	89	-77.22
53	90	-72.65
54	10	-94.86
54	19	-88.52
54	27	-89.39
54	30	-92.72
54	36	-84.47
54	38	-76.61
54	40	-93.10
54	42	-86.52
54	47	-90.43
54	49	-92.85
54	58	-90.90
54	63	-92.76
54	64	-86.22
54	68	-94.99
54	76	-86.94
54	78	-92.12
54	81	-94.03
54	85	-87.63
54	88	-61.98
55	3	-79.72
55	4	-79.66
55	5	-91.85
55	8	-88.00
55	9	-86.64
55	11	-74.60
55	13	-86.66
55	14	-80.45
55	21	-92.86
55	23	-93.45
55	25	-92.09
55	30	-92.73
55	34	-86.19
55	40	-94.32
55	48	-93.57
55	51	-86.30
55	52	-83.78
55	60	-80.32
55	61	-81.20
55	65	-87.49
55	66	-63.95
55	67	-90.60
55	75	-93.83
55	77	-92.80
56	1	-90.70
56	2	-76.88
56	5	-93.75
56	6	-77.72
56	7	-54.57
56	10	-93.31
56	12	-88.71
56	13	-91.99
56	15	-75.65
56	16	-92.22
56	17	-78.91
56	18	-89.65
56	21	-88.47
56	22	-87.40
56	23	-94.35
56	24	-93.60
56	25	-86.89
56	28	-85.76
56	29	-81.25
56	31	-87.28
56	32	-82.85
56	33	-94.98
56	34	-92.20
56	35	-79.46
56	37	-85.74
56	39	-85.32
56	41	-92.21
56	44	-43.60
56	45	-54.57
56	46	-76.46
56	48	-92.00
56	50	-81.74
56	53	-71.81
56	57	-93.73
56	59	-93.76
56	61	-94.38
56	62	-79.26
56	65	-94.16
56	67	-88.09
56	69	-75.39
56	70	-72.48
56	72	-89.02
56	73	-76.78
56	75	-85.22
56	77	-87.89
56	79	-79.98
56	80	-88.75
56	82	-90.42
56	83	-85.71
56	86	-91.38
56	87	-94.71
56	89	-78.97
56	90	-76.20
57	1	-70.43
57	7	-93.12
57	16	-90.77
57	17	-90.93
57	18	-92.68
57	20	-85.97
57	22	-80.40
57	24	-49.41
57	26	-82.85
57	28	-81.66
57	31	-90.92
57	33	-86.61
57	35	-88.06
57	37	-81.55
57	41	-85.66
57	43	-87.68
57	44	-93.64
57	45	-94.36
57	50	-88.76
57	53	-91.21
57	56	-93.73
57	59	-91.94
57	62	-88.70
57	68	-94.75
57	69	-93.61
57	71	-84.53
57	73	-94.59
57	74	-83.06
57	80	-85.76
57	82	-83.34
57	83	-83.78
57	84	-84.66
57	86	-71.79
57	87	-70.98
57	89	-88.38
57	90	-88.96
58	5	-86.06
58	8	-92.59
58	9	-91.07
58	10	-75.61
58	14	-94.87
58	16	-85.89
58	18	-84.79
58	19	-68.68
58	21	-89.61
58	23	-82.91
58	25	-92.51
58	27	-85.32
58	30	-88.93
58	31	-88.19
58	33	-91.55
58	34	-94.12
58	35	-94.55
58	36	-84.77
58	38	-84.94
58	40	-80.93
58	41	-90.95
58	42	-87.88
58	43	-91.50
58	47	-55.98
58	48	-84.81
58	49	-75.39
58	51	-91.36
58	52	-94.41
58	54	-90.90
58	59	-84.26
58	60	-94.53
58	62	-94.04
58	63	-66.56
58	64	-81.61
58	65	-90.89
58	68	-88.07
58	70	-94.61
58	71	-93.91
58	72	-84.30
58	73	-92.90
58	76	-77.57
58	77	-90.29
58	78	-65.83
58	80	-91.47
58	81	-78.09
58	82	-92.45
58	85	-76.02
58	88	-92.35
58	89	-94.50
59	1	-90.07
59	5	-91.86
59	7	-93.95
59	10	-83.88
59	16	-61.70
59	18	-76.02
59	19	-85.37
59	20	-88.44
59	21	-91.38
59	22	-92.64
59	23	-90.48
59	24	-92.51
59	25	-93.47
59	26	-91.76
59	27	-87.30
59	28	-91.18
59	31	-79.32
59	33	-78.85
59	35	-88.75
59	36	-90.15
59	37	-90.50
59	38	-93.83
59	40	-91.19
59	41	-77.09
59	42	-90.98
59	43	-79.41
59	44	-93.36
59	45	-93.61
59	47	-86.02
59	48	-89.67
59	49	-88.49
59	50	-94.96
59	53	-94.07
59	56	-93.76
59	57	-91.94
59	58	-84.26
59	62	-88.26
59	63	-79.34
59	64	-92.92
59	68	-82.03
59	70	-92.49
59	71	-84.14
59	72	-83.76
59	73	-90.45
59	74	-92.14
59	76	-86.82
59	77	-91.74
59	78	-85.89
59	80	-80.53
59	81	-71.81
59	82	-81.41
59	83	-93.53
59	84	-88.02
59	85	-90.66
59	86	-93.16
59	87	-89.42
59	89	-88.81
59	90	-90.45
60	3	-85.46
60	4	-58.61
60	5	-84.41
60	8	-77.69
60	9	-73.01
60	10	-92.29
60	11	-84.57
60	13	-87.36
60	14	-56.73
60	21	-88.21
60	23	-86.69
60	25	-88.58
60	30	-85.43
60	34	-81.78
60	40	-87.64
60	46	-94.77
60	47	-93.75
60	48	-87.63
60	49	-90.17
60	51	-71.43
60	52	-70.14
60	55	-80.32
60	58	-94.53
60	61	-79.98
60	64	-92.55
60	65	-77.64
60	66	-82.89
60	67	-89.76
60	72	-93.04
60	73	-94.70
60	75	-93.56
60	77	-88.43
60	78	-92.52
60	79	-93.99
60	85	-92.78
61	3	-74.29
61	4	-82.29
61	5	-86.45
61	6	-92.87
61	8	-88.54
61	9	-81.87
61	10	-93.12
61	11	-77.22
61	13	-74.36
61	14	-82.33
61	15	-93.03
61	21	-85.38
61	23	-89.00
61	25	-83.25
61	29	-93.47
61	30	-92.00
61	32	-92.78
61	34	-69.97
61	39	-92.76
61	40	-91.19
61	44	-94.18
61	45	-93.47
61	46	-89.96
61	48	-87.99
61	49	-92.55
61	51	-82.43
61	52	-85.82
61	55	-81.20
61	56	-94.38
61	60	-79.98
61	65	-79.68
61	66	-84.96
61	67	-80.85
61	70	-91.31
61	72	-92.26
61	73	-91.55
61	75	-87.10
61	77	-85.07
61	78	-94.35
61	79	-88.58
62	1	-84.01
62	2	-87.30
62	5	-93.37
62	6	-88.41
62	7	-78.91
62	10	-90.63
62	12	-93.66
62	15	-87.47
62	16	-85.83
62	17	-82.65
62	18	-83.51
62	20	-93.65
62	21	-89.11
62	22	-81.92
62	23	-93.38
62	24	-88.76
62	25	-89.37
62	26	-94.21
62	28	-78.06
62	29	-90.22
62	31	-78.66
62	32	-91.07
62	33	-89.20
62	34	-94.28
62	35	-48.57
62	37	-77.03
62	39	-92.51
62	41	-84.84
62	43	-90.43
62	44	-78.48
62	45	-80.02
62	46	-86.36
62	47	-94.60
62	48	-91.14
62	49	-94.01
62	50	-81.98
62	53	-78.33
62	56	-79.26
62	57	-88.70
62	58	-94.04
62	59	-88.26
62	63	-92.27
62	65	-94.90
62	67	-92.48
62	69	-84.53
62	70	-81.06
62	71	-90.68
62	72	-85.64
62	73	-79.07
62	74	-94.47
62	75	-91.59
62	77	-88.90
62	78	-93.55
62	79	-88.11
62	80	-78.48
62	81	-91.64
62	82	-81.61
62	83	-81.57
62	84	-92.91
62	86	-86.59
62	87	-89.30
62	89	-45.20
62	90	-62.57
63	5	-87.28
63	8	-94.27
63	9	-92.32
63	10	-74.93
63	16	-81.64
63	18	-81.06
63	19	-73.43
63	20	-94.14
63	21	-89.39
63	23	-84.66
63	25	-92.26
63	27	-84.81
63	30	-91.37
63	31	-85.29
63	33	-88.85
63	34	-94.48
63	35	-92.81
63	36	-85.78
63	38	-88.02
63	40	-84.21
63	41	-88.08
63	42	-88.21
63	43	-88.85
63	47	-71.91
63	48	-85.32
63	49	-79.51
63	51	-92.67
63	54	-92.76
63	58	-66.56
63	59	-79.34
63	62	-92.27
63	64	-85.91
63	65	-91.80
63	68	-85.74
63	70	-93.61
63	71	-91.67
63	72	-82.32
63	73	-91.70
63	76	-79.29
63	77	-90.02
63	78	-73.01
63	80	-88.85
63	81	-70.59
63	82	-89.93
63	84	-93.97
63	85	-81.99
63	88	-93.93
63	89	-92.77
63	90	-93.93
64	4	-92.82
64	5	-87.30
64	8	-88.06
64	9	-89.56
64	10	-86.17
64	14	-92.47
64	16	-93.81
64	18	-92.72
64	19	-82.13
64	21	-92.61
64	23	-84.94
64	25	-94.87
64	27	-90.30
64	30	-80.86
64	31	-94.72
64	34	-94.71
64	36	-87.38
64	38	-76.60
64	40	-79.52
64	42	-90.44
64	47	-79.24
64	48	-88.39
64	49	-80.30
64	51	-89.45
64	52	-91.16
64	54	-86.22
64	58	-81.61
64	59	-92.92
64	60	-92.55
64	63	-85.91
64	65	-90.75
64	68	-94.17
64	72	-91.19
64	76	-84.43
64	77	-93.19
64	78	-80.95
64	81	-89.71
64	85	-65.46
64	88	-88.63
65	3	-87.14
65	4	-80.86
65	5	-73.09
65	6	-94.36
65	8	-83.14
65	9	-65.83
65	10	-86.82
65	11	-87.89
65	13	-85.42
65	14	-80.21
65	15	-94.28
65	16	-94.76
65	18	-91.64
65	19	-93.49
65	21	-79.12
65	23	-78.70
65	25	-81.14
65	30	-85.80
65	31	-92.67
65	32	-94.94
65	34	-74.66
65	40	-82.70
65	44	-93.84
65	45	-93.26
65	46	-90.92
65	47	-90.13
65	48	-78.37
65	49	-85.15
65	51	-69.52
65	52	-82.33
65	55	-87.49
65	56	-94.16
65	58	-90.89
65	60	-77.64
65	61	-79.68
65	62	-94.90
65	63	-91.80
65	64	-90.75
65	66	-89.65
65	67	-86.00
65	70	-90.61
65	72	-87.14
65	73	-89.84
65	75	-90.58
65	77	-79.75
65	78	-88.16
65	79	-90.19
65	81	-94.40
65	85	-90.16
66	3	-83.34
66	4	-81.66
66	5	-93.39
66	8	-88.75
66	9	-88.61
66	11	-79.12
66	13	-89.25
66	14	-82.42
66	21	-94.56
66	23	-94.77
66	25	-93.95
66	30	-93.38
66	34	-88.90
66	51	-88.19
66	52	-84.79
66	55	-63.95
66	60	-82.89
66	61	-84.96
66	65	-89.65
66	67	-92.65
66	77	-94.53
67	2	-90.02
67	3	-83.46
67	4	-91.17
67	5	-88.90
67	6	-84.77
67	7	-89.35
67	8	-94.17
67	9	-88.83
67	10	-93.02
67	11	-86.71
67	12	-94.98
67	13	-71.43
67	14	-91.10
67	15	-85.07
67	17	-93.95
67	18	-93.57
67	21	-83.11
67	23	-90.86
67	25	-76.99
67	29	-85.85
67	31	-93.23
67	32	-84.76
67	34	-78.09
67	35	-92.93
67	39	-85.05
67	40	-93.47
67	44	-87.91
67	45	-86.72
67	46	-79.84
67	48	-88.56
67	49	-93.86
67	51	-89.51
67	52	-92.93
67	53	-92.06
67	55	-90.60
67	56	-88.09
67	60	-89.76
67	61	-80.85
67	62	-92.48
67	65	-86.00
67	66	-92.65
67	69	-91.89
67	70	-84.01
67	72	-90.43
67	73	-85.60
67	75	-72.70
67	77	-82.03
67	79	-76.54
67	89	-92.70
67	90	-92.39
68	1	-94.29
68	10	-90.95
68	16	-84.83
68	18	-89.18
68	19	-86.11
68	20	-86.93
68	26	-91.38
68	27	-78.97
68	31	-90.63
68	33	-83.00
68	36	-85.62
68	38	-93.11
68	40	-94.83
68	41	-86.49
68	42	-84.66
68	43	-81.25
68	47	-89.44
68	49	-92.83
68	54	-94.99
68	57	-94.75
68	58	-88.07
68	59	-82.03
68	63	-85.74
68	64	-94.17
68	71	-85.33
68	72	-92.37
68	74	-91.72
68	76	-84.66
68	78	-90.54
68	80	-90.00
68	81	-80.36
68	82	-89.42
68	84	-87.30
68	85	-92.44
68	87	-91.90
69	1	-90.97
69	2	-68.55
69	6	-80.08
69	7	-72.40
69	12	-82.88
69	13	-94.87
69	15	-78.86
69	17	-69.00
69	18	-93.55
69	21	-93.27
69	22	-86.38
69	24	-93.31
69	25	-91.96
69	28	-85.76
69	29	-81.43
69	31	-91.54
69	32	-83.56
69	35	-84.04
69	37	-86.19
69	39	-85.67
69	41	-94.38
69	44	-76.78
69	45	-78.06
69	46	-83.99
69	50	-76.34
69	53	-69.90
69	56	-75.39
69	57	-93.61
69	62	-84.53
69	67	-91.89
69	70	-83.83
69	72	-93.53
69	73	-86.02
69	75	-88.70
69	77	-92.83
69	79	-85.90
69	80	-91.56
69	82	-92.56
69	83	-83.76
69	86	-90.55
69	89	-83.88
69	90	-81.20
70	1	-92.48
70	2	-83.51
70	3	-93.57
70	5	-90.15
70	6	-80.15
70	7	-75.97
70	9	-92.92
70	10	-90.34
70	12	-92.07
70	13	-88.92
70	15	-78.86
70	16	-90.98
70	17	-85.87
70	18	-87.30
70	21	-82.83
70	22	-90.50
70	23	-91.03
70	25	-80.50
70	28	-88.83
70	29	-83.47
70	31	-85.34
70	32	-84.12
70	33	-94.81
70	34	-88.31
70	35	-81.96
70	37	-88.59
70	39	-86.16
70	40	-93.70
70	41	-92.02
70	44	-70.92
70	45	-68.00
70	46	-70.98
70	47	-94.81
70	48	-88.00
70	49	-93.01
70	50	-87.38
70	51	-93.56
70	53	-81.64
70	56	-72.48
70	58	-94.61
70	59	-92.49
70	61	-91.31
70	62	-81.06
70	63	-93.61
70	65	-90.61
70	67	-84.01
70	69	-83.83
70	72	-85.06
70	73	-63.95
70	75	-82.51
70	77	-81.92
70	78	-93.39
70	79	-75.00
70	80	-88.70
70	81	-94.23
70	82	-90.69
70	83	-89.54
70	86	-93.63
70	89	-81.46
70	90	-80.76
71	1	-84.84
71	10	-93.86
71	16	-83.88
71	18	-88.85
71	19	-93.89
71	20	-70.80
71	22	-90.17
71	24	-85.71
71	26	-79.07
71	27	-92.33
71	28	-89.43
71	31	-88.26
71	33	-67.28
71	35	-90.61
71	37	-88.85
71	41	-76.78
71	42	-94.92
71	43	-67.54
71	47	-94.87
71	50	-94.52
71	57	-84.53
71	58	-93.91
71	59	-84.14
71	62	-90.68
71	63	-91.67
71	68	-85.33
71	72	-92.93
71	73	-94.92
71	74	-79.99
71	76	-93.98
71	78	-94.95
71	80	-83.23
