1	2	-75.39
1	3	-80.49
1	4	-90.37
1	7	-86.82
1	8	-90.55
1	9	-90.39
1	10	-79.90
1	11	-94.62
1	12	-88.52
1	13	-93.27
1	14	-89.05
1	15	-92.16
1	16	-88.03
1	17	-84.26
1	18	-79.65
1	19	-93.07
1	22	-92.56
1	23	-89.02
1	24	-85.22
1	26	-92.86
1	27	-92.69
1	28	-85.18
1	29	-93.52
1	30	-88.57
1	31	-89.26
1	32	-79.95
1	34	-92.01
1	35	-77.45
1	36	-91.72
1	38	-83.31
1	39	-88.49
1	40	-92.91
1	41	-85.25
1	43	-88.52
1	46	-90.40
1	47	-94.40
1	48	-67.64
1	49	-92.93
1	50	-86.78
1	51	-88.49
1	52	-94.70
1	53	-90.13
1	54	-92.76
1	56	-89.10
1	57	-88.70
1	60	-92.99
1	61	-85.23
1	63	-88.77
1	65	-90.30
1	66	-89.06
1	67	-87.10
1	68	-93.21
1	69	-90.49
1	70	-93.59
1	71	-69.00
1	72	-86.76
1	73	-87.93
1	74	-91.39
1	78	-94.93
1	79	-93.23
1	80	-86.25
1	82	-63.47
1	83	-93.50
1	84	-94.15
1	85	-93.89
1	86	-94.66
1	87	-86.90
1	88	-93.88
1	89	-90.77
1	90	-86.19
2	1	-75.39
2	3	-84.29
2	4	-91.76
2	7	-90.79
2	8	-84.67
2	9	-84.26
2	10	-70.21
2	12	-91.74
2	13	-89.05
2	14	-93.27
2	15	-88.28
2	16	-80.91
2	17	-87.18
2	18	-84.32
2	19	-90.97
2	22	-90.42
2	23	-92.29
2	24	-88.09
2	27	-89.17
2	28	-86.13
2	29	-91.01
2	30	-81.68
2	31	-93.83
2	32	-87.77
2	34	-86.62
2	35	-62.82
2	36	-87.60
2	38	-71.07
2	39	-84.12
2	40	-90.78
2	41	-89.05
2	43	-93.26
2	46	-92.59
2	48	-75.65
2	49	-91.29
2	50	-84.66
2	51	-85.25
2	53	-85.33
2	54	-90.38
2	56	-90.86
2	57	-91.51
2	59	-92.70
2	61	-76.78
2	63	-89.61
2	65	-84.76
2	66	-93.35
2	67	-89.47
2	68	-89.19
2	69	-88.69
2	71	-81.85
2	72	-87.21
2	73	-89.66
2	75	-92.20
2	78	-94.52
2	80	-91.70
2	82	-78.40
2	87	-92.01
2	89	-94.80
2	90	-80.58
3	1	-80.49
3	2	-84.29
3	5	-91.43
3	7	-77.67
3	8	-93.86
3	9	-92.24
3	10	-88.59
3	12	-94.21
3	14	-85.22
3	16	-92.30
3	17	-92.22
3	18	-89.73
3	20	-92.52
3	23	-80.53
3	24	-67.54
3	25	-90.52
3	26	-90.17
3	28	-70.40
3	29	-90.40
3	30	-92.55
3	31	-91.34
3	32	-84.69
3	33	-90.54
3	34	-93.83
3	35	-82.45
3	36	-90.45
3	38	-88.22
3	39	-86.30
3	41	-92.35
3	43	-87.63
3	46	-80.95
3	48	-85.37
3	49	-88.21
3	50	-93.66
3	51	-84.62
3	52	-88.44
3	53	-89.20
3	56	-77.72
3	57	-94.56
3	61	-90.90
3	62	-93.38
3	65	-94.27
3	66	-92.84
3	67	-73.01
3	71	-76.67
3	72	-74.66
3	73	-75.00
3	74	-90.35
3	78	-89.31
3	80	-86.19
3	81	-94.98
3	82	-83.93
3	84	-92.38
3	87	-90.60
3	88	-87.55
3	89	-93.43
3	90	-92.43
4	1	-90.37
4	2	-91.76
4	8	-94.90
4	10	-89.40
4	11	-76.99
4	12	-77.03
4	13	-94.70
4	15	-92.06
4	16	-93.32
4	17	-75.39
4	18	-81.35
4	19	-87.72
4	22	-87.25
4	27	-91.81
4	30	-93.76
4	31	-92.13
4	32	-90.59
4	35	-93.50
4	38	-93.20
4	40	-87.64
4	41	-77.47
4	42	-88.29
4	47	-84.04
4	48	-87.43
4	50	-83.43
4	54	-88.35
4	57	-72.97
4	58	-82.27
4	60	-85.89
4	61	-91.57
4	63	-66.67
4	64	-87.77
4	65	-93.51
4	66	-88.20
4	68	-93.98
4	69	-83.90
4	70	-84.67
4	71	-92.01
4	77	-79.31
4	79	-89.88
4	80	-94.03
4	82	-88.09
4	83	-92.26
4	85	-80.14
4	86	-94.42
4	87	-89.43
4	89	-90.89
4	90	-89.20
5	3	-91.43
5	7	-93.64
5	9	-94.72
5	20	-60.94
5	23	-93.18
5	24	-90.29
5	25	-94.86
5	28	-87.68
5	29	-81.43
5	33	-80.53
5	35	-93.55
5	36	-88.55
5	39	-87.76
5	46	-90.02
5	49	-75.23
5	51	-85.64
5	52	-91.29
5	53	-89.40
5	56	-87.93
5	67	-89.43
5	72	-86.11
5	73	-87.84
5	78	-68.68
5	88	-92.59
6	7	-91.91
6	12	-94.46
6	14	-86.72
6	21	-83.37
6	23	-92.32
6	25	-93.53
6	26	-82.59
6	31	-83.40
6	32	-90.13
6	37	-54.57
6	41	-94.80
6	43	-83.29
6	44	-81.54
6	45	-76.20
6	47	-94.96
6	55	-75.76
6	60	-92.23
6	62	-88.17
6	66	-88.29
6	70	-93.67
6	71	-93.78
6	74	-78.40
6	76	-47.08
6	79	-88.39
6	80	-85.64
6	81	-86.02
6	83	-84.52
6	84	-77.29
6	86	-80.50
6	87	-87.48
6	88	-94.40
6	89	-85.07
7	1	-86.82
7	2	-90.79
7	3	-77.67
7	5	-93.64
7	6	-91.91
7	10	-93.41
7	14	-74.84
7	17	-94.24
7	18	-92.25
7	20	-94.84
7	21	-91.51
7	23	-61.77
7	24	-73.36
7	25	-84.38
7	26	-83.06
7	28	-81.75
7	29	-94.45
7	31	-89.09
7	32	-84.55
7	33	-90.58
7	35	-89.99
7	37	-92.90
7	38	-93.66
7	39	-92.29
7	41	-93.72
7	43	-82.14
7	44	-94.92
7	45	-90.66
7	46	-75.09
7	48	-89.99
7	49	-92.20
7	51	-90.93
7	52	-83.62
7	53	-94.34
7	55	-93.81
7	56	-77.76
7	62	-87.57
7	66	-92.04
7	67	-74.29
7	71	-82.37
7	72	-83.11
7	73	-78.03
7	74	-84.99
7	76	-92.39
7	78	-91.22
7	80	-81.78
7	81	-89.91
7	82	-88.36
7	83	-94.12
7	84	-86.82
7	86	-94.07
7	87	-89.52
7	88	-80.95
7	89	-91.89
8	1	-90.55
8	2	-84.67
8	3	-93.86
8	4	-94.90
8	9	-73.54
8	10	-82.39
8	13	-73.65
8	15	-78.48
8	16	-65.07
8	17	-93.03
8	18	-92.23
8	19	-87.74
8	22	-87.40
8	27	-80.68
8	28	-93.89
8	29	-92.31
8	30	-61.48
8	34	-72.51
8	35	-85.33
8	36	-87.09
8	38	-77.98
8	39	-87.61
8	40	-87.57
8	41	-94.89
8	48	-89.48
8	49	-94.16
8	50	-86.40
8	51	-89.81
8	53	-85.59
8	54	-86.55
8	59	-80.84
8	61	-74.83
8	63	-92.75
8	65	-63.47
8	68	-76.09
8	69	-87.83
8	71	-93.26
8	72	-94.18
8	75	-80.36
8	82	-91.10
8	90	-78.97
9	1	-90.39
9	2	-84.26
9	3	-92.24
9	5	-94.72
9	8	-73.54
9	10	-84.62
9	13	-83.17
9	15	-86.13
9	16	-75.94
9	17	-94.67
9	18	-93.54
9	19	-92.10
9	20	-94.41
9	22	-91.80
9	24	-94.06
9	27	-87.47
9	28	-91.58
9	29	-87.89
9	30	-74.69
9	34	-61.55
9	35	-83.45
9	36	-80.11
9	38	-77.47
9	39	-81.92
9	40	-91.96
9	48	-90.24
9	49	-90.58
9	50	-90.10
9	51	-85.23
9	53	-77.92
9	54	-91.25
9	59	-85.76
9	61	-79.99
9	65	-79.07
9	67	-94.67
9	68	-84.69
9	69	-91.78
9	71	-92.75
9	72	-91.70
9	73	-94.31
9	75	-86.19
9	82	-91.51
9	90	-84.59
10	1	-79.90
10	2	-70.21
10	3	-88.59
10	4	-89.40
10	7	-93.41
10	8	-82.39
10	9	-84.62
10	11	-94.42
10	12	-90.54
10	13	-86.19
10	15	-84.29
10	16	-77.31
10	17	-84.89
10	18	-82.60
10	19	-87.14
10	22	-86.41
10	23	-94.74
10	24	-91.54
10	27	-85.30
10	28	-90.20
10	29	-93.40
10	30	-78.62
10	31	-94.47
10	32	-89.22
10	34	-86.39
10	35	-76.54
10	36	-89.91
10	38	-72.35
10	39	-87.78
10	40	-86.90
10	41	-87.68
10	43	-94.67
10	48	-76.09
10	49	-93.97
10	50	-78.46
10	51	-89.05
10	53	-88.03
10	54	-86.40
10	56	-93.85
10	57	-90.00
10	59	-90.88
10	61	-69.69
10	63	-86.49
10	65	-81.14
10	66	-93.38
10	67	-92.67
10	68	-86.02
10	69	-84.12
10	71	-85.38
10	72	-91.03
10	73	-92.89
10	75	-90.04
10	80	-93.19
10	82	-80.08
10	85	-94.73
10	87	-92.44
10	90	-71.81
11	1	-94.62
11	4	-76.99
11	10	-94.42
11	12	-81.41
11	17	-85.22
11	18	-88.42
11	19	-92.13
11	22	-91.91
11	31	-93.36
11	32	-93.60
11	40	-92.11
11	41	-84.55
11	42	-80.47
11	47	-78.37
11	48	-92.70
11	50	-90.34
11	54	-92.75
11	57	-79.79
11	58	-71.63
11	60	-83.88
11	63	-82.51
11	64	-82.04
11	66	-89.40
11	69	-90.00
11	70	-81.18
11	77	-54.57
11	79	-89.01
11	82	-92.90
11	83	-91.90
11	85	-71.43
11	86	-94.11
11	87	-91.35
11	89	-91.51
11	90	-94.23
12	1	-88.52
12	2	-91.74
12	3	-94.21
12	4	-77.03
12	6	-94.46
12	10	-90.54
12	11	-81.41
12	14	-93.95
12	16	-94.98
12	17	-74.84
12	18	-78.76
12	19	-92.63
12	22	-92.21
12	31	-86.15
12	32	-85.64
12	35	-93.25
12	37	-94.99
12	38	-93.98
12	40	-92.53
12	41	-66.45
12	42	-87.38
12	43	-91.14
12	47	-79.07
12	48	-86.25
12	50	-87.99
12	54	-92.92
12	55	-91.44
12	57	-57.01
12	58	-80.63
12	60	-77.64
12	61	-93.20
12	63	-80.45
12	64	-84.39
12	66	-79.42
12	69	-89.65
12	70	-77.57
12	71	-89.22
12	74	-92.67
12	76	-94.92
12	77	-81.82
12	79	-82.97
12	80	-89.64
12	82	-85.82
12	83	-86.35
12	85	-77.30
12	86	-89.45
12	87	-82.07
12	89	-84.03
12	90	-91.75
13	1	-93.27
13	2	-89.05
13	4	-94.70
13	8	-73.65
13	9	-83.17
13	10	-86.19
13	15	-69.90
13	16	-77.43
13	17	-93.72
13	18	-93.47
13	19	-84.27
13	22	-84.16
13	27	-72.65
13	30	-76.85
13	34	-81.54
13	35	-89.99
13	36	-91.64
13	38	-85.05
13	39	-92.20
13	40	-84.14
13	48	-91.85
13	50	-86.28
13	51	-93.83
13	53	-90.68
13	54	-82.73
13	59	-73.30
13	61	-81.22
13	63	-92.55
13	65	-69.71
13	68	-55.31
13	69	-86.06
13	75	-69.33
13	82	-93.35
13	90	-81.01
14	1	-89.05
14	2	-93.27
14	3	-85.22
14	6	-86.72
14	7	-74.84
14	12	-93.95
14	17	-94.08
14	18	-92.36
14	21	-87.30
14	23	-76.57
14	24	-83.93
14	25	-85.29
14	26	-72.76
14	28	-88.47
14	31	-84.66
14	32	-83.02
14	33	-94.21
14	35	-93.01
14	37	-88.12
14	41	-93.03
14	43	-72.07
14	44	-91.21
14	45	-85.33
14	46	-83.88
14	48	-91.35
14	51	-94.76
14	52	-87.27
14	55	-89.72
14	56	-86.16
14	57	-94.76
14	60	-94.53
14	62	-84.04
14	66	-89.37
14	67	-84.50
14	71	-84.99
14	72	-89.43
14	73	-86.45
14	74	-75.53
14	76	-87.41
14	79	-92.54
14	80	-74.83
14	81	-85.92
14	82	-89.63
14	83	-90.84
14	84	-79.04
14	86	-90.35
14	87	-86.47
14	88	-84.53
14	89	-88.44
15	1	-92.16
15	2	-88.28
15	4	-92.06
15	8	-78.48
15	9	-86.13
15	10	-84.29
15	13	-69.90
15	16	-78.48
15	17	-91.31
15	18	-91.33
15	19	-77.94
15	22	-77.64
15	27	-52.83
15	30	-78.70
15	34	-85.55
15	35	-89.76
15	36	-93.29
15	38	-85.12
15	39	-93.26
15	40	-77.69
15	41	-93.55
15	48	-90.19
15	50	-81.62
15	51	-94.66
15	53	-92.22
15	54	-75.43
15	57	-94.30
15	59	-80.88
15	61	-80.02
15	63	-89.48
15	65	-72.70
15	68	-64.36
15	69	-80.53
15	71	-94.76
15	75	-77.72
15	82	-91.89
15	90	-76.76
16	1	-88.03
16	2	-80.91
16	3	-92.30
16	4	-93.32
16	8	-65.07
16	9	-75.94
16	10	-77.31
16	12	-94.98
16	13	-77.43
16	15	-78.48
16	17	-90.96
16	18	-89.93
16	19	-86.76
16	22	-86.25
16	24	-94.47
16	27	-80.63
16	28	-92.65
16	29	-92.32
16	30	-44.44
16	32	-94.30
16	34	-77.31
16	35	-82.29
16	36	-87.38
16	38	-72.35
16	39	-86.95
16	40	-86.54
16	41	-93.04
16	48	-86.61
16	49	-93.83
16	50	-83.60
16	51	-89.06
16	53	-85.55
16	54	-85.56
16	57	-94.44
16	59	-84.41
16	61	-64.75
16	63	-90.92
16	65	-65.07
16	68	-78.37
16	69	-86.02
16	71	-91.26
16	72	-93.07
16	75	-83.58
16	82	-88.59
16	90	-73.54
17	1	-84.26
17	2	-87.18
17	3	-92.22
17	4	-75.39
17	7	-94.24
17	8	-93.03
17	9	-94.67
17	10	-84.89
17	11	-85.22
17	12	-74.84
17	13	-93.72
17	14	-94.08
17	15	-91.31
17	16	-90.96
17	18	-65.91
17	19	-88.84
17	22	-88.22
17	24	-94.33
17	27	-91.35
17	28	-94.65
17	30	-91.50
17	31	-89.00
17	32	-85.18
17	35	-89.39
17	38	-89.82
17	40	-88.69
17	41	-65.91
17	42	-91.67
17	43	-92.00
17	47	-86.71
17	48	-79.80
17	50	-81.17
17	54	-89.03
17	55	-94.40
17	57	-72.73
17	58	-86.82
17	60	-86.21
17	61	-88.57
17	63	-73.23
17	64	-90.10
17	65	-91.79
17	66	-85.11
17	68	-93.16
17	69	-84.63
17	70	-86.15
17	71	-86.62
17	74	-93.89
17	77	-86.21
17	79	-88.93
17	80	-90.29
17	82	-80.53
17	83	-90.83
17	85	-84.81
17	86	-93.00
17	87	-85.38
17	89	-88.42
17	90	-86.50
18	1	-79.65
18	2	-84.32
18	3	-89.73
18	4	-81.35
18	7	-92.25
18	8	-92.23
18	9	-93.54
18	10	-82.60
18	11	-88.42
18	12	-78.76
18	13	-93.47
18	14	-92.36
18	15	-91.33
18	16	-89.93
18	17	-65.91
18	19	-89.96
18	22	-89.34
18	23	-93.86
18	24	-92.23
18	26	-94.92
18	27	-91.54
18	28	-92.58
18	30	-90.51
18	31	-87.91
18	32	-81.96
18	34	-94.55
18	35	-86.82
18	38	-88.00
18	39	-94.02
18	40	-89.80
18	41	-70.88
18	42	-93.49
18	43	-90.35
18	47	-88.85
18	48	-73.65
18	50	-81.92
18	51	-94.32
18	53	-94.76
18	54	-89.96
18	55	-94.07
18	56	-94.79
18	57	-78.33
18	58	-89.34
18	60	-87.68
18	61	-87.24
18	63	-79.26
18	64	-91.78
18	65	-91.17
18	66	-84.81
18	67	-93.41
18	68	-93.03
18	69	-86.11
18	70	-88.03
18	71	-82.83
18	72	-93.56
18	73	-94.09
18	74	-92.61
18	77	-89.15
18	79	-89.43
18	80	-88.32
18	82	-74.16
18	83	-90.83
18	85	-87.63
18	86	-92.81
18	87	-84.07
18	89	-88.00
18	90	-85.73
19	1	-93.07
19	2	-90.97
19	4	-87.72
19	8	-87.74
19	9	-92.10
19	10	-87.14
19	11	-92.13
19	12	-92.63
19	13	-84.27
19	15	-77.94
19	16	-86.76
19	17	-88.84
19	18	-89.96
19	22	-45.20
19	27	-75.84
19	30	-87.15
19	34	-91.98
19	35	-92.63
19	38	-89.82
19	40	-28.70
19	41	-91.38
19	48	-90.63
19	50	-78.51
19	54	-51.76
19	57	-91.49
19	58	-94.90
19	59	-88.64
19	61	-86.14
19	63	-84.69
19	65	-84.84
19	68	-82.28
19	69	-69.33
19	75	-86.66
19	77	-93.14
19	82	-92.17
19	85	-94.24
19	90	-81.92
20	3	-92.52
20	5	-60.94
20	7	-94.84
20	9	-94.41
20	23	-94.48
20	24	-91.67
20	28	-89.07
20	29	-80.08
20	33	-83.67
20	35	-93.91
20	36	-87.89
20	39	-87.72
20	46	-91.68
20	49	-75.73
20	51	-85.92
20	52	-92.92
20	53	-89.02
20	56	-89.73
20	67	-90.98
20	72	-87.68
20	73	-89.56
20	78	-75.23
20	88	-94.07
21	6	-83.37
21	7	-91.51
21	14	-87.30
21	23	-90.93
21	24	-94.99
21	25	-88.29
21	26	-80.91
21	31	-91.68
21	32	-94.20
21	37	-83.64
21	43	-88.14
21	44	-75.89
21	45	-70.21
21	46	-93.35
21	52	-92.42
21	55	-90.00
21	62	-76.78
21	67	-94.87
21	74	-84.93
21	76	-83.02
21	80	-90.24
21	81	-66.45
21	83	-93.70
21	84	-78.05
21	86	-91.89
21	87	-93.95
21	88	-90.77
21	89	-93.42
22	1	-92.56
22	2	-90.42
22	4	-87.25
22	8	-87.40
22	9	-91.80
22	10	-86.41
22	11	-91.91
22	12	-92.21
22	13	-84.16
22	15	-77.64
22	16	-86.25
22	17	-88.22
22	18	-89.34
22	19	-45.20
22	27	-75.70
22	30	-86.69
22	34	-91.74
22	35	-92.15
22	38	-89.30
22	40	-40.23
22	41	-90.87
22	48	-90.01
22	50	-77.03
22	54	-51.76
22	57	-91.05
22	58	-94.67
22	59	-88.73
22	61	-85.48
22	63	-84.00
22	65	-84.41
22	68	-82.19
22	69	-66.67
22	71	-94.97
22	75	-86.78
22	77	-92.92
22	82	-91.62
22	85	-93.97
22	90	-80.95
23	1	-89.02
23	2	-92.29
23	3	-80.53
23	5	-93.18
23	6	-92.32
23	7	-61.77
23	10	-94.74
23	14	-76.57
23	18	-93.86
23	20	-94.48
23	21	-90.93
23	24	-75.29
23	25	-81.22
23	26	-82.94
23	28	-82.74
23	29	-94.62
23	31	-90.57
23	32	-87.11
23	33	-89.30
23	35	-91.43
23	37	-93.26
23	38	-94.80
23	39	-92.95
23	43	-84.01
23	44	-94.70
23	45	-90.49
23	46	-70.74
23	48	-91.81
23	49	-92.18
23	51	-91.51
23	52	-80.21
23	53	-94.95
23	55	-94.53
23	56	-76.45
23	62	-86.13
23	66	-93.44
23	67	-74.45
23	71	-85.37
23	72	-83.64
23	73	-77.72
23	74	-85.98
23	76	-92.75
23	78	-90.52
23	80	-84.21
23	81	-88.98
23	82	-90.42
23	84	-86.89
23	86	-94.92
23	87	-91.18
23	88	-76.60
23	89	-93.16
24	1	-85.22
24	2	-88.09
24	3	-67.54
24	5	-90.29
24	7	-73.36
24	9	-94.06
24	10	-91.54
24	14	-83.93
24	16	-94.47
24	17	-94.33
24	18	-92.23
24	20	-91.67
24	21	-94.99
24	23	-75.29
24	25	-87.59
24	26	-88.95
24	28	-70.14
24	29	-90.73
24	30	-94.66
24	31	-92.14
24	32	-86.89
24	33	-88.03
24	35	-86.51
24	36	-91.67
24	38	-91.02
24	39	-88.02
24	41	-94.28
24	43	-87.66
24	45	-94.41
24	46	-73.85
24	48	-88.91
24	49	-87.86
24	51	-86.03
24	52	-84.66
24	53	-90.77
24	56	-68.92
24	61	-93.36
24	62	-91.64
24	66	-94.03
24	67	-57.15
24	71	-81.82
24	72	-73.06
24	73	-65.16
24	74	-90.01
24	78	-87.51
24	80	-86.79
24	81	-93.62
24	82	-87.64
24	84	-91.54
24	87	-91.89
24	88	-83.64
24	89	-94.30
24	90	-94.73
25	3	-90.52
25	5	-94.86
25	6	-93.53
25	7	-84.38
25	14	-85.29
25	21	-88.29
25	23	-81.22
25	24	-87.59
25	26	-85.03
25	28	-90.66
25	31	-94.79
25	32	-93.78
25	33	-89.18
25	37	-94.19
25	43	-89.91
25	44	-93.32
25	45	-89.83
25	46	-81.46
25	52	-73.23
25	56	-85.61
25	62	-79.80
25	67	-86.40
25	71	-93.34
25	72	-90.71
25	73	-87.09
25	74	-89.75
25	76	-93.73
25	78	-92.35
25	80	-90.92
25	81	-84.87
25	84	-87.99
25	88	-68.79
26	1	-92.86
26	3	-90.17
26	6	-82.59
26	7	-83.06
26	14	-72.76
26	18	-94.92
26	21	-80.91
26	23	-82.94
26	24	-88.95
26	25	-85.03
26	28	-92.35
26	31	-85.85
26	32	-87.51
26	37	-84.21
26	43	-76.68
26	44	-86.70
26	45	-77.94
26	46	-87.71
26	48	-94.52
26	52	-88.71
26	55	-88.06
26	56	-89.99
26	62	-78.37
26	66	-90.70
26	67	-89.09
26	71	-89.89
26	72	-93.00
26	73	-90.45
26	74	-72.46
26	76	-83.24
26	79	-92.87
26	80	-80.70
26	81	-79.42
26	82	-93.12
26	83	-90.69
26	84	-66.67
26	86	-89.42
26	87	-88.53
26	88	-86.15
26	89	-89.11
27	1	-92.69
27	2	-89.17
27	4	-91.81
27	8	-80.68
27	9	-87.47
27	10	-85.30
27	13	-72.65
27	15	-52.83
27	16	-80.63
27	17	-91.35
27	18	-91.54
27	19	-75.84
27	22	-75.70
27	30	-80.86
27	34	-86.89
27	35	-90.63
27	36	-94.11
27	38	-86.41
27	39	-94.07
27	40	-75.61
27	41	-93.59
27	48	-90.69
27	50	-81.66
27	53	-93.11
27	54	-72.95
27	57	-94.23
27	59	-81.58
27	61	-81.73
27	63	-89.22
27	65	-75.89
27	68	-67.73
27	69	-79.66
27	75	-78.37
27	82	-92.34
27	90	-78.26
28	1	-85.18
28	2	-86.13
28	3	-70.40
28	5	-87.68
28	7	-81.75
28	8	-93.89
28	9	-91.58
28	10	-90.20
28	14	-88.47
28	16	-92.65
28	17	-94.65
28	18	-92.58
28	20	-89.07
28	23	-82.74
28	24	-70.14
28	25	-90.66
28	26	-92.35
28	29	-86.94
28	30	-92.80
28	31	-94.27
28	32	-89.19
28	33	-87.33
28	34	-93.22
28	35	-83.65
28	36	-88.11
28	38	-88.74
28	39	-83.32
28	41	-94.94
28	43	-91.00
28	46	-79.98
28	48	-88.70
28	49	-83.54
28	51	-80.32
28	52	-87.48
28	53	-87.04
28	56	-73.80
28	61	-91.69
28	62	-94.44
28	65	-94.60
28	67	-71.52
28	71	-83.57
28	72	-55.31
28	73	-69.30
28	74	-93.03
28	78	-85.03
28	80	-90.06
28	82	-87.95
28	84	-94.42
28	87	-93.73
28	88	-87.29
28	90	-93.52
29	1	-93.52
29	2	-91.01
29	3	-90.40
29	5	-81.43
29	7	-94.45
29	8	-92.31
29	9	-87.89
29	10	-93.40
29	16	-92.32
29	20	-80.08
29	23	-94.62
29	24	-90.73
29	28	-86.94
29	30	-92.13
29	33	-89.86
29	34	-89.21
29	35	-88.96
29	36	-75.49
29	38	-90.07
29	39	-77.30
29	46	-92.54
29	48	-94.87
29	49	-70.98
29	51	-76.10
29	53	-78.35
29	56	-90.15
29	61	-92.78
29	65	-93.90
29	67	-90.61
29	71	-94.05
29	72	-85.80
29	73	-89.37
29	78	-84.14
30	1	-88.57
30	2	-81.68
30	3	-92.55
30	4	-93.76
30	8	-61.48
30	9	-74.69
30	10	-78.62
30	13	-76.85
30	15	-78.70
30	16	-44.44
30	17	-91.50
30	18	-90.51
30	19	-87.15
30	22	-86.69
30	24	-94.66
30	27	-80.86
30	28	-92.80
30	29	-92.13
30	32	-94.68
30	34	-75.89
30	35	-82.79
30	36	-87.04
30	38	-73.30
30	39	-86.82
30	40	-86.95
30	41	-93.52
30	48	-87.28
30	49	-93.74
30	50	-84.43
30	51	-89.00
30	53	-85.22
30	54	-85.97
30	57	-94.87
30	59	-83.80
30	61	-67.79
30	63	-91.45
30	65	-64.36
30	68	-78.10
30	69	-86.60
30	71	-91.66
30	72	-93.19
30	75	-83.07
30	82	-89.17
30	90	-75.19
31	1	-89.26
31	2	-93.83
31	3	-91.34
31	4	-92.13
31	6	-83.40
31	7	-89.09
31	10	-94.47
31	11	-93.36
31	12	-86.15
31	14	-84.66
31	17	-89.00
31	18	-87.91
31	21	-91.68
31	23	-90.57
31	24	-92.14
31	25	-94.79
31	26	-85.85
31	28	-94.27
31	32	-78.87
31	35	-94.43
31	37	-84.82
31	41	-86.28
31	42	-93.95
31	43	-77.03
31	44	-92.26
31	45	-88.35
31	46	-93.65
31	47	-89.15
31	48	-89.83
31	55	-80.11
31	56	-94.28
31	57	-87.84
31	58	-91.48
31	60	-84.85
31	62	-92.47
31	63	-92.84
31	64	-90.70
31	66	-73.00
31	67	-92.98
31	70	-87.12
31	71	-86.89
31	73	-94.08
31	74	-78.87
31	76	-84.45
31	77	-93.19
31	79	-80.21
31	80	-75.94
31	81	-92.22
31	82	-88.07
31	83	-76.78
31	84	-85.09
31	85	-90.43
31	86	-78.40
31	87	-67.51
31	88	-94.53
31	89	-67.51
32	1	-79.95
32	2	-87.77
32	3	-84.69
32	4	-90.59
32	6	-90.13
32	7	-84.55
32	10	-89.22
32	11	-93.60
32	12	-85.64
32	14	-83.02
32	16	-94.30
32	17	-85.18
32	18	-81.96
32	21	-94.20
32	23	-87.11
32	24	-86.89
32	25	-93.78
32	26	-87.51
32	28	-89.19
32	30	-94.68
32	31	-78.87
32	35	-88.55
32	37	-91.21
32	38	-91.64
32	39	-94.16
32	41	-83.34
32	43	-78.93
32	45	-92.04
32	46	-90.30
32	47	-91.47
32	48	-82.00
32	50	-91.49
32	51	-93.77
32	52	-94.00
32	55	-89.39
32	56	-90.32
32	57	-86.82
32	58	-92.92
32	60	-88.70
32	61	-92.44
32	62	-93.34
32	63	-90.35
32	64	-93.49
32	66	-80.86
32	67	-88.39
32	69	-94.00
32	70	-90.04
32	71	-74.93
32	72	-90.47
32	73	-89.73
32	74	-83.83
32	76	-90.83
32	77	-93.78
32	79	-87.58
32	80	-73.84
32	81	-93.95
32	82	-78.46
32	83	-87.14
32	84	-88.63
32	85	-91.68
32	86	-88.53
32	87	-75.19
32	88	-92.65
32	89	-82.59
32	90	-92.48
33	3	-90.54
33	5	-80.53
33	7	-90.58
33	14	-94.21
33	20	-83.67
33	23	-89.30
33	24	-88.03
33	25	-89.18
33	28	-87.33
33	29	-89.86
33	36	-93.72
33	39	-92.12
33	46	-84.74
33	49	-85.54
33	51	-90.19
33	52	-83.57
33	53	-93.91
33	56	-83.80
33	67	-86.41
33	72	-85.97
33	73	-84.83
33	78	-74.00
33	88	-86.25
34	1	-92.01
34	2	-86.62
34	3	-93.83
34	8	-72.51
34	9	-61.55
34	10	-86.39
34	13	-81.54
34	15	-85.55
34	16	-77.31
34	18	-94.55
34	19	-91.98
34	22	-91.74
34	27	-86.89
34	28	-93.22
34	29	-89.21
34	30	-75.89
34	35	-86.15
34	36	-82.28
34	38	-80.86
34	39	-84.66
34	40	-91.86
34	48	-91.69
34	49	-91.92
34	50	-90.72
34	51	-87.47
34	53	-81.01
34	54	-91.10
34	59	-83.38
34	61	-81.78
34	65	-78.62
34	68	-83.45
34	69	-92.02
34	71	-94.20
34	72	-93.30
34	75	-84.19
34	82	-92.91
34	90	-85.48
35	1	-77.45
35	2	-62.82
35	3	-82.45
35	4	-93.50
35	5	-93.55
35	7	-89.99
35	8	-85.33
35	9	-83.45
35	10	-76.54
35	12	-93.25
35	13	-89.99
35	14	-93.01
35	15	-89.76
35	16	-82.29
35	17	-89.39
35	18	-86.82
35	19	-92.63
35	20	-93.91
35	22	-92.15
35	23	-91.43
35	24	-86.51
35	27	-90.63
35	28	-83.65
35	29	-88.96
35	30	-82.79
35	31	-94.43
35	32	-88.55
35	34	-86.15
35	36	-85.38
35	38	-72.40
35	39	-80.73
35	40	-92.47
35	41	-90.86
35	43	-93.38
35	46	-91.39
35	48	-79.62
35	49	-89.17
35	50	-87.42
35	51	-81.93
35	53	-82.74
35	54	-92.06
35	56	-89.31
35	57	-93.12
35	59	-93.19
35	61	-79.62
35	63	-91.64
35	65	-86.02
35	66	-94.30
35	67	-87.92
35	68	-90.29
35	69	-90.76
35	71	-82.19
35	72	-84.76
35	73	-87.93
35	75	-92.86
35	78	-92.91
35	80	-91.93
35	82	-81.07
35	87	-92.87
35	90	-83.57
36	1	-91.72
36	2	-87.60
36	3	-90.45
36	5	-88.55
36	8	-87.09
36	9	-80.11
36	10	-89.91
36	13	-91.64
36	15	-93.29
36	16	-87.38
36	20	-87.89
36	24	-91.67
36	27	-94.11
36	28	-88.11
36	29	-75.49
36	30	-87.04
36	33	-93.72
36	34	-82.28
36	35	-85.38
36	38	-85.07
36	39	-70.65
36	46	-94.24
36	48	-92.70
36	49	-82.00
36	50	-94.86
36	51	-75.73
36	53	-60.10
36	56	-92.07
36	59	-92.72
36	61	-88.42
36	65	-89.40
36	67	-91.97
36	68	-92.51
36	71	-93.03
36	72	-87.62
36	73	-91.14
36	75	-93.20
36	78	-89.77
36	82	-93.30
36	90	-91.41
37	6	-54.57
37	7	-92.90
37	12	-94.99
37	14	-88.12
37	21	-83.64
37	23	-93.26
37	25	-94.19
37	26	-84.21
37	31	-84.82
37	32	-91.21
37	43	-85.10
37	44	-80.49
37	45	-77.03
37	55	-75.93
37	60	-92.59
37	62	-88.86
37	66	-89.12
37	70	-93.98
37	71	-94.66
37	74	-80.88
37	76	-45.20
37	79	-88.81
37	80	-87.17
37	81	-86.54
37	83	-85.05
37	84	-79.42
37	86	-80.88
37	87	-88.55
37	89	-86.02
38	1	-83.31
38	2	-71.07
38	3	-88.22
38	4	-93.20
38	7	-93.66
38	8	-77.98
38	9	-77.47
38	10	-72.35
38	12	-93.98
38	13	-85.05
38	15	-85.12
38	16	-72.35
38	17	-89.82
38	18	-88.00
38	19	-89.82
38	22	-89.30
38	23	-94.80
38	24	-91.02
38	27	-86.41
38	28	-88.74
38	29	-90.07
38	30	-73.30
38	32	-91.64
38	34	-80.86
38	35	-72.40
38	36	-85.07
38	39	-82.74
38	40	-89.63
38	41	-91.75
38	46	-94.71
38	48	-82.66
38	49	-91.24
38	50	-84.86
38	51	-85.03
38	53	-82.42
38	54	-89.00
38	56	-93.01
38	57	-93.61
38	59	-89.39
38	61	-68.68
38	63	-90.97
38	65	-79.07
38	67	-92.03
38	68	-85.55
38	69	-88.22
38	71	-87.36
38	72	-89.36
38	73	-91.95
38	75	-88.93
38	80	-94.75
38	82	-84.83
38	87	-94.87
38	90	-77.66
39	1	-88.49
39	2	-84.12
39	3	-86.30
39	5	-87.76
39	7	-92.29
39	8	-87.61
39	9	-81.92
39	10	-87.78
39	13	-92.20
39	15	-93.26
39	16	-86.95
39	18	-94.02
39	20	-87.72
39	23	-92.95
39	24	-88.02
39	27	-94.07
39	28	-83.32
39	29	-77.30
39	30	-86.82
39	32	-94.16
39	33	-92.12
39	34	-84.66
39	35	-80.73
39	36	-70.65
39	38	-82.74
39	46	-91.49
39	48	-90.08
39	49	-80.02
39	50	-93.69
39	51	-62.76
39	52	-94.98
39	53	-65.95
39	56	-88.84
39	59	-93.90
39	61	-87.16
39	65	-89.48
39	67	-88.52
39	68	-92.88
39	71	-89.83
39	72	-82.89
39	73	-87.58
39	75	-94.12
39	78	-88.08
39	82	-90.58
39	90	-90.34
40	1	-92.91
40	2	-90.78
40	4	-87.64
40	8	-87.57
40	9	-91.96
40	10	-86.90
40	11	-92.11
40	12	-92.53
40	13	-84.14
40	15	-77.69
40	16	-86.54
40	17	-88.69
40	18	-89.80
40	19	-28.70
40	22	-40.23
40	27	-75.61
40	30	-86.95
40	34	-91.86
40	35	-92.47
40	38	-89.63
40	41	-91.26
40	48	-90.45
40	50	-78.09
40	54	-50.17
40	57	-91.39
40	58	-94.87
40	59	-88.59
40	61	-85.89
40	63	-84.55
40	65	-84.63
40	68	-82.14
40	69	-68.68
40	75	-86.61
40	77	-93.12
40	82	-92.01
40	85	-94.20
40	90	-81.57
41	1	-85.25
41	2	-89.05
41	3	-92.35
41	4	-77.47
41	6	-94.80
41	7	-93.72
41	8	-94.89
41	10	-87.68
41	11	-84.55
41	12	-66.45
41	14	-93.03
41	15	-93.55
41	16	-93.04
41	17	-65.91
41	18	-70.88
41	19	-91.38
41	22	-90.87
41	24	-94.28
41	27	-93.59
41	28	-94.94
41	30	-93.52
41	31	-86.28
41	32	-83.34
41	35	-90.86
41	38	-91.75
41	40	-91.26
41	42	-90.29
41	43	-90.41
41	47	-84.04
41	48	-82.13
41	50	-85.42
41	54	-91.58
41	55	-92.36
41	57	-66.74
41	58	-84.94
41	60	-82.60
41	61	-90.95
41	63	-78.48
41	64	-87.99
41	65	-93.87
41	66	-80.91
41	69	-87.96
41	70	-82.91
41	71	-86.54
41	74	-92.33
41	77	-85.22
41	79	-85.73
41	80	-88.61
41	82	-81.73
41	83	-88.07
41	85	-82.54
41	86	-90.69
41	87	-81.82
41	89	-85.22
41	90	-89.43
42	4	-88.29
42	11	-80.47
42	12	-87.38
42	17	-91.67
42	18	-93.49
42	31	-93.95
42	41	-90.29
42	47	-76.76
42	55	-94.41
42	57	-87.38
42	58	-73.80
42	60	-83.18
42	63	-91.15
42	64	-71.70
42	66	-90.51
42	70	-80.34
42	77	-77.92
42	79	-87.61
42	83	-90.66
42	85	-77.86
42	86	-92.70
42	87	-92.82
42	89	-91.62
43	1	-88.52
43	2	-93.26
43	3	-87.63
43	6	-83.29
43	7	-82.14
43	10	-94.67
43	12	-91.14
43	14	-72.07
43	17	-92.00
43	18	-90.35
43	21	-88.14
43	23	-84.01
43	24	-87.66
43	25	-89.91
43	26	-76.68
43	28	-91.00
43	31	-77.03
43	32	-78.93
43	35	-93.38
43	37	-85.10
43	41	-90.41
43	44	-90.66
43	45	-84.82
43	46	-88.75
43	47	-94.13
43	48	-90.30
43	52	-91.53
43	55	-85.46
43	56	-90.04
43	57	-92.22
43	60	-91.31
43	62	-87.43
43	66	-84.57
43	67	-88.49
43	70	-92.75
43	71	-84.69
43	72	-91.96
43	73	-90.01
43	74	-66.95
43	76	-84.33
43	79	-88.63
43	80	-61.70
43	81	-87.92
43	82	-88.39
43	83	-86.35
43	84	-78.46
43	85	-94.87
43	86	-85.92
43	87	-80.63
43	88	-89.55
43	89	-82.97
44	6	-81.54
44	7	-94.92
44	14	-91.21
44	21	-75.89
44	23	-94.70
44	25	-93.32
44	26	-86.70
44	31	-92.26
44	37	-80.49
44	43	-90.66
44	45	-75.61
44	55	-88.22
44	62	-86.27
44	74	-87.63
44	76	-80.45
44	80	-92.39
44	81	-81.85
44	83	-92.88
44	84	-83.31
44	86	-90.57
44	87	-94.60
44	89	-93.35
45	6	-76.20
45	7	-90.66
45	14	-85.33
45	21	-70.21
45	23	-90.49
45	24	-94.41
45	25	-89.83
45	26	-77.94
45	31	-88.35
45	32	-92.04
45	37	-77.03
45	43	-84.82
45	44	-75.61
45	46	-93.35
45	52	-93.27
45	55	-85.90
45	62	-80.99
45	66	-92.43
45	67	-94.48
45	71	-94.56
45	74	-80.15
45	76	-75.84
45	79	-93.19
45	80	-87.41
45	81	-76.17
45	83	-90.61
45	84	-70.80
45	86	-88.33
45	87	-91.24
45	88	-91.55
45	89	-90.35
46	1	-90.40
46	2	-92.59
46	3	-80.95
46	5	-90.02
46	7	-75.09
46	14	-83.88
46	20	-91.68
46	21	-93.35
46	23	-70.74
46	24	-73.85
46	25	-81.46
46	26	-87.71
46	28	-79.98
46	29	-92.54
46	31	-93.65
46	32	-90.30
46	33	-84.74
46	35	-91.39
46	36	-94.24
46	38	-94.71
46	39	-91.49
46	43	-88.75
46	45	-93.35
46	48	-93.06
46	49	-89.37
46	51	-89.65
46	52	-75.56
46	53	-93.72
46	56	-66.11
46	62	-88.73
46	67	-69.38
46	71	-87.71
46	72	-80.08
46	73	-70.98
46	74	-90.22
46	78	-86.53
46	80	-88.73
46	81	-91.45
46	82	-92.01
46	84	-90.68
46	87	-93.97
46	88	-74.16
47	1	-94.40
47	4	-84.04
47	6	-94.96
47	11	-78.37
47	12	-79.07
47	17	-86.71
47	18	-88.85
47	31	-89.15
47	32	-91.47
47	41	-84.04
47	42	-76.76
47	43	-94.13
47	48	-93.04
47	50	-93.37
47	55	-91.02
47	57	-79.93
47	58	-66.11
47	60	-70.14
47	63	-87.57
47	64	-67.79
47	66	-83.82
47	69	-93.90
47	70	-60.28
47	71	-94.58
47	74	-94.81
47	77	-76.34
47	79	-80.63
47	80	-93.33
47	82	-92.69
47	83	-85.54
47	85	-65.24
47	86	-88.74
47	87	-87.26
47	89	-85.99
48	1	-67.64
48	2	-75.65
48	3	-85.37
48	4	-87.43
48	7	-89.99
48	8	-89.48
48	9	-90.24
48	10	-76.09
48	11	-92.70
48	12	-86.25
48	13	-91.85
48	14	-91.35
48	15	-90.19
48	16	-86.61
48	17	-79.80
48	18	-73.65
48	19	-90.63
48	22	-90.01
48	23	-91.81
48	24	-88.91
48	26	-94.52
48	27	-90.69
48	28	-88.70
48	29	-94.87
48	30	-87.28
48	31	-89.83
48	32	-82.00
48	34	-91.69
48	35	-79.62
48	36	-92.70
48	38	-82.66
48	39	-90.08
48	40	-90.45
48	41	-82.13
48	43	-90.30
48	46	-93.06
48	47	-93.04
48	49	-94.66
48	50	-82.66
48	51	-90.46
48	53	-91.16
48	54	-90.33
48	56	-91.99
48	57	-86.11
48	58	-93.47
48	60	-91.89
48	61	-83.17
48	63	-85.18
48	65	-88.75
48	66	-88.61
48	67	-90.38
48	68	-91.63
48	69	-87.38
48	70	-92.33
48	71	-77.36
48	72	-89.90
48	73	-91.02
48	74	-92.81
48	75	-94.56
48	77	-93.28
48	79	-92.70
48	80	-88.22
48	82	-60.53
48	83	-93.38
48	85	-92.21
48	86	-94.80
48	87	-87.02
48	89	-90.75
48	90	-83.11
49	1	-92.93
49	2	-91.29
49	3	-88.21
49	5	-75.23
49	7	-92.20
49	8	-94.16
49	9	-90.58
49	10	-93.97
49	16	-93.83
49	20	-75.73
49	23	-92.18
49	24	-87.86
49	28	-83.54
49	29	-70.98
49	30	-93.74
49	33	-85.54
49	34	-91.92
49	35	-89.17
49	36	-82.00
49	38	-91.24
49	39	-80.02
49	46	-89.37
49	48	-94.66
49	51	-76.32
49	52	-92.16
49	53	-82.95
49	56	-86.46
49	61	-93.90
49	67	-87.41
49	71	-92.96
49	72	-81.68
49	73	-85.69
49	78	-77.31
49	82	-94.65
49	88	-92.96
50	1	-86.78
50	2	-84.66
50	3	-93.66
50	4	-83.43
50	8	-86.40
50	9	-90.10
50	10	-78.46
50	11	-90.34
50	12	-87.99
50	13	-86.28
50	15	-81.62
50	16	-83.60
50	17	-81.17
50	18	-81.92
50	19	-78.51
50	22	-77.03
50	27	-81.66
50	30	-84.43
50	32	-91.49
50	34	-90.72
50	35	-87.42
50	36	-94.86
50	38	-84.86
50	39	-93.69
50	40	-78.09
50	41	-85.42
50	47	-93.37
50	48	-82.66
50	51	-94.62
50	53	-93.60
50	54	-78.09
50	57	-86.71
50	58	-92.76
50	59	-91.08
50	60	-93.64
50	61	-80.53
50	63	-78.10
50	65	-83.73
50	66	-93.12
50	68	-85.17
50	69	-69.33
50	70	-93.36
50	71	-90.19
50	75	-89.71
50	77	-91.38
50	82	-85.20
50	85	-91.69
50	87	-92.95
50	90	-73.80
51	1	-88.49
51	2	-85.25
51	3	-84.62
51	5	-85.64
51	7	-90.93
51	8	-89.81
51	9	-85.23
51	10	-89.05
51	13	-93.83
51	14	-94.76
51	15	-94.66
51	16	-89.06
51	18	-94.32
51	20	-85.92
51	23	-91.51
51	24	-86.03
51	28	-80.32
51	29	-76.10
51	30	-89.00
51	32	-93.77
51	33	-90.19
51	34	-87.47
51	35	-81.93
51	36	-75.73
51	38	-85.03
51	39	-62.76
51	46	-89.65
51	48	-90.46
51	49	-76.32
51	50	-94.62
51	52	-93.45
51	53	-74.00
51	56	-86.57
51	61	-88.97
51	65	-91.34
51	67	-86.41
51	68	-94.41
51	71	-89.31
51	72	-79.41
51	73	-85.16
51	78	-85.61
51	82	-90.70
51	88	-93.71
51	90	-91.74
52	1	-94.70
52	3	-88.44
52	5	-91.29
52	7	-83.62
52	14	-87.27
52	20	-92.92
52	21	-92.42
52	23	-80.21
52	24	-84.66
52	25	-73.23
52	26	-88.71
52	28	-87.48
52	32	-94.00
52	33	-83.57
52	39	-94.98
52	43	-91.53
52	45	-93.27
52	46	-75.56
52	49	-92.16
52	51	-93.45
52	56	-80.51
52	62	-86.64
52	67	-82.66
52	71	-92.61
52	72	-87.18
52	73	-82.76
52	74	-92.04
52	78	-87.99
52	80	-92.02
52	81	-90.00
52	84	-91.35
52	88	-62.82
53	1	-90.13
53	2	-85.33
53	3	-89.20
53	5	-89.40
53	7	-94.34
53	8	-85.59
53	9	-77.92
53	10	-88.03
53	13	-90.68
53	15	-92.22
53	16	-85.55
53	18	-94.76
53	20	-89.02
53	23	-94.95
53	24	-90.77
53	27	-93.11
53	28	-87.04
53	29	-78.35
53	30	-85.22
53	33	-93.91
53	34	-81.01
53	35	-82.74
53	36	-60.10
53	38	-82.42
53	39	-65.95
53	46	-93.72
53	48	-91.16
53	49	-82.95
53	50	-93.60
53	51	-74.00
53	56	-91.48
53	59	-92.18
53	61	-86.49
53	65	-87.99
53	67	-91.21
53	68	-91.54
53	71	-91.70
53	72	-86.72
53	73	-90.45
53	75	-92.55
53	78	-90.19
53	82	-91.85
53	90	-89.87
54	1	-92.76
54	2	-90.38
54	4	-88.35
54	8	-86.55
54	9	-91.25
54	10	-86.40
54	11	-92.75
54	12	-92.92
54	13	-82.73
54	15	-75.43
54	16	-85.56
54	17	-89.03
54	18	-89.96
54	19	-51.76
54	22	-51.76
54	27	-72.95
54	30	-85.97
54	34	-91.10
54	35	-92.06
54	38	-89.00
54	40	-50.17
54	41	-91.58
54	48	-90.33
54	50	-78.09
54	57	-91.83
54	59	-87.61
54	61	-85.04
54	63	-85.30
54	65	-83.36
54	68	-80.51
54	69	-70.14
54	75	-85.49
54	77	-93.71
54	82	-91.93
54	85	-94.69
54	90	-80.58
55	6	-75.76
55	7	-93.81
55	12	-91.44
55	14	-89.72
55	17	-94.40
55	18	-94.07
55	21	-90.00
55	23	-94.53
55	26	-88.06
55	31	-80.11
55	32	-89.39
55	37	-75.93
55	41	-92.36
55	42	-94.41
55	43	-85.46
55	44	-88.22
55	45	-85.90
55	47	-91.02
55	57	-92.67
55	58	-93.34
55	60	-87.47
55	62	-92.92
55	64	-91.16
55	66	-83.80
55	70	-89.37
55	71	-93.72
55	74	-83.24
55	76	-76.54
55	79	-81.62
55	80	-86.53
55	81	-91.64
55	82	-94.55
55	83	-74.88
55	84	-85.38
55	85	-92.85
55	86	-63.58
55	87	-84.40
55	89	-78.99
56	1	-89.10
56	2	-90.86
56	3	-77.72
56	5	-87.93
56	7	-77.76
56	10	-93.85
56	14	-86.16
56	18	-94.79
56	20	-89.73
56	23	-76.45
56	24	-68.92
56	25	-85.61
56	26	-89.99
56	28	-73.80
56	29	-90.15
56	31	-94.28
56	32	-90.32
56	33	-83.80
56	35	-89.31
56	36	-92.07
56	38	-93.01
56	39	-88.84
56	43	-90.04
56	46	-66.11
56	48	-91.99
56	49	-86.46
56	51	-86.57
56	52	-80.51
56	53	-91.48
56	62	-91.36
56	67	-60.86
56	71	-86.71
56	72	-73.43
56	73	-55.13
56	74	-91.72
56	78	-84.11
56	80	-89.65
56	81	-93.61
56	82	-91.04
56	84	-92.54
56	87	-94.27
56	88	-80.40
57	1	-88.70
57	2	-91.51
57	3	-94.56
57	4	-72.97
57	10	-90.00
57	11	-79.79
57	12	-57.01
57	14	-94.76
57	15	-94.30
57	16	-94.44
57	17	-72.73
57	18	-78.33
57	19	-91.49
57	22	-91.05
57	27	-94.23
57	30	-94.87
57	31	-87.84
57	32	-86.82
57	35	-93.12
57	38	-93.61
57	40	-91.39
57	41	-66.74
57	42	-87.38
57	43	-92.22
57	47	-79.93
57	48	-86.11
57	50	-86.71
57	54	-91.83
57	55	-92.67
57	58	-80.41
57	60	-79.95
57	61	-92.63
57	63	-77.55
57	64	-85.05
57	65	-95.00
57	66	-82.13
57	69	-88.29
57	70	-79.26
57	71	-89.73
57	74	-93.72
57	77	-80.62
57	79	-84.99
57	80	-90.77
57	82	-86.00
57	83	-88.06
57	85	-77.03
57	86	-90.86
57	87	-84.19
57	89	-86.05
57	90	-90.96
58	4	-82.27
58	11	-71.63
58	12	-80.63
58	17	-86.82
58	18	-89.34
58	19	-94.90
58	22	-94.67
58	31	-91.48
58	32	-92.92
58	40	-94.87
58	41	-84.94
58	42	-73.80
58	47	-66.11
58	48	-93.47
58	50	-92.76
58	55	-93.34
58	57	-80.41
58	60	-77.98
58	63	-86.41
58	64	-72.65
58	66	-86.95
58	69	-92.94
58	70	-73.13
58	77	-67.38
58	79	-85.05
58	80	-94.91
58	82	-93.35
58	83	-88.81
58	85	-58.16
58	86	-91.42
58	87	-89.63
58	89	-88.97
59	2	-92.70
59	8	-80.84
59	9	-85.76
59	10	-90.88
59	13	-73.30
59	15	-80.88
59	16	-84.41
59	19	-88.64
59	22	-88.73
59	27	-81.58
59	30	-83.80
59	34	-83.38
59	35	-93.19
59	36	-92.72
59	38	-89.39
59	39	-93.90
59	40	-88.59
59	50	-91.08
59	53	-92.18
59	54	-87.61
59	61	-87.30
59	65	-80.76
59	68	-75.56
59	69	-90.58
59	75	-59.44
59	90	-87.58
60	1	-92.99
60	4	-85.89
60	6	-92.23
60	11	-83.88
60	12	-77.64
60	14	-94.53
60	17	-86.21
60	18	-87.68
60	31	-84.85
60	32	-88.70
60	37	-92.59
60	41	-82.60
60	42	-83.18
60	43	-91.31
60	47	-70.14
60	48	-91.89
60	50	-93.64
60	55	-87.47
60	57	-79.95
60	58	-77.98
60	63	-88.59
60	64	-75.61
60	66	-77.45
60	69	-94.61
60	70	-60.19
60	71	-92.76
60	74	-92.02
60	76	-92.65
60	77	-82.92
60	79	-71.81
60	80	-90.44
60	82	-91.22
60	83	-79.83
60	84	-94.64
60	85	-76.20
60	86	-84.49
60	87	-82.69
60	89	-80.25
61	1	-85.23
61	2	-76.78
61	3	-90.90
61	4	-91.57
61	8	-74.83
61	9	-79.99
61	10	-69.69
61	12	-93.20
61	13	-81.22
61	15	-80.02
61	16	-64.75
61	17	-88.57
61	18	-87.24
61	19	-86.14
61	22	-85.48
61	24	-93.36
61	27	-81.73
61	28	-91.69
61	29	-92.78
61	30	-67.79
61	32	-92.44
61	34	-81.78
61	35	-79.62
61	36	-88.42
61	38	-68.68
61	39	-87.16
61	40	-85.89
61	41	-90.95
61	48	-83.17
61	49	-93.90
61	50	-80.53
61	51	-88.97
61	53	-86.49
61	54	-85.04
61	57	-92.63
61	59	-87.30
61	63	-88.90
61	65	-72.95
61	67	-94.28
61	68	-81.37
61	69	-84.36
61	71	-89.15
61	72	-92.26
61	73	-94.30
61	75	-86.36
61	82	-85.69
61	90	-67.51
62	3	-93.38
62	6	-88.17
62	7	-87.57
62	14	-84.04
62	21	-76.78
62	23	-86.13
62	24	-91.64
62	25	-79.80
62	26	-78.37
62	28	-94.44
62	31	-92.47
62	32	-93.34
62	37	-88.86
62	43	-87.43
62	44	-86.27
62	45	-80.99
62	46	-88.73
62	52	-86.64
62	55	-92.92
62	56	-91.36
62	67	-91.24
62	71	-94.35
62	72	-94.75
62	73	-92.14
62	74	-85.45
62	76	-88.25
62	80	-89.36
62	81	-67.54
62	84	-80.36
62	86	-94.20
62	87	-94.26
62	88	-84.26
62	89	-94.53
63	1	-88.77
63	2	-89.61
63	4	-66.67
63	8	-92.75
63	10	-86.49
63	11	-82.51
63	12	-80.45
63	13	-92.55
63	15	-89.48
63	16	-90.92
63	17	-73.23
63	18	-79.26
63	19	-84.69
63	22	-84.00
63	27	-89.22
63	30	-91.45
63	31	-92.84
63	32	-90.35
63	35	-91.64
63	38	-90.97
63	40	-84.55
63	41	-78.48
63	42	-91.15
63	47	-87.57
63	48	-85.18
63	50	-78.10
63	54	-85.30
63	57	-77.55
63	58	-86.41
63	60	-88.59
63	61	-88.90
63	64	-90.64
63	65	-91.12
63	66	-89.52
63	68	-91.73
63	69	-79.31
63	70	-87.84
63	71	-91.00
63	75	-94.70
63	77	-84.20
63	79	-91.68
63	80	-94.08
63	82	-86.40
63	83	-93.62
63	85	-84.78
63	87	-90.18
63	89	-92.04
63	90	-85.90
64	4	-87.77
64	11	-82.04
64	12	-84.39
64	17	-90.10
64	18	-91.78
64	31	-90.70
64	32	-93.49
64	41	-87.99
64	42	-71.70
64	47	-67.79
64	55	-91.16
64	57	-85.05
64	58	-72.65
64	60	-75.61
64	63	-90.64
64	66	-86.47
64	70	-71.63
64	77	-79.98
64	79	-81.92
64	80	-94.77
64	82	-94.92
64	83	-86.21
64	85	-75.11
64	86	-88.96
64	87	-89.51
64	89	-87.64
65	1	-90.30
65	2	-84.76
65	3	-94.27
65	4	-93.51
65	8	-63.47
65	9	-79.07
65	10	-81.14
65	13	-69.71
65	15	-72.70
65	16	-65.07
65	17	-91.79
65	18	-91.17
65	19	-84.84
65	22	-84.41
65	27	-75.89
65	28	-94.60
65	29	-93.90
65	30	-64.36
65	34	-78.62
65	35	-86.02
65	36	-89.40
65	38	-79.07
65	39	-89.48
65	40	-84.63
65	41	-93.87
65	48	-88.75
65	50	-83.73
65	51	-91.34
65	53	-87.99
65	54	-83.36
65	57	-95.00
65	59	-80.76
65	61	-72.95
65	63	-91.12
65	68	-71.21
65	69	-85.05
65	71	-93.16
65	72	-94.96
65	75	-79.26
65	82	-90.55
65	90	-74.93
66	1	-89.06
66	2	-93.35
66	3	-92.84
66	4	-88.20
66	6	-88.29
66	7	-92.04
66	10	-93.38
66	11	-89.40
66	12	-79.42
66	14	-89.37
66	17	-85.11
66	18	-84.81
66	23	-93.44
66	24	-94.03
66	26	-90.70
66	31	-73.00
66	32	-80.86
66	35	-94.30
66	37	-89.12
66	41	-80.91
66	42	-90.51
66	43	-84.57
66	45	-92.43
66	47	-83.82
66	48	-88.61
66	50	-93.12
66	55	-83.80
66	57	-82.13
66	58	-86.95
66	60	-77.45
66	63	-89.52
66	64	-86.47
66	67	-94.90
66	69	-94.79
66	70	-80.86
66	71	-87.85
66	74	-86.15
66	76	-88.98
66	77	-89.18
66	79	-73.69
66	80	-83.03
66	82	-87.14
66	83	-75.53
66	84	-90.21
66	85	-85.42
66	86	-80.73
66	87	-65.95
66	89	-65.95
67	1	-87.10
67	2	-89.47
67	3	-73.01
67	5	-89.43
67	7	-74.29
67	9	-94.67
67	10	-92.67
67	14	-84.50
67	18	-93.41
67	20	-90.98
67	21	-94.87
67	23	-74.45
67	24	-57.15
67	25	-86.40
67	26	-89.09
67	28	-71.52
67	29	-90.61
67	31	-92.98
67	32	-88.39
67	33	-86.41
67	35	-87.92
67	36	-91.97
67	38	-92.03
67	39	-88.52
67	43	-88.49
67	45	-94.48
67	46	-69.38
67	48	-90.38
67	49	-87.41
67	51	-86.41
67	52	-82.66
67	53	-91.21
67	56	-60.86
67	61	-94.28
67	62	-91.24
67	66	-94.90
67	71	-84.16
67	72	-72.95
67	73	-57.15
67	74	-90.54
67	78	-86.25
67	80	-87.89
67	81	-93.38
67	82	-89.26
67	84	-91.73
67	87	-92.88
67	88	-81.82
68	1	-93.21
68	2	-89.19
68	4	-93.98
68	8	-76.09
68	9	-84.69
68	10	-86.02
68	13	-55.31
68	15	-64.36
68	16	-78.37
68	17	-93.16
68	18	-93.03
68	19	-82.28
68	22	-82.19
68	27	-67.73
68	30	-78.10
68	34	-83.45
68	35	-90.29
68	36	-92.51
68	38	-85.55
68	39	-92.88
68	40	-82.14
68	48	-91.63
68	50	-85.17
68	51	-94.41
68	53	-91.54
68	54	-80.51
68	59	-75.56
68	61	-81.37
68	63	-91.73
68	65	-71.21
68	69	-84.55
68	75	-71.13
68	82	-93.17
68	90	-80.21
69	1	-90.49
69	2	-88.69
69	4	-83.90
69	8	-87.83
69	9	-91.78
69	10	-84.12
69	11	-90.00
69	12	-89.65
69	13	-86.06
69	15	-80.53
69	16	-86.02
69	17	-84.63
69	18	-86.11
69	19	-69.33
69	22	-66.67
69	27	-79.66
69	30	-86.60
69	32	-94.00
69	34	-92.02
69	35	-90.76
69	38	-88.22
69	40	-68.68
69	41	-87.96
69	47	-93.90
69	48	-87.38
69	50	-69.33
69	54	-70.14
69	57	-88.29
69	58	-92.94
69	59	-90.58
69	60	-94.61
69	61	-84.36
69	63	-79.31
69	65	-85.05
69	66	-94.79
69	68	-84.55
69	70	-94.13
69	71	-93.16
69	75	-88.96
69	77	-91.14
69	82	-89.20
69	85	-92.06
69	87	-94.89
69	90	-79.07
70	1	-93.59
70	4	-84.67
70	6	-93.67
70	11	-81.18
70	12	-77.57
70	17	-86.15
70	18	-88.03
70	31	-87.12
70	32	-90.04
70	37	-93.98
70	41	-82.91
70	42	-80.34
70	43	-92.75
70	47	-60.28
70	48	-92.33
70	50	-93.36
70	55	-89.37
70	57	-79.26
70	58	-73.13
70	60	-60.19
70	63	-87.84
70	64	-71.63
70	66	-80.86
70	69	-94.13
70	71	-93.60
70	74	-93.47
70	76	-94.04
70	77	-79.84
70	79	-76.89
70	80	-91.90
70	82	-91.83
70	83	-82.98
70	85	-71.07
70	86	-86.78
70	87	-85.05
70	89	-83.38
71	1	-69.00
71	2	-81.85
71	3	-76.67
71	4	-92.01
71	6	-93.78
71	7	-82.37
71	8	-93.26
71	9	-92.75
71	10	-85.38
71	12	-89.22
71	14	-84.99
71	15	-94.76
71	16	-91.26
71	17	-86.62
71	18	-82.83
71	22	-94.97
71	23	-85.37
71	24	-81.82
71	25	-93.34
71	26	-89.89
71	28	-83.57
71	29	-94.05
71	30	-91.66
71	31	-86.89
71	32	-74.93
71	34	-94.20
71	35	-82.19
71	36	-93.03
71	37	-94.66
71	38	-87.36
71	39	-89.83
71	41	-86.54
71	43	-84.69
71	45	-94.56
71	46	-87.71
71	47	-94.58
71	48	-77.36
71	49	-92.96
71	50	-90.19
71	51	-89.31
71	52	-92.61
71	53	-91.70
71	55	-93.72
71	56	-86.71
71	57	-89.73
71	60	-92.76
71	61	-89.15
71	62	-94.35
71	63	-91.00
71	65	-93.16
71	66	-87.85
71	67	-84.16
71	69	-93.16
71	70	-93.60
71	72	-85.44
71	73	-85.56
71	74	-88.33
71	76	-94.31
71	78	-94.24
71	79	-92.38
71	80	-81.82
71	82	-73.01
71	83	-92.23
71	84	-91.55
71	85	-94.38
71	86	-93.19
71	87	-84.89
71	88	-91.50
71	89	-89.18
71	90	-89.96
72	1	-86.76
72	2	-87.21
72	3	-74.66
72	5	-86.11
72	7	-83.11
72	8	-94.18
72	9	-91.70
72	10	-91.03
72	14	-89.43
72	16	-93.07
72	18	-93.56
72	20	-87.68
72	23	-83.64
72	24	-73.06
72	25	-90.71
72	26	-93.00
72	28	-55.31
72	29	-85.80
72	30	-93.19
72	32	-90.47
72	33	-85.97
72	34	-93.30
72	35	-84.76
72	36	-87.62
72	38	-89.36
72	39	-82.89
72	43	-91.96
72	46	-80.08
72	48	-89.90
72	49	-81.68
72	51	-79.41
72	52	-87.18
72	53	-86.72
72	56	-73.43
72	61	-92.26
72	62	-94.75
72	65	-94.96
72	67	-72.95
72	71	-85.44
72	73	-69.33
72	74	-93.81
72	78	-83.13
72	80	-91.16
72	82	-89.28
72	87	-94.66
72	88	-87.27
72	90	-94.11
73	1	-87.93
73	2	-89.66
73	3	-75.00
73	5	-87.84
73	7	-78.03
73	9	-94.31
73	10	-92.89
73	14	-86.45
73	18	-94.09
73	20	-89.56
73	23	-77.72
73	24	-65.16
73	25	-87.09
73	26	-90.45
73	28	-69.30
73	29	-89.37
73	31	-94.08
73	32	-89.73
73	33	-84.83
73	35	-87.93
73	36	-91.14
73	38	-91.95
73	39	-87.58
73	43	-90.01
73	46	-70.98
73	48	-91.02
73	49	-85.69
73	51	-85.16
73	52	-82.76
73	53	-90.45
73	56	-55.13
73	61	-94.30
73	62	-92.14
73	67	-57.15
73	71	-85.56
73	72	-69.33
73	74	-91.86
73	78	-84.27
73	80	-89.45
73	81	-94.23
73	82	-90.08
73	84	-92.89
73	87	-93.93
73	88	-82.54
74	1	-91.39
74	3	-90.35
74	6	-78.40
74	7	-84.99
74	12	-92.67
74	14	-75.53
74	17	-93.89
74	18	-92.61
74	21	-84.93
74	23	-85.98
74	24	-90.01
74	25	-89.75
74	26	-72.46
