1	3	-90.93
1	4	-78.06
1	6	-94.09
1	7	-94.14
1	9	-92.29
1	10	-62.76
1	11	-85.61
1	18	-88.13
1	20	-88.91
1	21	-92.51
1	22	-75.73
1	24	-93.21
1	27	-84.49
1	29	-85.35
1	30	-69.40
1	31	-92.60
1	33	-93.00
1	36	-92.90
1	37	-89.16
1	38	-91.56
1	39	-87.23
1	41	-92.94
1	42	-91.23
1	43	-88.75
1	44	-94.66
1	45	-84.90
1	49	-83.43
1	51	-94.31
1	52	-84.32
1	53	-93.87
1	54	-74.83
1	55	-91.32
1	56	-92.43
1	58	-75.36
1	60	-85.64
1	62	-91.00
1	63	-78.62
1	64	-74.29
1	65	-93.00
1	67	-76.38
1	68	-72.40
1	69	-90.33
1	70	-91.99
1	71	-70.03
1	72	-83.47
1	76	-66.84
1	77	-89.01
1	79	-94.72
1	82	-90.77
1	83	-77.69
1	84	-83.34
1	85	-79.93
1	86	-91.04
1	87	-91.85
1	88	-84.95
1	89	-81.18
1	92	-89.12
1	94	-91.34
1	95	-56.73
1	97	-89.39
1	98	-88.14
1	99	-89.87
2	7	-79.83
2	8	-88.73
2	11	-94.76
2	13	-80.76
2	15	-91.00
2	16	-75.53
2	17	-88.38
2	19	-78.03
2	20	-90.55
2	21	-86.95
2	22	-94.44
2	25	-88.49
2	26	-73.30
2	29	-94.10
2	32	-62.76
2	35	-77.16
2	40	-69.47
2	41	-89.66
2	44	-93.36
2	45	-92.35
2	46	-85.76
2	49	-92.81
2	52	-91.30
2	55	-91.61
2	56	-92.80
2	60	-89.90
2	62	-86.37
2	65	-91.03
2	67	-94.72
2	69	-89.53
2	70	-81.92
2	74	-90.10
2	75	-88.00
2	79	-93.42
2	81	-85.30
2	82	-84.21
2	83	-93.98
2	85	-93.77
2	88	-92.21
2	90	-92.63
2	91	-90.12
2	92	-90.47
2	94	-92.29
2	96	-85.55
2	97	-93.59
3	1	-90.93
3	10	-89.45
3	18	-66.41
3	24	-86.33
3	30	-87.48
3	31	-86.82
3	33	-94.84
3	37	-88.69
3	39	-79.04
3	42	-91.92
3	48	-93.51
3	51	-93.04
3	53	-90.16
3	54	-94.96
3	58	-85.12
3	59	-94.43
3	63	-84.26
3	64	-89.96
3	68	-92.11
3	71	-90.97
3	72	-78.06
3	76	-91.36
3	77	-85.85
3	84	-82.07
3	85	-94.76
3	87	-59.54
3	89	-93.39
3	95	-91.27
3	98	-70.88
3	99	-91.69
4	1	-78.06
4	7	-93.99
4	10	-82.29
4	11	-74.27
4	18	-93.29
4	19	-93.22
4	20	-91.07
4	21	-93.56
4	22	-75.00
4	27	-69.90
4	29	-74.86
4	30	-84.03
4	37	-94.47
4	38	-84.49
4	39	-91.36
4	41	-94.59
4	43	-80.70
4	45	-88.15
4	49	-87.06
4	52	-86.21
4	54	-69.38
4	55	-93.65
4	56	-94.90
4	58	-85.62
4	60	-83.29
4	62	-91.68
4	63	-86.27
4	64	-85.69
4	65	-88.09
4	67	-71.21
4	68	-72.35
4	69	-85.44
4	70	-91.07
4	71	-83.41
4	72	-90.10
4	76	-74.44
4	77	-94.47
4	79	-89.91
4	82	-90.06
4	83	-75.01
4	84	-88.65
4	85	-84.66
4	86	-83.64
4	88	-88.07
4	89	-76.10
4	92	-91.24
4	94	-93.86
4	95	-79.61
4	97	-81.85
4	98	-92.76
4	99	-94.70
5	6	-77.26
5	7	-93.29
5	8	-94.71
5	9	-81.92
5	12	-81.20
5	13	-92.87
5	14	-74.49
5	15	-88.70
5	16	-94.85
5	17	-86.41
5	20	-90.03
5	21	-89.76
5	23	-80.40
5	28	-71.58
5	31	-94.47
5	33	-84.41
5	34	-84.93
5	36	-83.54
5	37	-92.19
5	41	-86.68
5	42	-89.05
5	44	-79.07
5	45	-92.02
5	46	-92.88
5	47	-83.34
5	48	-90.06
5	49	-92.72
5	50	-83.32
5	51	-89.05
5	52	-93.72
5	53	-92.55
5	55	-86.35
5	56	-83.57
5	57	-79.17
5	59	-87.67
5	61	-79.58
5	62	-91.83
5	66	-83.41
5	73	-86.71
5	74	-84.29
5	75	-93.70
5	77	-94.08
5	78	-84.99
5	80	-82.89
5	81	-89.80
5	82	-94.80
5	85	-94.08
5	88	-92.11
5	90	-79.29
5	91	-92.37
5	92	-89.88
5	93	-69.33
5	94	-85.64
5	96	-90.84
5	99	-89.36
5	100	-78.51
6	1	-94.09
6	5	-77.26
6	7	-91.17
6	9	-63.58
6	10	-93.03
6	12	-83.02
6	13	-92.64
6	14	-83.32
6	15	-91.10
6	16	-94.44
6	17	-85.38
6	20	-84.55
6	21	-86.25
6	22	-93.66
6	23	-87.32
6	24	-91.91
6	28	-61.70
6	30	-93.72
6	31	-90.92
6	33	-75.49
6	34	-90.02
6	36	-72.95
6	37	-86.94
6	41	-82.28
6	42	-82.69
6	44	-73.54
6	45	-86.53
6	46	-93.70
6	47	-89.90
6	48	-87.14
6	49	-87.43
6	50	-85.12
6	51	-84.90
6	52	-89.17
6	53	-89.02
6	54	-94.80
6	55	-79.56
6	56	-75.11
6	57	-87.01
6	59	-84.16
6	60	-93.41
6	61	-87.99
6	62	-88.21
6	64	-90.38
6	66	-78.49
6	67	-94.61
6	70	-92.60
6	71	-91.16
6	73	-86.94
6	74	-82.39
6	75	-94.93
6	77	-89.64
6	78	-89.10
6	80	-88.65
6	81	-89.66
6	82	-91.84
6	83	-93.91
6	85	-89.17
6	88	-86.71
6	90	-80.91
6	91	-94.15
6	92	-84.41
6	93	-80.15
6	94	-77.92
6	95	-93.02
6	96	-91.35
6	99	-82.45
6	100	-86.02
7	1	-94.14
7	2	-79.83
7	4	-93.99
7	5	-93.29
7	6	-91.17
7	8	-89.90
7	9	-90.62
7	10	-94.40
7	11	-92.76
7	13	-78.91
7	14	-91.50
7	15	-88.65
7	16	-79.44
7	17	-80.45
7	19	-82.74
7	20	-81.50
7	21	-73.69
7	22	-90.32
7	23	-92.58
7	25	-93.61
7	26	-80.21
7	27	-94.56
7	28	-91.40
7	29	-91.91
7	32	-77.44
7	33	-94.39
7	35	-87.68
7	36	-93.76
7	40	-82.99
7	41	-80.11
7	44	-87.06
7	45	-85.23
7	46	-85.61
7	49	-86.17
7	52	-84.26
7	54	-91.64
7	55	-83.38
7	56	-85.60
7	57	-93.16
7	60	-84.84
7	62	-72.60
7	64	-93.28
7	65	-91.33
7	67	-91.02
7	69	-88.23
7	70	-71.38
7	71	-92.70
7	74	-82.43
7	75	-88.55
7	79	-94.15
7	80	-92.42
7	81	-79.46
7	82	-73.65
7	83	-89.90
7	85	-88.03
7	88	-85.03
7	90	-87.09
7	91	-89.66
7	92	-81.33
7	94	-84.58
7	95	-93.28
7	96	-82.52
7	97	-92.44
7	99	-94.83
8	2	-88.73
8	5	-94.71
8	7	-89.90
8	13	-80.95
8	14	-90.87
8	15	-79.44
8	16	-82.19
8	17	-87.67
8	19	-94.18
8	20	-94.72
8	21	-91.45
8	23	-89.50
8	25	-85.89
8	26	-82.92
8	32	-90.39
8	35	-86.38
8	40	-91.99
8	41	-91.77
8	44	-92.74
8	46	-71.13
8	55	-93.82
8	56	-93.85
8	57	-90.49
8	62	-92.85
8	70	-93.20
8	74	-89.61
8	75	-58.16
8	80	-88.12
8	81	-83.18
8	82	-93.89
8	90	-89.85
8	91	-68.46
8	92	-94.59
8	94	-94.17
8	96	-79.07
9	1	-92.29
9	5	-81.92
9	6	-63.58
9	7	-90.62
9	10	-91.07
9	12	-85.18
9	13	-92.88
9	14	-86.16
9	15	-92.23
9	16	-94.52
9	17	-85.97
9	20	-82.29
9	21	-85.37
9	22	-91.93
9	23	-89.51
9	24	-90.84
9	28	-72.48
9	30	-91.86
9	31	-89.73
9	33	-73.69
9	34	-91.88
9	36	-70.65
9	37	-84.74
9	41	-81.57
9	42	-80.37
9	44	-75.88
9	45	-83.88
9	46	-94.26
9	47	-91.94
9	48	-86.88
9	49	-84.84
9	50	-86.93
9	51	-84.21
9	52	-87.09
9	53	-88.07
9	54	-93.19
9	55	-77.44
9	56	-73.51
9	57	-89.32
9	58	-93.39
9	59	-84.08
9	60	-91.97
9	61	-90.35
9	62	-86.99
9	63	-94.87
9	64	-87.98
9	66	-79.26
9	67	-93.01
9	70	-91.69
9	71	-88.90
9	72	-94.37
9	73	-88.09
9	74	-83.14
9	76	-94.52
9	77	-87.83
9	78	-90.90
9	80	-90.58
9	81	-90.13
9	82	-90.75
9	83	-92.25
9	85	-86.76
9	88	-84.12
9	90	-83.14
9	91	-94.98
9	92	-82.18
9	93	-83.84
9	94	-75.39
9	95	-91.07
9	96	-91.93
9	99	-79.41
9	100	-88.52
10	1	-62.76
10	3	-89.45
10	4	-82.29
10	6	-93.03
10	7	-94.40
10	9	-91.07
10	11	-88.14
10	18	-86.25
10	20	-88.56
10	21	-92.41
10	22	-79.17
10	24	-91.39
10	27	-87.32
10	28	-94.51
10	29	-87.85
10	30	-60.53
10	31	-90.69
10	33	-91.49
10	36	-91.44
10	37	-86.75
10	38	-93.36
10	39	-86.40
10	41	-92.56
10	42	-89.30
10	43	-90.87
10	44	-93.97
10	45	-84.49
10	48	-94.24
10	49	-83.06
10	51	-92.72
10	52	-84.66
10	53	-92.15
10	54	-79.29
10	55	-90.70
10	56	-91.68
10	58	-72.07
10	59	-93.93
10	60	-87.09
10	62	-91.12
10	63	-77.22
10	64	-67.73
10	65	-94.41
10	66	-93.82
10	67	-80.25
10	68	-77.64
10	69	-91.85
10	70	-92.58
10	71	-64.51
10	72	-81.14
10	74	-94.90
10	76	-73.85
10	77	-86.51
10	82	-91.36
10	83	-80.81
10	84	-82.45
10	85	-79.80
10	86	-92.91
10	87	-90.33
10	88	-84.59
10	89	-84.12
10	92	-88.76
10	94	-90.62
10	95	-60.94
10	97	-91.32
10	98	-86.76
10	99	-87.78
11	1	-85.61
11	2	-94.76
11	4	-74.27
11	7	-92.76
11	10	-88.14
11	19	-90.09
11	20	-91.58
11	21	-93.26
11	22	-79.80
11	27	-65.91
11	29	-52.05
11	30	-89.59
11	32	-93.15
11	38	-78.91
11	40	-93.26
11	41	-94.72
11	43	-80.06
11	45	-89.47
11	49	-88.69
11	52	-87.04
11	54	-77.62
11	55	-94.23
11	58	-90.89
11	60	-81.28
11	62	-91.16
11	63	-91.42
11	64	-89.96
11	65	-81.37
11	67	-77.22
11	68	-83.24
11	69	-78.48
11	70	-89.18
11	71	-88.21
11	72	-94.16
11	76	-84.26
11	79	-84.08
11	82	-88.44
11	83	-78.57
11	84	-93.11
11	85	-87.14
11	86	-78.02
11	88	-89.33
11	89	-83.78
11	92	-91.73
11	94	-94.56
11	95	-86.06
11	97	-69.10
12	5	-81.20
12	6	-83.02
12	9	-85.18
12	14	-88.09
12	17	-93.36
12	20	-93.67
12	21	-94.59
12	23	-90.35
12	24	-91.10
12	28	-82.33
12	31	-90.43
12	33	-81.35
12	34	-80.59
12	36	-81.69
12	37	-89.46
12	41	-92.45
12	42	-85.64
12	44	-88.12
12	45	-94.44
12	47	-83.60
12	48	-82.09
12	49	-94.84
12	50	-56.73
12	51	-82.27
12	53	-87.27
12	55	-91.33
12	56	-89.51
12	57	-89.55
12	59	-78.84
12	61	-83.02
12	66	-75.11
12	73	-70.40
12	74	-91.85
12	77	-91.33
12	78	-76.34
12	80	-91.68
12	88	-94.56
12	90	-89.79
12	92	-93.61
12	93	-74.00
12	94	-90.63
12	99	-87.04
12	100	-76.28
13	2	-80.76
13	5	-92.87
13	6	-92.64
13	7	-78.91
13	8	-80.95
13	9	-92.88
13	14	-89.51
13	15	-81.42
13	16	-65.83
13	17	-79.44
13	19	-88.26
13	20	-88.52
13	21	-83.00
13	23	-89.64
13	25	-89.30
13	26	-70.47
13	28	-92.19
13	32	-82.27
13	35	-83.88
13	40	-86.00
13	41	-84.76
13	44	-88.28
13	45	-91.49
13	46	-71.70
13	49	-92.24
13	52	-91.38
13	55	-87.99
13	56	-88.71
13	57	-90.55
13	60	-92.11
13	62	-84.93
13	69	-93.83
13	70	-85.33
13	74	-83.02
13	75	-78.37
13	80	-88.90
13	81	-69.33
13	82	-86.45
13	85	-93.66
13	88	-91.39
13	90	-85.88
13	91	-81.06
13	92	-88.35
13	94	-88.70
13	96	-67.51
14	5	-74.49
14	6	-83.32
14	7	-91.50
14	8	-90.87
14	9	-86.16
14	12	-88.09
14	13	-89.51
14	15	-82.29
14	16	-92.02
14	17	-82.61
14	20	-90.19
14	21	-88.45
14	23	-67.08
14	26	-92.88
14	28	-79.99
14	33	-89.45
14	34	-88.82
14	36	-88.69
14	41	-85.60
14	42	-92.81
14	44	-79.53
14	45	-92.70
14	46	-88.78
14	47	-86.30
14	48	-94.14
14	49	-93.47
14	50	-89.37
14	51	-93.26
14	52	-94.03
14	55	-86.70
14	56	-84.55
14	57	-66.56
14	59	-92.35
14	61	-82.92
14	62	-90.95
14	66	-89.33
14	70	-94.14
14	73	-91.75
14	74	-81.18
14	75	-89.61
14	78	-89.62
14	80	-72.05
14	81	-85.72
14	82	-93.95
14	85	-94.90
14	88	-92.75
14	90	-73.01
14	91	-87.64
14	92	-90.01
14	93	-81.54
14	94	-86.40
14	96	-86.47
14	99	-92.81
14	100	-84.78
15	2	-91.00
15	5	-88.70
15	6	-91.10
15	7	-88.65
15	8	-79.44
15	9	-92.23
15	13	-81.42
15	14	-82.29
15	16	-85.16
15	17	-80.95
15	20	-91.63
15	21	-88.08
15	23	-80.06
15	25	-92.75
15	26	-86.40
15	28	-89.78
15	32	-91.76
15	35	-91.45
15	36	-94.66
15	40	-93.82
15	41	-87.19
15	44	-86.75
15	45	-94.26
15	46	-76.04
15	47	-93.67
15	49	-94.98
15	52	-94.85
15	55	-89.63
15	56	-89.07
15	57	-81.92
15	61	-91.85
15	62	-90.45
15	70	-92.38
15	74	-83.02
15	75	-76.60
15	80	-77.64
15	81	-77.92
15	82	-92.72
15	88	-94.24
15	90	-81.46
15	91	-71.07
15	92	-91.46
15	93	-91.84
15	94	-89.89
15	96	-74.74
15	100	-93.38
16	2	-75.53
16	5	-94.85
16	6	-94.44
16	7	-79.44
16	8	-82.19
16	9	-94.52
16	13	-65.83
16	14	-92.02
16	15	-85.16
16	17	-83.73
16	19	-86.17
16	20	-89.88
16	21	-85.11
16	23	-92.09
16	25	-87.30
16	26	-52.05
16	28	-94.14
16	32	-78.68
16	35	-79.34
16	40	-82.74
16	41	-87.25
16	44	-90.71
16	45	-92.39
16	46	-76.17
16	49	-93.03
16	52	-91.97
16	55	-89.93
16	56	-90.79
16	57	-92.87
16	60	-92.02
16	62	-86.08
16	65	-94.72
16	69	-93.07
16	70	-84.89
16	74	-86.41
16	75	-80.58
16	80	-91.43
16	81	-77.47
16	82	-86.38
16	85	-94.27
16	88	-92.29
16	90	-88.96
16	91	-83.77
16	92	-89.74
16	94	-90.61
16	96	-76.32
17	2	-88.38
17	5	-86.41
17	6	-85.38
17	7	-80.45
17	8	-87.67
17	9	-85.97
17	12	-93.36
17	13	-79.44
17	14	-82.61
17	15	-80.95
17	16	-83.73
17	19	-91.53
17	20	-82.41
17	21	-75.23
17	22	-93.69
17	23	-84.71
17	26	-85.15
17	28	-84.66
17	32	-88.15
17	33	-90.94
17	35	-91.63
17	36	-90.08
17	37	-94.96
17	40	-91.11
17	41	-72.46
17	42	-93.32
17	44	-77.16
17	45	-87.06
17	46	-82.65
17	47	-94.34
17	49	-88.22
17	50	-94.42
17	51	-94.98
17	52	-88.08
17	54	-94.89
17	55	-78.86
17	56	-78.91
17	57	-85.62
17	59	-94.71
17	60	-90.92
17	61	-92.51
17	62	-80.81
17	64	-94.04
17	66	-92.27
17	67	-94.48
17	69	-94.36
17	70	-85.88
17	71	-93.97
17	74	-61.48
17	75	-85.71
17	80	-84.69
17	81	-70.40
17	82	-85.83
17	83	-93.59
17	85	-90.30
17	88	-87.03
17	90	-73.30
17	91	-85.30
17	92	-82.07
17	93	-90.13
17	94	-79.75
17	96	-76.62
17	99	-92.74
17	100	-92.88
18	1	-88.13
18	3	-66.41
18	4	-93.29
18	10	-86.25
18	22	-93.05
18	24	-85.79
18	30	-83.76
18	31	-85.93
18	33	-93.56
18	36	-93.93
18	37	-86.66
18	39	-76.67
18	42	-90.39
18	45	-94.25
18	48	-92.85
18	49	-93.71
18	51	-92.09
18	52	-94.92
18	53	-89.37
18	54	-92.90
18	58	-80.78
18	59	-93.59
18	63	-80.08
18	64	-86.93
18	66	-94.85
18	67	-93.36
18	68	-89.80
18	71	-88.13
18	72	-70.21
18	76	-88.82
18	77	-83.58
18	83	-93.69
18	84	-78.27
18	85	-92.65
18	87	-70.98
18	88	-94.35
18	89	-91.54
18	95	-88.50
18	98	-66.84
18	99	-89.93
19	2	-78.03
19	4	-93.22
19	7	-82.74
19	8	-94.18
19	11	-90.09
19	13	-88.26
19	16	-86.17
19	17	-91.53
19	20	-90.19
19	21	-88.28
19	22	-91.18
19	25	-93.57
19	26	-85.46
19	27	-92.52
19	29	-89.26
19	32	-73.30
19	35	-86.52
19	38	-93.23
19	40	-70.14
19	41	-91.10
19	44	-94.87
19	45	-91.00
19	46	-91.90
19	49	-91.20
19	52	-89.11
19	54	-91.86
19	55	-92.26
19	56	-93.72
19	60	-85.29
19	62	-86.28
19	65	-83.62
19	67	-91.23
19	69	-81.74
19	70	-78.84
19	74	-92.52
19	75	-93.58
19	79	-87.48
19	81	-90.30
19	82	-81.22
19	83	-90.48
19	85	-91.74
19	86	-93.28
19	88	-90.82
19	91	-94.91
19	92	-90.20
19	94	-92.91
19	95	-94.91
19	96	-91.14
19	97	-87.98
20	1	-88.91
20	2	-90.55
20	4	-91.07
20	5	-90.03
20	6	-84.55
20	7	-81.50
20	8	-94.72
20	9	-82.29
20	10	-88.56
20	11	-91.58
20	12	-93.67
20	13	-88.52
20	14	-90.19
20	15	-91.63
20	16	-89.88
20	17	-82.41
20	19	-90.19
20	21	-72.20
20	22	-85.43
20	23	-92.33
20	26	-90.48
20	27	-92.89
20	28	-86.08
20	29	-90.71
20	30	-90.22
20	31	-94.39
20	32	-89.11
20	33	-87.91
20	35	-94.84
20	36	-87.03
20	37	-90.19
20	40	-91.57
20	41	-73.01
20	42	-89.18
20	44	-81.44
20	45	-68.68
20	46	-91.67
20	48	-94.12
20	49	-72.48
20	50	-94.69
20	51	-92.38
20	52	-73.30
20	53	-94.01
20	54	-87.53
20	55	-68.79
20	56	-75.49
20	57	-92.60
20	58	-92.32
20	59	-92.73
20	60	-82.65
20	62	-70.88
20	63	-93.86
20	64	-86.02
20	65	-93.30
20	66	-90.67
20	67	-86.95
20	68	-92.20
20	69	-89.85
20	70	-81.57
20	71	-85.64
20	72	-94.52
20	74	-80.88
20	75	-93.60
20	76	-91.34
20	77	-91.92
20	80	-92.72
20	81	-86.27
20	82	-79.34
20	83	-85.46
20	85	-77.98
20	88	-68.55
20	89	-94.76
20	90	-85.38
20	91	-93.70
20	92	-28.70
20	93	-92.20
20	94	-70.98
20	95	-87.38
20	96	-88.90
20	97	-92.59
20	99	-87.81
21	1	-92.51
21	2	-86.95
21	4	-93.56
21	5	-89.76
21	6	-86.25
21	7	-73.69
21	8	-91.45
21	9	-85.37
21	10	-92.41
21	11	-93.26
21	12	-94.59
21	13	-83.00
21	14	-88.45
21	15	-88.08
21	16	-85.11
21	17	-75.23
21	19	-88.28
21	20	-72.20
21	22	-89.17
21	23	-90.37
21	26	-86.04
21	27	-94.72
21	28	-86.78
21	29	-92.44
21	30	-93.74
21	32	-85.61
21	33	-90.54
21	35	-91.90
21	36	-89.70
21	37	-93.41
21	40	-88.96
21	41	-66.45
21	42	-92.23
21	44	-80.67
21	45	-80.15
21	46	-87.48
21	49	-81.87
21	51	-94.59
21	52	-80.91
21	54	-90.77
21	55	-73.23
21	56	-77.47
21	57	-90.87
21	59	-94.66
21	60	-85.12
21	62	-64.93
21	64	-90.63
21	65	-93.49
21	66	-92.54
21	67	-90.21
21	68	-94.93
21	69	-90.36
21	70	-78.70
21	71	-90.27
21	74	-75.29
21	75	-90.04
21	76	-94.31
21	77	-94.91
21	80	-90.52
21	81	-79.83
21	82	-77.64
21	83	-88.98
21	85	-84.85
21	88	-79.99
21	90	-82.48
21	91	-90.34
21	92	-71.63
21	93	-92.45
21	94	-75.56
21	95	-91.39
21	96	-83.72
21	97	-93.62
21	99	-91.28
22	1	-75.73
22	2	-94.44
22	4	-75.00
22	6	-93.66
22	7	-90.32
22	9	-91.93
22	10	-79.17
22	11	-79.80
22	17	-93.69
22	18	-93.05
22	19	-91.18
22	20	-85.43
22	21	-89.17
22	27	-80.94
22	28	-94.87
22	29	-78.51
22	30	-82.45
22	32	-92.83
22	33	-93.72
22	36	-93.43
22	37	-91.85
22	38	-89.13
22	39	-92.49
22	40	-93.82
22	41	-90.41
22	42	-92.88
22	43	-87.83
22	44	-93.29
22	45	-80.86
22	49	-79.04
22	52	-77.57
22	54	-58.93
22	55	-89.10
22	56	-90.79
22	58	-85.46
22	60	-75.88
22	62	-86.72
22	63	-87.14
22	64	-80.88
22	65	-88.54
22	67	-55.31
22	68	-79.56
22	69	-84.26
22	70	-86.94
22	71	-77.45
22	72	-89.99
22	74	-93.23
22	76	-78.48
22	77	-92.32
22	79	-91.23
22	82	-85.30
22	83	-49.00
22	84	-89.89
22	85	-74.83
22	86	-88.62
22	88	-80.72
22	89	-84.50
22	92	-85.70
22	94	-89.40
22	95	-74.45
22	97	-84.33
22	98	-93.17
22	99	-91.59
23	5	-80.40
23	6	-87.32
23	7	-92.58
23	8	-89.50
23	9	-89.51
23	12	-90.35
23	13	-89.64
23	14	-67.08
23	15	-80.06
23	16	-92.09
23	17	-84.71
23	20	-92.33
23	21	-90.37
23	26	-92.93
23	28	-84.86
23	33	-92.14
23	34	-89.66
23	36	-91.52
23	41	-88.23
23	42	-94.99
23	44	-84.21
23	45	-94.62
23	46	-88.00
23	47	-86.66
23	50	-91.33
23	55	-89.51
23	56	-87.94
23	57	-51.76
23	59	-94.42
23	61	-83.57
23	62	-92.61
23	66	-91.89
23	73	-93.52
23	74	-84.27
23	75	-88.32
23	78	-90.84
23	80	-57.01
23	81	-86.33
23	88	-94.65
23	90	-78.62
23	91	-85.76
23	92	-92.17
23	93	-84.83
23	94	-89.36
23	96	-86.31
23	100	-86.47
24	1	-93.21
24	3	-86.33
24	6	-91.91
24	9	-90.84
24	10	-91.39
24	12	-91.10
24	18	-85.79
24	28	-93.22
24	30	-90.55
24	31	-53.97
24	33	-86.49
24	36	-87.48
24	37	-77.76
24	39	-91.83
24	42	-81.43
24	45	-94.08
24	48	-80.45
24	49	-93.92
24	50	-91.16
24	51	-80.33
24	53	-70.32
24	55	-94.77
24	56	-94.29
24	58	-90.40
24	59	-83.23
24	63	-91.32
24	64	-89.70
24	66	-86.97
24	71	-91.28
24	72	-88.06
24	73	-89.21
24	76	-94.74
24	77	-74.26
24	78	-94.85
24	84	-91.75
24	85	-93.71
24	87	-84.62
24	88	-94.23
24	93	-94.09
24	94	-94.28
24	95	-92.75
24	98	-89.17
24	99	-82.69
25	2	-88.49
25	7	-93.61
25	8	-85.89
25	13	-89.30
25	15	-92.75
25	16	-87.30
25	19	-93.57
25	26	-86.54
25	32	-90.69
25	35	-80.08
25	40	-90.47
25	46	-88.03
25	75	-87.15
25	81	-92.22
25	91	-89.59
25	96	-90.69
26	2	-73.30
26	7	-80.21
26	8	-82.92
26	13	-70.47
26	14	-92.88
26	15	-86.40
26	16	-52.05
26	17	-85.15
26	19	-85.46
26	20	-90.48
26	21	-86.04
26	23	-92.93
26	25	-86.54
26	28	-94.84
26	32	-77.48
26	35	-77.17
26	40	-81.44
26	41	-88.20
26	44	-91.57
26	45	-92.82
26	46	-78.02
26	49	-93.42
26	52	-92.31
26	55	-90.69
26	56	-91.57
26	57	-93.67
26	60	-92.11
26	62	-86.72
26	65	-94.42
26	69	-92.87
26	70	-85.03
26	74	-87.57
26	75	-81.66
26	80	-92.29
26	81	-79.70
26	82	-86.61
26	85	-94.58
26	88	-92.71
26	90	-90.00
26	91	-84.83
26	92	-90.36
26	94	-91.35
26	96	-78.68
27	1	-84.49
27	4	-69.90
27	7	-94.56
27	10	-87.32
27	11	-65.91
27	19	-92.52
27	20	-92.89
27	21	-94.72
27	22	-80.94
27	29	-69.90
27	30	-88.55
27	38	-78.09
27	39	-93.70
27	43	-74.83
27	45	-90.66
27	49	-89.85
27	52	-88.69
27	54	-77.98
27	58	-89.59
27	60	-84.62
27	62	-92.88
27	63	-89.88
27	64	-89.72
27	65	-85.11
27	67	-78.32
27	68	-80.14
27	69	-83.46
27	70	-91.51
27	71	-88.00
27	72	-93.04
27	76	-81.92
27	79	-86.55
27	82	-90.78
27	83	-80.30
27	84	-91.55
27	85	-88.13
27	86	-76.78
27	88	-90.56
27	89	-79.41
27	92	-93.04
27	95	-85.43
27	97	-76.35
28	5	-71.58
28	6	-61.70
28	7	-91.40
28	9	-72.48
28	10	-94.51
28	12	-82.33
28	13	-92.19
28	14	-79.99
28	15	-89.78
28	16	-94.14
28	17	-84.66
28	20	-86.08
28	21	-86.78
28	22	-94.87
28	23	-84.86
28	24	-93.22
28	26	-94.84
28	31	-92.35
28	33	-79.17
28	34	-88.66
28	36	-77.45
28	37	-89.05
28	41	-82.83
28	42	-85.29
28	44	-72.35
28	45	-88.31
28	46	-92.96
28	47	-88.17
28	48	-88.32
28	49	-89.17
28	50	-84.55
28	51	-86.55
28	52	-90.58
28	53	-90.45
28	55	-81.25
28	56	-77.03
28	57	-84.41
28	59	-85.52
28	60	-94.37
28	61	-85.83
28	62	-88.98
28	64	-92.16
28	66	-80.20
28	70	-93.14
28	71	-92.81
28	73	-86.94
28	74	-81.64
28	75	-94.12
28	77	-91.41
28	78	-87.99
28	80	-86.48
28	81	-89.00
28	82	-92.51
28	85	-90.83
28	88	-88.45
28	90	-78.48
28	91	-93.16
28	92	-85.92
28	93	-77.06
28	94	-79.98
28	95	-94.46
28	96	-90.58
28	99	-85.29
28	100	-84.03
29	1	-85.35
29	2	-94.10
29	4	-74.86
29	7	-91.91
29	10	-87.85
29	11	-52.05
29	19	-89.26
29	20	-90.71
29	21	-92.44
29	22	-78.51
29	27	-69.90
29	30	-89.42
29	32	-92.40
29	38	-80.70
29	40	-92.59
29	41	-94.00
29	43	-81.94
29	45	-88.54
29	49	-87.74
29	52	-85.88
29	54	-76.60
29	55	-93.52
29	56	-94.93
29	58	-90.86
29	60	-79.31
29	62	-90.20
29	63	-91.50
29	64	-89.51
29	65	-80.86
29	67	-75.89
29	68	-83.59
29	69	-76.76
29	70	-88.08
29	71	-87.71
29	72	-94.16
29	76	-84.39
29	79	-84.21
29	82	-87.27
29	83	-76.99
29	84	-93.26
29	85	-86.19
29	86	-79.98
29	88	-88.39
29	89	-84.64
29	92	-90.87
29	94	-93.87
29	95	-85.64
29	97	-69.30
30	1	-69.40
30	3	-87.48
30	4	-84.03
30	6	-93.72
30	9	-91.86
30	10	-60.53
30	11	-89.59
30	18	-83.76
30	20	-90.22
30	21	-93.74
30	22	-82.45
30	24	-90.55
30	27	-88.55
30	29	-89.42
30	31	-89.90
30	33	-91.83
30	36	-91.87
30	37	-86.35
30	38	-94.12
30	39	-83.93
30	41	-93.76
30	42	-89.34
30	43	-91.43
30	44	-94.86
30	45	-86.71
30	48	-94.04
30	49	-85.54
30	51	-92.60
30	52	-87.04
30	53	-91.68
30	54	-82.26
30	55	-91.99
30	56	-92.78
30	58	-63.90
30	59	-93.89
30	60	-89.16
30	62	-92.64
30	63	-72.46
30	64	-71.65
30	66	-94.02
30	67	-83.14
30	68	-78.48
30	69	-93.26
30	70	-94.03
30	71	-71.72
30	72	-77.29
30	76	-75.11
30	77	-85.60
30	82	-92.93
30	83	-83.76
30	84	-79.24
30	85	-82.97
30	86	-93.68
30	87	-88.56
30	88	-86.82
30	89	-84.23
30	92	-90.40
30	94	-91.86
30	95	-70.40
30	97	-92.56
30	98	-84.26
30	99	-87.95
31	1	-92.60
31	3	-86.82
31	5	-94.47
31	6	-90.92
31	9	-89.73
31	10	-90.69
31	12	-90.43
31	18	-85.93
31	20	-94.39
31	24	-53.97
31	28	-92.35
31	30	-89.90
31	33	-85.06
31	36	-86.13
31	37	-74.83
31	39	-91.83
31	42	-79.21
31	44	-94.35
31	45	-93.23
31	48	-79.39
31	49	-93.07
31	50	-90.58
31	51	-78.62
31	52	-94.72
31	53	-67.64
31	55	-93.91
31	56	-93.41
31	58	-89.91
31	59	-81.99
31	63	-90.98
31	64	-88.76
31	66	-85.80
31	71	-90.45
31	72	-87.81
31	73	-88.69
31	76	-94.27
31	77	-71.21
31	78	-94.46
31	84	-91.58
31	85	-92.89
31	87	-85.34
31	88	-93.38
31	92	-94.44
31	93	-93.42
31	94	-93.39
31	95	-92.07
31	98	-89.28
31	99	-80.62
31	100	-94.94
32	2	-62.76
32	7	-77.44
32	8	-90.39
32	11	-93.15
32	13	-82.27
32	15	-91.76
32	16	-78.68
32	17	-88.15
32	19	-73.30
32	20	-89.11
32	21	-85.61
32	22	-92.83
32	25	-90.69
32	26	-77.48
32	29	-92.40
32	35	-81.55
32	40	-67.08
32	41	-88.76
32	44	-92.89
32	45	-90.85
32	46	-87.36
32	49	-91.30
32	52	-89.51
32	54	-93.69
32	55	-90.62
32	56	-92.03
32	60	-87.62
32	62	-84.41
32	65	-89.18
32	67	-93.12
32	69	-87.21
32	70	-78.10
32	74	-89.71
32	75	-89.59
32	79	-92.00
32	81	-85.76
32	82	-81.06
32	83	-92.31
32	85	-92.27
32	88	-90.69
32	90	-92.50
32	91	-91.35
32	92	-89.05
32	94	-91.36
32	96	-86.55
32	97	-91.89
33	1	-93.00
33	3	-94.84
33	5	-84.41
33	6	-75.49
33	7	-94.39
33	9	-73.69
33	10	-91.49
33	12	-81.35
33	14	-89.45
33	17	-90.94
33	18	-93.56
33	20	-87.91
33	21	-90.54
33	22	-93.72
33	23	-92.14
33	24	-86.49
33	28	-79.17
33	30	-91.83
33	31	-85.06
33	34	-90.69
33	36	-50.17
33	37	-79.80
33	41	-88.09
33	42	-70.65
33	44	-84.26
33	45	-88.07
33	47	-91.59
33	48	-79.62
33	49	-88.50
33	50	-83.13
33	51	-74.88
33	52	-90.58
33	53	-81.96
33	54	-94.70
33	55	-85.45
33	56	-83.53
33	57	-91.77
33	58	-93.01
33	59	-74.84
33	60	-94.58
33	61	-90.49
33	62	-91.50
33	63	-94.42
33	64	-88.50
33	66	-67.51
33	67	-94.65
33	71	-89.83
33	72	-93.28
33	73	-83.34
33	74	-88.98
33	77	-83.90
33	78	-88.98
33	80	-93.18
33	81	-94.01
33	82	-94.19
33	83	-94.12
33	85	-89.51
33	87	-94.38
33	88	-88.28
33	90	-88.39
33	92	-87.89
33	93	-83.62
33	94	-84.33
33	95	-91.96
33	99	-72.40
33	100	-87.71
34	5	-84.93
34	6	-90.02
34	9	-91.88
34	12	-80.59
34	14	-88.82
34	23	-89.66
34	28	-88.66
34	33	-90.69
34	36	-90.70
34	42	-93.26
34	44	-92.15
34	47	-68.79
34	48	-90.77
34	50	-79.70
34	51	-91.25
34	53	-93.97
34	56	-93.91
34	57	-88.61
34	59	-89.48
34	61	-74.68
34	66	-87.99
34	73	-83.38
34	74	-94.52
34	78	-65.07
34	80	-90.91
34	90	-92.12
34	93	-80.21
34	94	-94.90
34	99	-94.06
34	100	-70.40
35	2	-77.16
35	7	-87.68
35	8	-86.38
35	13	-83.88
35	15	-91.45
35	16	-79.34
35	17	-91.63
35	19	-86.52
35	20	-94.84
35	21	-91.90
35	25	-80.08
35	26	-77.17
35	32	-81.55
35	40	-81.07
35	41	-93.56
35	46	-85.48
35	60	-94.83
35	62	-91.97
35	65	-94.90
35	69	-94.24
35	70	-89.62
35	74	-93.23
35	75	-86.47
35	81	-88.31
35	82	-90.98
35	90	-94.85
35	91	-89.23
35	92	-94.77
35	96	-87.27
36	1	-92.90
36	5	-83.54
36	6	-72.95
36	7	-93.76
36	9	-70.65
36	10	-91.44
36	12	-81.69
36	14	-88.69
36	15	-94.66
36	17	-90.08
36	18	-93.93
36	20	-87.03
36	21	-89.70
36	22	-93.43
36	23	-91.52
36	24	-87.48
36	28	-77.45
36	30	-91.87
36	31	-86.13
36	33	-50.17
36	34	-90.70
36	37	-80.86
36	41	-87.06
36	42	-72.95
36	44	-82.88
36	45	-87.38
36	47	-91.45
36	48	-81.31
36	49	-87.89
36	50	-83.57
36	51	-77.22
36	52	-90.01
36	53	-83.40
36	54	-94.46
36	55	-84.26
36	56	-82.09
36	57	-91.17
36	58	-93.12
36	59	-77.03
36	60	-94.15
36	61	-90.22
36	62	-90.77
36	63	-94.55
36	64	-88.41
36	66	-69.69
36	67	-94.38
36	70	-94.46
36	71	-89.68
36	72	-93.53
36	73	-84.14
36	74	-88.00
36	77	-84.76
36	78	-89.13
36	80	-92.59
36	81	-93.32
36	82	-93.62
36	83	-93.81
36	85	-89.05
36	87	-94.82
36	88	-87.60
36	90	-87.40
36	92	-86.99
36	93	-83.17
36	94	-83.02
36	95	-91.83
36	96	-94.72
36	99	-73.69
36	100	-87.55
37	1	-89.16
37	3	-88.69
37	4	-94.47
37	5	-92.19
37	6	-86.94
37	9	-84.74
37	10	-86.75
37	12	-89.46
37	17	-94.96
37	18	-86.66
37	20	-90.19
37	21	-93.41
37	22	-91.85
37	24	-77.76
37	28	-89.05
37	30	-86.35
37	31	-74.83
37	33	-79.80
37	36	-80.86
37	39	-91.57
37	41	-92.10
37	42	-69.30
37	44	-90.88
37	45	-88.59
37	48	-81.43
37	49	-88.41
37	50	-90.08
37	51	-77.82
37	52	-90.66
37	53	-76.04
37	54	-92.60
37	55	-89.75
37	56	-89.30
37	58	-87.29
37	59	-81.37
37	60	-94.26
37	62	-93.49
37	63	-89.09
37	64	-83.31
37	66	-83.11
37	67	-92.75
37	68	-92.78
37	71	-85.68
37	72	-86.64
37	73	-89.01
37	74	-93.60
37	76	-91.58
37	77	-64.41
37	78	-94.18
37	83	-92.47
37	84	-90.51
37	85	-88.31
37	87	-88.07
37	88	-88.81
37	90	-93.90
37	92	-90.27
37	93	-91.68
37	94	-89.09
37	95	-88.20
37	98	-89.60
37	99	-68.12
37	100	-93.93
38	1	-91.56
38	4	-84.49
38	10	-93.36
38	11	-78.91
38	19	-93.23
38	22	-89.13
38	27	-78.09
38	29	-80.70
38	30	-94.12
38	43	-74.86
38	49	-94.55
38	52	-93.45
38	54	-87.75
38	58	-94.70
38	60	-89.76
38	63	-94.71
38	64	-94.98
38	65	-83.37
38	67	-87.76
38	68	-88.63
38	69	-85.45
38	70	-94.05
38	71	-93.80
38	76	-89.83
38	79	-81.57
38	82	-93.76
38	83	-88.59
38	85	-93.52
38	86	-44.44
38	88	-94.98
38	89	-86.78
38	95	-92.16
38	97	-77.36
39	1	-87.23
39	3	-79.04
39	4	-91.36
39	10	-86.40
39	18	-76.67
39	22	-92.49
39	24	-91.83
39	27	-93.70
39	30	-83.93
39	31	-91.83
39	37	-91.57
39	42	-94.29
39	43	-94.13
39	49	-94.68
39	53	-94.14
39	54	-91.89
39	58	-79.86
39	63	-75.88
39	64	-88.61
39	67	-92.47
39	68	-86.94
39	71	-89.01
39	72	-74.25
39	76	-86.41
39	77	-89.77
39	83	-93.09
39	84	-66.74
39	85	-93.39
39	87	-82.29
39	89	-87.74
39	95	-88.28
39	98	-67.51
39	99	-93.71
40	2	-69.47
40	7	-82.99
40	8	-91.99
40	11	-93.26
40	13	-86.00
40	15	-93.82
40	16	-82.74
40	17	-91.11
40	19	-70.14
40	20	-91.57
40	21	-88.96
40	22	-93.82
40	25	-90.47
40	26	-81.44
40	29	-92.59
40	32	-67.08
40	35	-81.07
40	41	-91.55
40	45	-92.81
40	46	-89.75
40	49	-93.12
40	52	-91.43
40	54	-94.48
40	55	-93.03
40	56	-94.27
40	60	-89.00
40	62	-87.77
40	65	-88.08
40	67	-93.95
40	69	-87.02
40	70	-82.19
40	74	-92.40
40	75	-91.46
40	79	-90.73
40	81	-89.05
40	82	-84.43
40	83	-93.27
40	85	-93.81
40	88	-92.66
40	90	-94.74
40	91	-93.17
40	92	-91.54
40	94	-93.66
40	96	-89.47
40	97	-91.59
41	1	-92.94
41	2	-89.66
41	4	-94.59
41	5	-86.68
41	6	-82.28
41	7	-80.11
41	8	-91.77
41	9	-81.57
41	10	-92.56
41	11	-94.72
41	12	-92.45
41	13	-84.76
41	14	-85.60
41	15	-87.19
41	16	-87.25
41	17	-72.46
41	19	-91.10
41	20	-73.01
41	21	-66.45
41	22	-90.41
41	23	-88.23
41	26	-88.20
41	28	-82.83
41	29	-94.00
41	30	-93.76
41	32	-88.76
41	33	-88.09
41	35	-93.56
41	36	-87.06
41	37	-92.10
41	40	-91.55
41	42	-90.43
41	44	-74.07
41	45	-80.85
41	46	-88.03
41	47	-94.98
41	48	-94.41
41	49	-82.62
41	50	-93.59
41	51	-92.85
41	52	-82.91
41	53	-94.92
41	54	-91.92
41	55	-65.16
41	56	-69.52
41	57	-88.69
41	59	-92.81
41	60	-87.71
41	61	-93.33
41	62	-74.74
41	64	-90.45
41	66	-90.25
41	67	-91.47
41	69	-92.58
41	70	-83.73
41	71	-90.38
41	73	-94.73
41	74	-68.55
41	75	-90.34
41	76	-94.85
41	77	-93.85
41	80	-88.64
41	81	-80.45
41	82	-82.80
41	83	-90.38
41	85	-85.61
41	88	-80.84
41	90	-78.05
41	91	-90.19
41	92	-72.35
41	93	-89.91
41	94	-68.26
41	95	-91.79
41	96	-84.18
41	99	-89.51
41	100	-93.04
42	1	-91.23
42	3	-91.92
42	5	-89.05
42	6	-82.69
42	9	-80.37
42	10	-89.30
42	12	-85.64
42	14	-92.81
42	17	-93.32
42	18	-90.39
42	20	-89.18
42	21	-92.23
42	22	-92.88
42	23	-94.99
42	24	-81.43
42	28	-85.29
42	30	-89.34
42	31	-79.21
42	33	-70.65
42	34	-93.26
42	36	-72.95
42	37	-69.30
42	39	-94.29
42	41	-90.43
42	44	-88.22
42	45	-88.33
42	47	-94.29
42	48	-77.76
42	49	-88.44
42	50	-86.59
42	51	-71.41
42	52	-90.68
42	53	-76.20
42	54	-93.76
42	55	-87.90
42	56	-86.89
42	57	-94.71
42	58	-90.43
42	59	-75.53
42	60	-94.53
42	61	-93.52
42	62	-92.68
42	63	-92.00
42	64	-86.02
42	66	-76.40
42	67	-93.80
42	68	-94.56
42	71	-87.85
42	72	-90.29
42	73	-85.67
42	74	-91.72
42	76	-93.50
42	77	-76.68
42	78	-91.61
42	82	-94.89
42	83	-93.39
42	84	-93.32
42	85	-88.91
42	87	-91.34
42	88	-88.55
42	90	-91.66
42	92	-89.22
42	93	-88.30
42	94	-87.04
42	95	-90.21
42	98	-92.71
42	99	-57.79
42	100	-91.12
43	1	-88.75
43	4	-80.70
43	10	-90.87
43	11	-80.06
43	22	-87.83
43	27	-74.83
43	29	-81.94
43	30	-91.43
43	38	-74.86
43	39	-94.13
43	45	-94.66
43	49	-94.02
43	52	-93.26
43	54	-85.89
43	58	-91.73
43	60	-90.45
43	63	-91.43
43	64	-93.13
43	65	-88.52
43	67	-86.28
43	68	-84.01
43	69	-88.69
43	71	-91.89
43	72	-94.42
43	76	-85.90
43	79	-88.22
43	82	-94.77
43	83	-87.57
43	84	-92.39
43	85	-92.67
43	86	-73.30
43	88	-94.60
43	89	-79.75
43	95	-89.80
43	97	-82.82
44	1	-94.66
44	2	-93.36
44	5	-79.07
44	6	-73.54
44	7	-87.06
44	8	-92.74
44	9	-75.88
44	10	-93.97
44	12	-88.12
44	13	-88.28
44	14	-79.53
44	15	-86.75
44	16	-90.71
44	17	-77.16
44	19	-94.87
44	20	-81.44
44	21	-80.67
44	22	-93.29
44	23	-84.21
44	26	-91.57
44	28	-72.35
44	30	-94.86
44	31	-94.35
44	32	-92.89
44	33	-84.26
44	34	-92.15
44	36	-82.88
44	37	-90.88
44	41	-74.07
44	42	-88.22
44	45	-85.48
44	46	-89.73
44	47	-91.27
44	48	-91.83
44	49	-86.70
44	50	-89.64
44	51	-90.20
44	52	-87.79
44	53	-93.06
44	54	-94.52
44	55	-73.84
44	56	-67.08
44	57	-84.38
44	59	-89.74
44	60	-91.93
44	61	-89.15
44	62	-84.26
44	64	-91.70
44	66	-86.14
44	67	-94.23
44	70	-89.63
44	71	-92.04
44	73	-91.34
44	74	-71.38
44	75	-91.41
44	77	-92.94
44	78	-91.90
44	80	-85.35
44	81	-84.04
44	82	-88.98
44	83	-93.39
44	85	-88.91
44	88	-85.58
44	90	-70.43
44	91	-90.59
44	92	-81.14
44	93	-84.16
44	94	-72.70
44	95	-93.60
44	96	-86.50
44	99	-87.67
44	100	-88.61
45	1	-84.90
45	2	-92.35
45	4	-88.15
45	5	-92.02
45	6	-86.53
45	7	-85.23
45	9	-83.88
45	10	-84.49
45	11	-89.47
45	12	-94.44
45	13	-91.49
45	14	-92.70
45	15	-94.26
45	16	-92.39
45	17	-87.06
45	18	-94.25
45	19	-91.00
45	20	-68.68
45	21	-80.15
45	22	-80.86
45	23	-94.62
45	24	-94.08
45	26	-92.82
45	27	-90.66
45	28	-88.31
45	29	-88.54
45	30	-86.71
45	31	-93.23
45	32	-90.85
45	33	-88.07
45	36	-87.38
45	37	-88.59
45	40	-92.81
45	41	-80.85
45	42	-88.33
45	43	-94.66
45	44	-85.48
45	46	-94.21
45	48	-93.82
45	49	-51.76
45	51	-92.01
45	52	-64.41
45	53	-93.21
45	54	-83.64
45	55	-77.36
45	56	-80.86
45	57	-94.80
45	58	-89.35
45	59	-92.63
45	60	-80.15
45	62	-77.64
45	63	-91.21
45	64	-81.35
45	65	-92.56
45	66	-91.04
45	67	-83.02
45	68	-89.20
45	69	-88.85
45	70	-83.53
45	71	-80.51
45	72	-92.17
45	74	-85.87
45	76	-88.08
45	77	-90.20
45	81	-89.89
45	82	-81.17
45	83	-81.18
45	84	-93.39
45	85	-67.51
45	86	-94.79
45	88	-28.70
45	89	-92.34
45	90	-88.98
45	92	-69.52
45	93	-93.61
45	94	-77.92
45	95	-82.85
45	96	-91.96
45	97	-91.10
45	99	-86.64
46	2	-85.76
46	5	-92.88
46	6	-93.70
46	7	-85.61
46	8	-71.13
46	9	-94.26
46	13	-71.70
46	14	-88.78
46	15	-76.04
46	16	-76.17
46	17	-82.65
46	19	-91.90
46	20	-91.67
46	21	-87.48
46	23	-88.00
46	25	-88.03
46	26	-78.02
46	28	-92.96
46	32	-87.36
46	35	-85.48
46	40	-89.75
46	41	-88.03
46	44	-89.73
46	45	-94.21
46	49	-94.87
46	52	-94.32
46	55	-90.66
46	56	-90.84
46	57	-89.09
46	62	-89.31
46	70	-90.00
46	74	-85.46
46	75	-64.51
46	80	-86.76
46	81	-75.29
46	82	-90.78
46	88	-94.15
46	90	-86.51
46	91	-71.07
46	92	-91.51
46	94	-91.13
46	96	-67.38
47	5	-83.34
47	6	-89.90
47	9	-91.94
47	12	-83.60
47	14	-86.30
47	15	-93.67
47	17	-94.34
47	23	-86.66
47	28	-88.17
47	33	-91.59
47	34	-68.79
47	36	-91.45
47	41	-94.98
47	42	-94.29
47	44	-91.27
47	48	-92.72
47	50	-83.60
47	51	-92.87
47	55	-94.86
47	56	-93.38
47	57	-85.35
47	59	-91.35
47	61	-63.95
47	66	-89.48
47	73	-86.94
47	74	-93.41
47	78	-76.35
47	80	-88.08
47	90	-90.60
47	93	-79.97
47	94	-94.45
47	99	-94.90
47	100	-71.07
48	3	-93.51
48	5	-90.06
48	6	-87.14
48	9	-86.88
48	10	-94.24
48	12	-82.09
48	14	-94.14
48	18	-92.85
48	20	-94.12
48	24	-80.45
48	28	-88.32
48	30	-94.04
48	31	-79.39
48	33	-79.62
48	34	-90.77
48	36	-81.31
48	37	-81.43
48	41	-94.41
48	42	-77.76
48	44	-91.83
48	45	-93.82
48	47	-92.72
48	49	-93.95
48	50	-81.99
48	51	-63.30
48	53	-71.07
48	55	-92.75
48	56	-91.64
48	58	-94.51
48	59	-63.58
48	61	-92.49
48	64	-92.16
48	66	-76.35
48	71	-93.44
48	72	-93.67
48	73	-78.10
48	74	-94.87
48	77	-83.24
48	78	-88.32
48	85	-94.32
48	87	-92.58
48	88	-93.97
48	90	-94.15
48	92	-94.12
48	93	-87.79
48	94	-92.09
48	99	-80.93
48	100	-89.41
49	1	-83.43
49	2	-92.81
49	4	-87.06
49	5	-92.72
49	6	-87.43
49	7	-86.17
49	9	-84.84
49	10	-83.06
49	11	-88.69
49	12	-94.84
49	13	-92.24
49	14	-93.47
49	15	-94.98
49	16	-93.03
49	17	-88.22
49	18	-93.71
49	19	-91.20
49	20	-72.48
49	21	-81.87
49	22	-79.04
49	24	-93.92
49	26	-93.42
49	27	-89.85
49	28	-89.17
49	29	-87.74
49	30	-85.54
49	31	-93.07
49	32	-91.30
49	33	-88.50
49	36	-87.89
49	37	-88.41
49	38	-94.55
49	39	-94.68
49	40	-93.12
49	41	-82.62
49	42	-88.44
49	43	-94.02
49	44	-86.70
49	45	-51.76
49	46	-94.87
49	48	-93.95
49	51	-92.16
49	52	-63.06
49	53	-93.19
49	54	-82.14
49	55	-79.53
49	56	-82.51
49	58	-88.39
49	59	-92.85
49	60	-79.44
49	62	-79.32
49	63	-90.35
49	64	-79.84
49	65	-92.27
49	66	-91.43
49	67	-81.50
49	68	-88.11
49	69	-88.49
49	70	-84.14
49	71	-78.66
49	72	-91.47
49	74	-87.14
49	76	-86.89
49	77	-89.90
49	79	-94.82
49	81	-90.81
49	82	-81.82
49	83	-79.52
49	84	-92.66
49	85	-61.70
49	86	-94.25
49	88	-52.05
49	89	-91.48
49	90	-89.99
49	92	-73.13
49	93	-94.18
49	94	-79.95
49	95	-81.14
49	96	-92.75
49	97	-90.55
49	98	-94.56
49	99	-86.72
50	5	-83.32
50	6	-85.12
50	9	-86.93
50	12	-56.73
50	14	-89.37
50	17	-94.42
50	20	-94.69
50	23	-91.33
50	24	-91.16
50	28	-84.55
50	31	-90.58
50	33	-83.13
50	34	-79.70
50	36	-83.57
50	37	-90.08
50	41	-93.59
50	42	-86.59
50	44	-89.64
50	47	-83.60
50	48	-81.99
50	51	-82.79
50	53	-87.38
50	55	-92.54
50	56	-90.89
50	57	-90.55
50	59	-79.39
50	61	-83.59
50	66	-77.44
50	73	-65.95
50	74	-93.03
50	77	-91.76
50	78	-74.27
50	80	-92.58
50	90	-91.10
50	92	-94.63
50	93	-76.99
50	94	-91.89
50	99	-88.02
50	100	-76.99
51	1	-94.31
51	3	-93.04
51	5	-89.05
51	6	-84.90
51	9	-84.21
51	10	-92.72
51	12	-82.27
51	14	-93.26
51	17	-94.98
51	18	-92.09
51	20	-92.38
51	21	-94.59
51	24	-80.33
51	28	-86.55
51	30	-92.60
51	31	-78.62
51	33	-74.88
51	34	-91.25
51	36	-77.22
51	37	-77.82
51	41	-92.85
51	42	-71.41
51	44	-90.20
51	45	-92.01
51	47	-92.87
51	48	-63.30
51	49	-92.16
51	50	-82.79
51	52	-93.89
51	53	-70.74
51	55	-90.93
51	56	-89.76
51	57	-94.87
51	58	-93.26
51	59	-60.53
51	61	-92.40
51	63	-94.45
51	64	-90.31
51	66	-72.97
51	71	-91.73
51	72	-92.63
51	73	-80.32
51	74	-93.52
51	77	-80.93
51	78	-89.06
51	85	-92.59
51	87	-92.22
51	88	-92.18
51	90	-92.93
51	92	-92.39
51	93	-87.17
51	94	-90.19
51	95	-93.53
51	98	-94.30
51	99	-76.10
51	100	-89.43
52	1	-84.32
52	2	-91.30
52	4	-86.21
52	5	-93.72
52	6	-89.17
52	7	-84.26
52	9	-87.09
52	10	-84.66
52	11	-87.04
52	13	-91.38
52	14	-94.03
52	15	-94.85
52	16	-91.97
52	17	-88.08
52	18	-94.92
52	19	-89.11
52	20	-73.30
52	21	-80.91
52	22	-77.57
52	26	-92.31
52	27	-88.69
52	28	-90.58
52	29	-85.88
52	30	-87.04
52	31	-94.72
52	32	-89.51
52	33	-90.58
52	36	-90.01
52	37	-90.66
52	38	-93.45
52	40	-91.43
52	41	-82.91
52	42	-90.68
52	43	-93.26
52	44	-87.79
52	45	-64.41
52	46	-94.32
52	49	-63.06
52	51	-93.89
52	53	-94.84
52	54	-81.01
52	55	-81.01
52	56	-84.09
52	58	-89.63
52	59	-94.48
52	60	-74.34
52	62	-76.85
52	63	-91.33
52	64	-82.74
52	65	-90.40
52	66	-93.12
52	67	-80.02
52	68	-88.16
52	69	-85.98
52	70	-80.93
52	71	-81.18
52	72	-92.70
52	74	-87.38
52	76	-87.19
52	77	-91.89
52	79	-93.32
52	81	-90.26
52	82	-77.94
52	83	-77.48
52	84	-93.52
52	85	-67.38
52	86	-93.16
52	88	-63.30
52	89	-91.32
52	90	-90.50
52	92	-73.89
52	94	-81.74
52	95	-82.43
52	96	-92.23
52	97	-88.76
52	99	-89.23
53	1	-93.87
53	3	-90.16
53	5	-92.55
53	6	-89.02
53	9	-88.07
53	10	-92.15
53	12	-87.27
53	18	-89.37
53	20	-94.01
53	24	-70.32
53	28	-90.45
53	30	-91.68
53	31	-67.64
53	33	-81.96
53	34	-93.97
53	36	-83.40
53	37	-76.04
53	39	-94.14
53	41	-94.92
53	42	-76.20
53	44	-93.06
53	45	-93.21
53	48	-71.07
53	49	-93.19
53	50	-87.38
53	51	-70.74
53	52	-94.84
53	55	-93.14
53	56	-92.37
53	58	-91.99
53	59	-75.76
53	63	-93.07
53	64	-90.04
53	66	-81.82
53	71	-91.57
53	72	-90.61
53	73	-84.95
53	77	-76.62
53	78	-92.06
53	84	-93.77
53	85	-93.28
53	87	-88.98
53	88	-93.37
53	92	-94.05
53	93	-91.11
53	94	-92.54
53	95	-93.25
53	98	-92.06
53	99	-79.04
53	100	-92.72
54	1	-74.83
54	3	-94.96
54	4	-69.38
54	6	-94.80
54	7	-91.64
54	9	-93.19
54	10	-79.29
54	11	-77.62
54	17	-94.89
54	18	-92.90
54	19	-91.86
54	20	-87.53
54	21	-90.77
54	22	-58.93
54	27	-77.98
54	29	-76.60
54	30	-82.26
54	32	-93.69
54	33	-94.70
54	36	-94.46
54	37	-92.60
54	38	-87.75
54	39	-91.89
54	40	-94.48
54	41	-91.92
54	42	-93.76
54	43	-85.89
54	44	-94.52
54	45	-83.64
54	49	-82.14
54	52	-81.01
54	55	-90.75
54	56	-92.25
54	58	-84.96
54	60	-78.48
54	62	-88.55
54	63	-86.41
54	64	-82.09
54	65	-88.29
54	67	-47.08
54	68	-76.55
54	69	-84.43
54	70	-88.41
54	71	-78.91
54	72	-89.70
54	74	-94.48
54	76	-75.88
54	77	-92.88
54	79	-90.77
54	82	-87.02
54	83	-60.53
54	84	-89.17
54	85	-78.70
54	86	-87.15
54	88	-83.53
54	89	-82.03
54	92	-87.76
54	94	-91.00
54	95	-74.83
54	97	-83.31
54	98	-92.81
54	99	-92.55
55	1	-91.32
55	2	-91.61
55	4	-93.65
55	5	-86.35
55	6	-79.56
55	7	-83.38
55	8	-93.82
55	9	-77.44
55	10	-90.70
55	11	-94.23
55	12	-91.33
55	13	-87.99
55	14	-86.70
55	15	-89.63
55	16	-89.93
55	17	-78.86
55	19	-92.26
55	20	-68.79
55	21	-73.23
55	22	-89.10
55	23	-89.51
55	24	-94.77
55	26	-90.69
55	28	-81.25
55	29	-93.52
55	30	-91.99
55	31	-93.91
55	32	-90.62
55	33	-85.45
55	36	-84.26
55	37	-89.75
55	40	-93.03
55	41	-65.16
55	42	-87.90
55	44	-73.84
55	45	-77.36
55	46	-90.66
55	47	-94.86
55	48	-92.75
55	49	-79.53
55	50	-92.54
55	51	-90.93
55	52	-81.01
55	53	-93.14
55	54	-90.75
55	56	-61.70
55	57	-89.77
55	58	-93.79
55	59	-91.03
55	60	-87.25
55	61	-93.28
55	62	-76.89
55	64	-88.09
55	66	-88.31
55	67	-90.33
55	68	-94.35
55	69	-92.70
55	70	-85.23
55	71	-88.19
55	73	-93.56
55	74	-75.37
55	75	-92.58
55	76	-93.53
55	77	-91.78
55	78	-94.93
55	80	-90.10
55	81	-84.67
55	82	-83.93
55	83	-89.20
55	85	-83.11
55	88	-77.48
55	90	-80.58
55	91	-92.36
55	92	-68.09
55	93	-89.22
55	94	-48.57
55	95	-89.99
55	96	-87.52
55	99	-86.72
55	100	-92.60
56	1	-92.43
56	2	-92.80
56	4	-94.90
56	5	-83.57
56	6	-75.11
56	7	-85.60
56	8	-93.85
56	9	-73.51
56	10	-91.68
56	12	-89.51
56	13	-88.71
56	14	-84.55
56	15	-89.07
56	16	-90.79
56	17	-78.91
56	19	-93.72
56	20	-75.49
56	21	-77.47
56	22	-90.79
56	23	-87.94
56	24	-94.29
56	26	-91.57
56	28	-77.03
56	29	-94.93
56	30	-92.78
56	31	-93.41
56	32	-92.03
56	33	-83.53
56	34	-93.91
56	36	-82.09
56	37	-89.30
56	40	-94.27
56	41	-69.52
56	42	-86.89
56	44	-67.08
56	45	-80.86
56	46	-90.84
56	47	-93.38
56	48	-91.64
56	49	-82.51
56	50	-90.89
56	51	-89.76
56	52	-84.09
56	53	-92.37
56	54	-92.25
56	55	-61.70
56	57	-88.11
56	58	-94.43
56	59	-89.67
56	60	-89.44
56	61	-91.64
56	62	-80.93
56	64	-89.06
56	66	-86.42
56	67	-91.91
56	69	-94.26
56	70	-87.62
56	71	-89.38
56	73	-92.13
56	74	-74.37
56	75	-92.61
56	76	-94.55
56	77	-91.50
56	78	-93.46
56	80	-88.74
56	81	-85.11
56	82	-86.61
56	83	-90.94
56	85	-85.38
56	88	-81.01
56	90	-77.98
56	91	-92.16
56	92	-75.09
56	93	-86.95
56	94	-57.01
56	95	-91.19
56	96	-87.74
56	99	-85.88
56	100	-90.84
57	5	-79.17
57	6	-87.01
57	7	-93.16
57	8	-90.49
57	9	-89.32
57	12	-89.55
57	13	-90.55
57	14	-66.56
57	15	-81.92
57	16	-92.87
57	17	-85.62
57	20	-92.60
57	21	-90.87
57	23	-51.76
57	26	-93.67
57	28	-84.41
57	33	-91.77
57	34	-88.61
57	36	-91.17
57	41	-88.69
57	42	-94.71
57	44	-84.38
57	45	-94.80
57	46	-89.09
57	47	-85.35
57	50	-90.55
57	51	-94.87
57	55	-89.77
57	56	-88.11
57	59	-93.96
57	61	-81.92
57	62	-93.04
57	66	-91.38
57	73	-92.87
57	74	-84.98
57	75	-89.39
57	78	-89.90
57	80	-63.95
57	81	-87.38
57	88	-94.84
57	90	-79.42
57	91	-87.03
57	92	-92.44
57	93	-83.64
57	94	-89.56
57	96	-87.47
57	99	-94.78
57	100	-85.20
58	1	-75.36
58	3	-85.12
58	4	-85.62
58	9	-93.39
58	10	-72.07
58	11	-90.89
58	18	-80.78
58	20	-92.32
58	22	-85.46
58	24	-90.40
58	27	-89.59
58	29	-90.86
58	30	-63.90
58	31	-89.91
58	33	-93.01
58	36	-93.12
58	37	-87.29
58	38	-94.70
58	39	-79.86
58	42	-90.43
58	43	-91.73
58	45	-89.35
58	48	-94.51
58	49	-88.39
58	51	-93.26
58	52	-89.63
58	53	-91.99
58	54	-84.96
58	55	-93.79
58	56	-94.43
58	59	-94.56
58	60	-91.25
58	62	-94.45
58	63	-61.77
58	64	-77.82
58	66	-94.93
58	67	-85.79
58	68	-79.46
58	69	-94.63
58	71	-78.26
58	72	-71.58
58	76	-76.97
58	77	-85.99
58	82	-94.67
58	83	-86.50
58	84	-73.30
58	85	-86.33
58	86	-94.26
58	87	-86.61
58	88	-89.45
58	89	-84.00
58	92	-92.47
58	94	-93.65
58	95	-76.99
58	97	-93.69
58	98	-80.62
58	99	-89.28
59	3	-94.43
59	5	-87.67
59	6	-84.16
59	9	-84.08
59	10	-93.93
59	12	-78.84
59	14	-92.35
59	17	-94.71
59	18	-93.59
59	20	-92.73
59	21	-94.66
59	23	-94.42
59	24	-83.23
59	28	-85.52
59	30	-93.89
59	31	-81.99
59	33	-74.84
59	34	-89.48
59	36	-77.03
59	37	-81.37
59	41	-92.81
59	42	-75.53
59	44	-89.74
59	45	-92.63
59	47	-91.35
59	48	-63.58
