1	5	-87.89
1	7	-87.74
1	9	-75.65
1	10	-90.70
1	12	-79.80
1	13	-93.93
1	16	-83.64
1	18	-88.75
1	19	-61.70
1	20	-91.10
1	21	-93.59
1	22	-90.29
1	23	-90.77
1	24	-92.99
1	26	-59.54
1	27	-74.97
1	29	-77.67
1	32	-82.66
1	33	-86.19
1	34	-91.87
1	35	-93.26
1	36	-78.09
1	38	-81.68
1	39	-87.27
1	42	-63.47
1	45	-94.14
1	46	-89.76
1	51	-91.13
1	52	-69.30
1	54	-94.92
1	55	-88.96
1	57	-88.08
1	58	-92.90
1	59	-93.68
1	61	-94.74
1	63	-93.53
1	67	-67.64
1	70	-86.25
1	72	-80.59
1	74	-87.24
1	75	-87.84
1	77	-84.20
1	78	-80.84
1	79	-94.97
1	80	-82.51
1	81	-56.73
1	83	-90.44
1	84	-79.83
1	85	-72.97
1	86	-83.46
1	88	-85.16
1	91	-93.93
1	95	-88.85
1	97	-79.22
2	3	-84.53
2	6	-88.20
2	10	-89.46
2	11	-84.38
2	13	-84.01
2	14	-92.74
2	16	-94.25
2	23	-90.14
2	24	-87.36
2	25	-78.93
2	28	-93.51
2	34	-92.80
2	35	-90.39
2	37	-60.10
2	40	-73.43
2	41	-81.17
2	45	-85.37
2	46	-89.51
2	48	-88.49
2	50	-88.76
2	51	-89.69
2	53	-92.80
2	55	-90.24
2	56	-82.74
2	57	-94.79
2	59	-92.55
2	60	-87.30
2	61	-84.86
2	62	-92.01
2	66	-86.38
2	69	-67.38
2	71	-93.39
2	82	-86.89
2	87	-79.53
2	89	-77.86
2	90	-87.96
2	93	-70.43
2	94	-85.09
2	96	-90.44
2	98	-81.31
3	2	-84.53
3	4	-94.84
3	10	-94.06
3	11	-93.15
3	13	-87.48
3	15	-90.40
3	23	-90.24
3	24	-93.51
3	25	-84.55
3	28	-86.82
3	37	-85.79
3	40	-89.91
3	41	-86.45
3	43	-89.02
3	45	-85.93
3	46	-92.11
3	49	-94.48
3	51	-89.86
3	55	-93.06
3	56	-71.41
3	59	-88.87
3	60	-68.46
3	61	-92.67
3	62	-84.55
3	64	-94.42
3	66	-64.51
3	68	-93.28
3	69	-87.04
3	82	-72.07
3	87	-87.88
3	89	-71.05
3	90	-65.95
3	93	-82.62
3	94	-94.14
3	96	-79.70
3	98	-91.42
4	3	-94.84
4	15	-77.29
4	17	-81.50
4	20	-89.48
4	21	-89.24
4	23	-94.93
4	28	-85.06
4	30	-77.45
4	31	-81.99
4	43	-79.62
4	44	-81.17
4	49	-61.77
4	51	-94.98
4	54	-85.80
4	56	-94.50
4	59	-89.71
4	60	-92.47
4	62	-87.30
4	64	-73.65
4	65	-79.41
4	66	-93.15
4	68	-78.06
4	70	-94.30
4	73	-83.69
4	74	-92.84
4	76	-76.62
4	82	-92.33
4	90	-93.14
4	91	-91.68
4	92	-62.32
4	96	-89.17
4	100	-78.87
5	1	-87.89
5	6	-90.20
5	7	-48.57
5	8	-87.47
5	9	-89.10
5	10	-82.85
5	11	-88.62
5	12	-87.74
5	13	-91.36
5	14	-86.46
5	16	-79.29
5	19	-85.69
5	22	-63.58
5	23	-91.24
5	24	-84.93
5	26	-87.17
5	27	-90.68
5	29	-91.81
5	32	-90.44
5	34	-75.61
5	35	-81.42
5	36	-91.22
5	37	-94.91
5	38	-91.67
5	41	-92.06
5	42	-86.55
5	45	-92.87
5	46	-87.27
5	47	-81.68
5	48	-91.03
5	50	-86.54
5	51	-91.33
5	52	-90.78
5	53	-87.43
5	55	-85.76
5	57	-61.98
5	58	-80.93
5	61	-87.51
5	63	-77.48
5	67	-88.09
5	69	-94.07
5	71	-86.53
5	72	-90.56
5	74	-94.45
5	75	-57.15
5	77	-86.89
5	78	-88.61
5	79	-82.33
5	80	-93.22
5	81	-89.20
5	84	-89.31
5	85	-82.27
5	86	-73.80
5	87	-91.39
5	88	-82.17
5	94	-89.89
5	95	-50.17
5	97	-94.13
5	98	-90.07
5	99	-88.64
6	2	-88.20
6	5	-90.20
6	7	-89.81
6	8	-86.72
6	10	-86.21
6	11	-75.43
6	13	-89.75
6	14	-75.53
6	16	-91.75
6	22	-88.66
6	23	-93.46
6	24	-82.59
6	25	-93.20
6	34	-83.86
6	35	-80.11
6	37	-86.62
6	40	-83.91
6	41	-88.86
6	45	-91.96
6	46	-90.45
6	47	-84.14
6	48	-51.76
6	50	-69.69
6	51	-93.24
6	53	-75.01
6	55	-90.14
6	56	-94.40
6	57	-88.90
6	58	-92.94
6	61	-79.79
6	63	-86.49
6	69	-85.22
6	71	-77.36
6	75	-91.23
6	79	-89.26
6	86	-94.15
6	87	-86.35
6	89	-93.75
6	93	-91.38
6	94	-67.38
6	95	-89.73
6	98	-79.21
6	99	-86.13
7	1	-87.74
7	5	-48.57
7	6	-89.81
7	8	-87.81
7	9	-88.64
7	10	-81.50
7	11	-87.93
7	12	-87.09
7	13	-90.62
7	14	-86.28
7	16	-77.82
7	19	-85.61
7	22	-65.50
7	23	-90.52
7	24	-83.86
7	26	-86.88
7	27	-90.79
7	29	-91.92
7	32	-89.87
7	34	-74.36
7	35	-80.40
7	36	-91.38
7	37	-94.40
7	38	-91.90
7	41	-91.36
7	42	-86.22
7	45	-92.20
7	46	-86.28
7	47	-81.92
7	48	-90.69
7	50	-85.97
7	51	-90.61
7	52	-90.76
7	53	-87.27
7	55	-84.66
7	57	-55.13
7	58	-82.29
7	61	-86.68
7	63	-78.09
7	67	-88.16
7	69	-93.53
7	71	-86.42
7	72	-90.83
7	74	-94.03
7	75	-63.30
7	77	-87.48
7	78	-88.98
7	79	-83.15
7	80	-92.85
7	81	-89.02
7	84	-88.76
7	85	-82.30
7	86	-74.97
7	87	-90.69
7	88	-83.13
7	94	-89.36
7	95	-57.01
7	97	-94.02
7	98	-89.39
7	99	-88.90
8	5	-87.47
8	6	-86.72
8	7	-87.81
8	10	-91.47
8	11	-90.14
8	14	-78.40
8	16	-93.12
8	22	-84.49
8	24	-90.61
8	34	-85.02
8	35	-86.41
8	47	-73.43
8	48	-86.90
8	50	-85.90
8	53	-78.40
8	55	-94.37
8	57	-88.00
8	58	-83.82
8	61	-90.87
8	63	-77.66
8	71	-76.46
8	75	-87.48
8	79	-73.97
8	85	-94.87
8	86	-91.25
8	87	-94.96
8	88	-92.78
8	94	-89.20
8	95	-86.38
8	98	-92.02
8	99	-55.13
9	1	-75.65
9	5	-89.10
9	7	-88.64
9	10	-88.35
9	11	-94.39
9	12	-65.46
9	13	-90.45
9	16	-81.22
9	17	-92.72
9	18	-87.77
9	19	-78.43
9	20	-85.72
9	21	-90.34
9	22	-91.24
9	23	-85.42
9	24	-91.03
9	26	-70.90
9	27	-84.96
9	28	-93.62
9	29	-86.13
9	32	-69.10
9	33	-90.87
9	34	-91.51
9	35	-92.30
9	36	-86.64
9	38	-88.83
9	39	-84.16
9	41	-91.97
9	42	-70.32
9	44	-93.87
9	45	-90.30
9	46	-85.43
9	50	-95.00
9	51	-85.99
9	52	-81.37
9	54	-91.55
9	55	-84.85
9	57	-88.39
9	58	-94.87
9	59	-88.91
9	61	-92.89
9	62	-93.66
9	63	-94.21
9	64	-94.65
9	65	-94.98
9	67	-82.13
9	68	-93.38
9	70	-81.06
9	72	-88.25
9	74	-79.70
9	75	-89.65
9	77	-90.10
9	78	-88.33
9	80	-73.43
9	81	-73.80
9	83	-89.73
9	84	-60.86
9	85	-81.41
9	86	-87.23
9	87	-92.81
9	88	-89.96
9	91	-91.47
9	95	-90.01
9	97	-82.28
9	98	-94.37
9	100	-93.36
10	1	-90.70
10	2	-89.46
10	3	-94.06
10	5	-82.85
10	6	-86.21
10	7	-81.50
10	8	-91.47
10	9	-88.35
10	11	-79.22
10	12	-85.33
10	13	-80.08
10	14	-86.47
10	16	-77.22
10	19	-89.86
10	20	-93.55
10	22	-83.60
10	23	-82.69
10	24	-65.83
10	26	-89.24
10	27	-94.40
10	28	-94.34
10	32	-87.38
10	34	-77.43
10	35	-74.83
10	37	-87.52
10	40	-89.80
10	41	-81.37
10	42	-88.57
10	45	-83.60
10	46	-73.40
10	47	-86.81
10	48	-87.45
10	50	-81.31
10	51	-82.54
10	52	-93.60
10	53	-87.30
10	55	-70.80
10	56	-90.96
10	57	-79.04
10	58	-91.35
10	59	-90.42
10	60	-93.83
10	61	-74.66
10	62	-93.47
10	63	-86.17
10	66	-93.66
10	67	-92.30
10	69	-86.21
10	70	-94.22
10	71	-87.23
10	74	-91.68
10	75	-85.05
10	77	-93.91
10	78	-94.24
10	79	-90.15
10	80	-91.79
10	81	-91.22
10	82	-92.76
10	84	-87.15
10	85	-88.59
10	86	-87.48
10	87	-80.15
10	88	-91.75
10	89	-92.70
10	93	-92.76
10	94	-83.34
10	95	-83.31
10	96	-93.97
10	98	-79.99
10	99	-91.88
11	2	-84.38
11	3	-93.15
11	5	-88.62
11	6	-75.43
11	7	-87.93
11	8	-90.14
11	9	-94.39
11	10	-79.22
11	12	-92.43
11	13	-83.20
11	14	-82.07
11	16	-88.07
11	22	-87.79
11	23	-88.73
11	24	-72.07
11	25	-91.56
11	32	-93.51
11	34	-81.68
11	35	-75.62
11	37	-81.64
11	40	-82.06
11	41	-81.96
11	42	-94.55
11	45	-86.57
11	46	-84.66
11	47	-86.39
11	48	-77.64
11	50	-70.65
11	51	-88.41
11	53	-82.59
11	55	-84.49
11	56	-90.62
11	57	-86.54
11	58	-93.41
11	59	-93.69
11	60	-93.81
11	61	-61.77
11	63	-87.43
11	66	-93.43
11	69	-79.29
11	71	-83.43
11	75	-90.03
11	79	-90.83
11	82	-93.03
11	84	-93.52
11	85	-94.25
11	86	-92.70
11	87	-77.82
11	89	-90.64
11	90	-94.87
11	93	-88.90
11	94	-64.75
11	95	-88.44
11	96	-94.91
11	98	-61.98
11	99	-90.07
12	1	-79.80
12	5	-87.74
12	7	-87.09
12	9	-65.46
12	10	-85.33
12	11	-92.43
12	13	-87.76
12	15	-94.64
12	16	-77.22
12	17	-92.84
12	18	-90.21
12	19	-80.86
12	20	-85.83
12	21	-91.27
12	22	-89.93
12	23	-81.85
12	24	-88.54
12	26	-75.84
12	27	-87.51
12	28	-92.57
12	29	-88.63
12	32	-65.50
12	33	-92.93
12	34	-89.66
12	35	-90.29
12	36	-88.90
12	37	-94.86
12	38	-90.69
12	39	-86.82
12	41	-89.56
12	42	-74.66
12	43	-94.85
12	44	-94.11
12	45	-87.74
12	46	-81.35
12	47	-94.22
12	50	-93.28
12	51	-82.54
12	52	-84.89
12	54	-92.04
12	55	-80.59
12	56	-93.91
12	57	-86.54
12	58	-94.32
12	59	-87.24
12	61	-90.68
12	62	-92.42
12	63	-93.04
12	64	-94.47
12	67	-84.70
12	68	-93.06
12	69	-94.34
12	70	-83.76
12	72	-90.04
12	74	-80.40
12	75	-88.59
12	77	-90.96
12	78	-89.76
12	80	-77.76
12	81	-79.26
12	82	-94.33
12	83	-91.88
12	84	-57.79
12	85	-82.28
12	86	-86.84
12	87	-90.51
12	88	-90.26
12	91	-92.69
12	94	-94.28
12	95	-88.70
12	96	-94.14
12	97	-86.14
12	98	-92.36
12	100	-93.32
13	1	-93.93
13	2	-84.01
13	3	-87.48
13	5	-91.36
13	6	-89.75
13	7	-90.62
13	9	-90.45
13	10	-80.08
13	11	-83.20
13	12	-87.76
13	14	-92.03
13	15	-92.82
13	16	-86.25
13	19	-93.79
13	20	-91.25
13	22	-91.88
13	23	-75.49
13	24	-80.15
13	25	-91.07
13	26	-92.58
13	28	-88.87
13	32	-87.90
13	34	-88.47
13	35	-86.27
13	37	-81.85
13	40	-87.43
13	41	-59.44
13	42	-92.10
13	43	-92.29
13	45	-64.36
13	46	-74.49
13	47	-93.29
13	48	-90.55
13	50	-87.60
13	51	-74.29
13	53	-92.44
13	55	-77.22
13	56	-82.03
13	57	-89.40
13	59	-84.41
13	60	-86.91
13	61	-80.37
13	62	-87.23
13	63	-93.19
13	64	-94.95
13	66	-86.64
13	68	-93.39
13	69	-81.01
13	70	-93.92
13	71	-92.68
13	74	-90.47
13	75	-92.60
13	80	-92.06
13	81	-93.97
13	82	-85.15
13	84	-88.71
13	85	-93.44
13	86	-93.66
13	87	-69.52
13	89	-86.05
13	90	-89.18
13	93	-87.89
13	94	-86.47
13	95	-91.68
13	96	-87.42
13	98	-80.68
13	100	-94.72
14	2	-92.74
14	5	-86.46
14	6	-75.53
14	7	-86.28
14	8	-78.40
14	10	-86.47
14	11	-82.07
14	13	-92.03
14	16	-90.57
14	22	-83.72
14	23	-94.50
14	24	-84.20
14	34	-79.34
14	35	-78.09
14	37	-91.43
14	40	-90.16
14	41	-91.70
14	45	-93.96
14	46	-91.25
14	47	-73.43
14	48	-76.55
14	50	-73.54
14	51	-94.37
14	53	-48.57
14	55	-90.61
14	57	-85.61
14	58	-88.25
14	61	-83.77
14	63	-78.72
14	69	-90.35
14	71	-49.00
14	75	-87.40
14	79	-82.45
14	85	-94.35
14	86	-91.34
14	87	-89.90
14	88	-93.87
14	94	-80.08
14	95	-85.57
14	98	-85.20
14	99	-77.94
15	3	-90.40
15	4	-77.29
15	12	-94.64
15	13	-92.82
15	17	-81.65
15	20	-86.30
15	21	-89.30
15	23	-90.52
15	28	-72.60
15	30	-86.78
15	31	-88.98
15	32	-92.88
15	39	-94.14
15	41	-93.42
15	43	-57.15
15	44	-83.60
15	45	-90.70
15	46	-94.02
15	49	-74.68
15	51	-90.54
15	54	-86.04
15	55	-94.79
15	56	-89.50
15	59	-82.89
15	60	-86.94
15	62	-77.45
15	64	-74.83
15	65	-83.75
15	66	-87.91
15	68	-72.51
15	70	-92.72
15	73	-88.11
15	74	-90.03
15	76	-83.02
15	80	-93.32
15	82	-86.46
15	84	-94.13
15	89	-93.26
15	90	-88.35
15	91	-92.26
15	92	-80.58
15	96	-81.43
15	100	-78.70
16	1	-83.64
16	2	-94.25
16	5	-79.29
16	6	-91.75
16	7	-77.82
16	8	-93.12
16	9	-81.22
16	10	-77.22
16	11	-88.07
16	12	-77.22
16	13	-86.25
16	14	-90.57
16	18	-94.79
16	19	-82.22
16	20	-91.63
16	22	-82.66
16	23	-83.89
16	24	-82.45
16	26	-81.31
16	27	-89.28
16	28	-94.98
16	29	-90.50
16	32	-82.06
16	33	-94.80
16	34	-81.96
16	35	-83.57
16	36	-90.31
16	37	-92.93
16	38	-91.50
16	39	-92.64
16	40	-94.76
16	41	-87.83
16	42	-80.11
16	45	-87.64
16	46	-78.20
16	47	-89.01
16	48	-92.60
16	50	-88.33
16	51	-84.18
16	52	-88.11
16	53	-91.29
16	55	-75.39
16	56	-94.04
16	57	-76.24
16	58	-89.99
16	59	-90.66
16	61	-85.90
16	62	-94.50
16	63	-87.33
16	67	-86.19
16	69	-92.12
16	70	-90.78
16	71	-90.94
16	72	-90.57
16	74	-88.59
16	75	-81.35
16	77	-89.45
16	78	-89.42
16	79	-90.57
16	80	-87.38
16	81	-84.61
16	84	-80.50
16	85	-80.40
16	86	-81.25
16	87	-87.93
16	88	-87.19
16	94	-90.29
16	95	-80.84
16	97	-90.86
16	98	-88.61
16	99	-93.76
17	4	-81.50
17	9	-92.72
17	12	-92.84
17	15	-81.65
17	18	-91.07
17	20	-79.24
17	21	-77.29
17	23	-91.58
17	28	-85.05
17	30	-83.46
17	31	-84.21
17	32	-90.54
17	39	-88.11
17	43	-83.93
17	44	-61.48
17	45	-93.41
17	46	-94.70
17	49	-77.62
17	51	-91.79
17	54	-67.51
17	56	-94.55
17	59	-85.80
17	60	-93.62
17	62	-87.27
17	64	-70.40
17	65	-68.68
17	66	-94.19
17	68	-71.07
17	70	-86.89
17	73	-77.92
17	74	-85.33
17	76	-72.40
17	80	-89.10
17	82	-92.98
17	83	-91.59
17	84	-91.83
17	90	-94.84
17	91	-83.11
17	92	-80.08
17	96	-90.34
17	97	-94.58
17	100	-58.16
18	1	-88.75
18	9	-87.77
18	12	-90.21
18	16	-94.79
18	17	-91.07
18	19	-90.77
18	20	-87.74
18	21	-84.41
18	23	-94.87
18	26	-88.98
18	27	-89.59
18	29	-89.23
18	32	-88.82
18	33	-89.15
18	36	-90.34
18	38	-91.92
18	39	-71.43
18	42	-89.48
18	44	-91.24
18	52	-87.24
18	54	-88.13
18	59	-94.27
18	64	-94.09
18	65	-92.32
18	67	-90.30
18	68	-93.68
18	70	-78.85
18	72	-92.30
18	73	-92.03
18	74	-86.02
18	76	-93.47
18	78	-93.60
18	80	-83.06
18	81	-87.18
18	83	-60.28
18	84	-88.74
18	85	-92.86
18	91	-81.58
18	97	-79.84
18	100	-92.38
19	1	-61.70
19	5	-85.69
19	7	-85.61
19	9	-78.43
19	10	-89.86
19	12	-80.86
19	13	-93.79
19	16	-82.22
19	18	-90.77
19	20	-92.39
19	21	-94.94
19	22	-88.44
19	23	-91.02
19	24	-92.22
19	26	-65.83
19	27	-75.73
19	29	-78.70
19	32	-84.19
19	33	-87.14
19	34	-90.51
19	35	-92.19
19	36	-78.32
19	38	-81.28
19	39	-89.45
19	41	-94.89
19	42	-66.52
19	45	-94.20
19	46	-89.49
19	47	-93.76
19	51	-91.35
19	52	-73.69
19	55	-88.54
19	57	-86.17
19	58	-91.18
19	59	-94.31
19	61	-94.08
19	63	-92.06
19	67	-65.95
19	70	-88.45
19	72	-79.65
19	74	-88.90
19	75	-85.50
19	77	-81.73
19	78	-78.70
19	79	-93.56
19	80	-85.07
19	81	-69.33
19	83	-92.24
19	84	-81.58
19	85	-64.41
19	86	-79.97
19	88	-82.22
19	95	-86.78
19	97	-82.71
20	1	-91.10
20	4	-89.48
20	9	-85.72
20	10	-93.55
20	12	-85.83
20	13	-91.25
20	15	-86.30
20	16	-91.63
20	17	-79.24
20	18	-87.74
20	19	-92.39
20	21	-78.54
20	23	-85.76
20	26	-89.95
20	27	-94.42
20	28	-85.46
20	29	-94.76
20	30	-91.44
20	31	-91.75
20	32	-81.86
20	39	-82.44
20	41	-92.58
20	42	-89.90
20	43	-87.38
20	44	-82.33
20	45	-89.59
20	46	-89.73
20	49	-87.24
20	51	-86.21
20	52	-92.38
20	54	-77.82
20	55	-90.27
20	56	-92.96
20	59	-80.58
20	60	-93.04
20	62	-86.74
20	64	-83.73
20	65	-84.66
20	66	-93.49
20	67	-93.57
20	68	-81.21
20	70	-78.26
20	73	-87.58
20	74	-70.47
20	76	-86.15
20	80	-80.06
20	81	-90.04
20	82	-92.00
20	83	-89.13
20	84	-84.14
20	85	-93.65
20	87	-94.10
20	90	-94.64
20	91	-83.89
20	92	-89.26
20	96	-90.08
20	97	-90.07
20	100	-80.70
21	1	-93.59
21	4	-89.24
21	9	-90.34
21	12	-91.27
21	15	-89.30
21	17	-77.29
21	18	-84.41
21	19	-94.94
21	20	-78.54
21	23	-92.52
21	26	-93.04
21	28	-90.52
21	30	-88.58
21	31	-87.93
21	32	-88.83
21	39	-80.53
21	42	-93.17
21	43	-90.59
21	44	-77.36
21	49	-87.26
21	51	-92.81
21	52	-93.85
21	54	-67.28
21	59	-89.06
21	62	-91.84
21	64	-84.19
21	65	-80.14
21	68	-83.99
21	70	-80.50
21	73	-80.93
21	74	-82.51
21	76	-82.70
21	80	-85.16
21	81	-92.51
21	83	-85.05
21	84	-89.89
21	91	-68.92
21	92	-87.98
21	96	-94.27
21	97	-90.51
21	100	-80.62
22	1	-90.29
22	5	-63.58
22	6	-88.66
22	7	-65.50
22	8	-84.49
22	9	-91.24
22	10	-83.60
22	11	-87.79
22	12	-89.93
22	13	-91.88
22	14	-83.72
22	16	-82.66
22	19	-88.44
22	23	-92.35
22	24	-84.77
22	26	-89.69
22	27	-92.57
22	29	-93.56
22	32	-92.24
22	34	-72.65
22	35	-79.80
22	36	-93.00
22	37	-94.69
22	38	-93.30
22	41	-92.38
22	42	-89.17
22	45	-93.49
22	46	-88.49
22	47	-76.99
22	48	-89.51
22	50	-84.82
22	51	-92.38
22	52	-92.75
22	53	-84.85
22	55	-87.17
22	57	-68.26
22	58	-78.84
22	61	-87.02
22	63	-70.65
22	67	-90.38
22	69	-93.81
22	71	-83.67
22	72	-92.31
22	75	-66.11
22	77	-88.69
22	78	-90.50
22	79	-78.29
22	80	-94.83
22	81	-91.42
22	84	-91.32
22	85	-85.64
22	86	-78.70
22	87	-91.48
22	88	-84.34
22	94	-88.76
22	95	-56.73
22	98	-89.56
22	99	-85.90
23	1	-90.77
23	2	-90.14
23	3	-90.24
23	4	-94.93
23	5	-91.24
23	6	-93.46
23	7	-90.52
23	9	-85.42
23	10	-82.69
23	11	-88.73
23	12	-81.85
23	13	-75.49
23	14	-94.50
23	15	-90.52
23	16	-83.89
23	17	-91.58
23	18	-94.87
23	19	-91.02
23	20	-85.76
23	21	-92.52
23	22	-92.35
23	24	-84.99
23	25	-94.82
23	26	-89.05
23	27	-94.87
23	28	-86.38
23	32	-80.84
23	34	-90.12
23	35	-89.15
23	37	-88.90
23	39	-91.89
23	40	-92.60
23	41	-79.46
23	42	-88.52
23	43	-90.29
23	44	-93.22
23	45	-72.76
23	46	-72.20
23	47	-94.81
23	48	-94.15
23	49	-93.67
23	50	-91.28
23	51	-40.23
23	52	-93.38
23	53	-94.94
23	54	-92.03
23	55	-75.36
23	56	-85.82
23	57	-89.50
23	59	-77.94
23	60	-88.57
23	61	-86.48
23	62	-85.27
23	63	-94.30
23	64	-92.10
23	65	-94.19
23	66	-88.70
23	67	-93.18
23	68	-90.16
23	69	-88.44
23	70	-89.31
23	71	-94.98
23	74	-84.26
23	75	-92.36
23	76	-94.67
23	80	-86.84
23	81	-90.54
23	82	-86.79
23	84	-82.65
23	85	-91.17
23	86	-92.54
23	87	-82.60
23	89	-90.30
23	90	-90.90
23	91	-94.64
23	93	-92.52
23	94	-91.17
23	95	-91.79
23	96	-87.17
23	97	-93.63
23	98	-87.58
23	100	-91.47
24	1	-92.99
24	2	-87.36
24	3	-93.51
24	5	-84.93
24	6	-82.59
24	7	-83.86
24	8	-90.61
24	9	-91.03
24	10	-65.83
24	11	-72.07
24	12	-88.54
24	13	-80.15
24	14	-84.20
24	16	-82.45
24	19	-92.22
24	22	-84.77
24	23	-84.99
24	25	-93.68
24	26	-91.78
24	28	-94.96
24	32	-90.08
24	34	-77.44
24	35	-71.13
24	37	-85.05
24	40	-87.11
24	41	-80.32
24	42	-91.22
24	45	-84.14
24	46	-78.27
24	47	-85.98
24	48	-84.14
24	50	-76.55
24	51	-84.71
24	53	-85.05
24	55	-77.36
24	56	-90.51
24	57	-81.82
24	58	-91.92
24	59	-91.61
24	60	-93.62
24	61	-63.90
24	62	-93.99
24	63	-86.02
24	66	-93.36
24	67	-94.30
24	69	-83.34
24	71	-85.23
24	74	-93.57
24	75	-86.84
24	79	-90.03
24	80	-93.85
24	81	-93.46
24	82	-92.63
24	84	-89.99
24	85	-91.03
24	86	-89.59
24	87	-77.47
24	88	-93.30
24	89	-91.69
24	90	-94.94
24	93	-91.19
24	94	-78.40
24	95	-85.03
24	96	-94.17
24	98	-73.90
24	99	-90.87
25	2	-78.93
25	3	-84.55
25	6	-93.20
25	11	-91.56
25	13	-91.07
25	23	-94.82
25	24	-93.68
25	37	-82.33
25	40	-82.61
25	41	-89.49
25	45	-91.37
25	46	-94.87
25	48	-93.19
25	50	-94.16
25	51	-94.50
25	56	-86.50
25	60	-88.47
25	61	-92.06
25	62	-94.11
25	66	-87.54
25	69	-84.14
25	82	-88.97
25	87	-89.03
25	89	-78.82
25	90	-87.70
25	93	-68.03
25	94	-91.54
25	96	-92.09
25	98	-89.93
26	1	-59.54
26	5	-87.17
26	7	-86.88
26	9	-70.90
26	10	-89.24
26	12	-75.84
26	13	-92.58
26	16	-81.31
26	18	-88.98
26	19	-65.83
26	20	-89.95
26	21	-93.04
26	22	-89.69
26	23	-89.05
26	24	-91.78
26	27	-79.17
26	29	-81.22
26	32	-79.80
26	33	-88.17
26	34	-90.96
26	35	-92.28
26	36	-81.55
26	38	-84.40
26	39	-86.93
26	41	-93.84
26	42	-45.20
26	45	-92.80
26	46	-87.96
26	47	-94.55
26	51	-89.45
26	52	-74.83
26	54	-94.27
26	55	-87.09
26	57	-87.06
26	58	-92.90
26	59	-92.39
26	61	-93.67
26	63	-93.06
26	67	-73.69
26	70	-85.38
26	72	-83.43
26	74	-85.70
26	75	-87.36
26	77	-85.80
26	78	-83.31
26	79	-94.72
26	80	-80.84
26	81	-61.98
26	83	-90.72
26	84	-76.17
26	85	-73.51
26	86	-83.40
26	87	-94.32
26	88	-86.02
26	91	-93.61
26	95	-88.21
26	97	-80.84
27	1	-74.97
27	5	-90.68
27	7	-90.79
27	9	-84.96
27	10	-94.40
27	12	-87.51
27	16	-89.28
27	18	-89.59
27	19	-75.73
27	20	-94.42
27	22	-92.57
27	23	-94.87
27	26	-79.17
27	29	-55.13
27	32	-89.05
27	33	-78.76
27	34	-94.58
27	36	-55.13
27	38	-68.55
27	39	-89.70
27	42	-80.21
27	46	-94.03
27	52	-65.50
27	55	-93.39
27	57	-91.38
27	58	-93.51
27	67	-65.91
27	70	-89.79
27	72	-68.00
27	74	-91.55
27	75	-90.19
27	77	-80.66
27	78	-73.43
27	80	-87.85
27	81	-76.20
27	83	-90.86
27	84	-87.38
27	85	-79.44
27	86	-85.87
27	88	-84.55
27	95	-91.38
27	97	-79.52
28	2	-93.51
28	3	-86.82
28	4	-85.06
28	9	-93.62
28	10	-94.34
28	12	-92.57
28	13	-88.87
28	15	-72.60
28	16	-94.98
28	17	-85.05
28	20	-85.46
28	21	-90.52
28	23	-86.38
28	24	-94.96
28	30	-91.14
28	31	-92.65
28	32	-90.79
28	37	-93.39
28	39	-93.97
28	41	-89.61
28	43	-70.14
28	44	-87.21
28	45	-86.02
28	46	-90.79
28	49	-83.31
28	51	-86.31
28	54	-88.07
28	55	-91.80
28	56	-84.71
28	59	-75.94
28	60	-82.19
28	62	-60.53
28	64	-82.07
28	65	-87.85
28	66	-83.43
28	68	-78.82
28	69	-93.67
28	70	-92.17
28	73	-91.32
28	74	-88.59
28	76	-87.74
28	80	-92.14
28	82	-80.84
28	84	-92.20
28	87	-91.64
28	89	-90.00
28	90	-84.86
28	91	-93.38
28	92	-86.93
28	93	-93.95
28	96	-73.51
28	100	-83.31
29	1	-77.67
29	5	-91.81
29	7	-91.92
29	9	-86.13
29	12	-88.63
29	16	-90.50
29	18	-89.23
29	19	-78.70
29	20	-94.76
29	22	-93.56
29	26	-81.22
29	27	-55.13
29	32	-89.91
29	33	-75.70
29	36	-53.53
29	38	-67.08
29	39	-89.71
29	42	-82.19
29	46	-94.86
29	52	-68.26
29	55	-94.27
29	57	-92.47
29	58	-94.30
29	67	-71.41
29	70	-90.04
29	72	-68.79
29	74	-92.03
29	75	-91.34
29	77	-81.94
29	78	-75.29
29	80	-88.41
29	81	-78.26
29	83	-90.42
29	84	-88.39
29	85	-81.85
29	86	-87.38
29	88	-85.89
29	95	-92.45
29	97	-79.07
30	4	-77.45
30	15	-86.78
30	17	-83.46
30	20	-91.44
30	21	-88.58
30	28	-91.14
30	31	-64.41
30	43	-88.25
30	44	-80.93
30	49	-78.76
30	54	-85.76
30	59	-93.60
30	62	-92.72
30	64	-81.28
30	65	-77.76
30	68	-84.71
30	70	-94.79
30	73	-77.36
30	74	-94.34
30	76	-74.60
30	91	-90.10
30	92	-71.91
30	96	-94.26
30	100	-82.74
31	4	-81.99
31	15	-88.98
31	17	-84.21
31	20	-91.75
31	21	-87.93
31	28	-92.65
31	30	-64.41
31	39	-94.59
31	43	-90.32
31	44	-81.28
31	49	-82.41
31	54	-85.54
31	59	-94.52
31	62	-94.10
31	64	-83.60
31	65	-78.32
31	68	-86.48
31	70	-94.56
31	73	-74.44
31	74	-94.48
31	76	-76.35
31	91	-88.96
31	92	-77.92
31	100	-84.12
32	1	-82.66
32	5	-90.44
32	7	-89.87
32	9	-69.10
32	10	-87.38
32	11	-93.51
32	12	-65.50
32	13	-87.90
32	15	-92.88
32	16	-82.06
32	17	-90.54
32	18	-88.82
32	19	-84.19
32	20	-81.86
32	21	-88.83
32	22	-92.24
32	23	-80.84
32	24	-90.08
32	26	-79.80
32	27	-89.05
32	28	-90.79
32	29	-89.91
32	33	-93.53
32	34	-91.75
32	35	-92.06
32	36	-90.33
32	38	-92.06
32	39	-84.50
32	41	-89.74
32	42	-79.26
32	43	-93.20
32	44	-92.02
32	45	-87.29
32	46	-82.70
32	49	-94.42
32	50	-94.59
32	51	-81.65
32	52	-86.36
32	54	-89.62
32	55	-82.61
32	56	-93.28
32	57	-89.36
32	59	-84.76
32	60	-94.56
32	61	-91.86
32	62	-90.81
32	63	-94.87
32	64	-92.49
32	65	-93.26
32	66	-94.76
32	67	-86.95
32	68	-90.89
32	69	-94.69
32	70	-80.32
32	72	-91.59
32	73	-94.79
32	74	-74.27
32	75	-91.18
32	76	-94.10
32	77	-92.88
32	78	-91.59
32	80	-73.01
32	81	-81.54
32	82	-93.43
32	83	-90.62
32	84	-58.50
32	85	-85.80
32	86	-89.73
32	87	-90.99
32	88	-92.47
32	91	-90.69
32	95	-91.23
32	96	-92.90
32	97	-86.08
32	98	-93.23
32	100	-91.11
33	1	-86.19
33	9	-90.87
33	12	-92.93
33	16	-94.80
33	18	-89.15
33	19	-87.14
33	26	-88.17
33	27	-78.76
33	29	-75.70
33	32	-93.53
33	36	-77.17
33	38	-77.17
33	39	-91.00
33	42	-88.83
33	52	-80.99
33	67	-83.64
33	70	-92.06
33	72	-79.75
33	74	-94.50
33	77	-87.53
33	78	-83.69
33	80	-91.52
33	81	-86.00
33	83	-89.77
33	84	-92.52
33	85	-89.03
33	86	-92.47
33	88	-90.86
33	97	-82.18
34	1	-91.87
34	2	-92.80
34	5	-75.61
34	6	-83.86
34	7	-74.36
34	8	-85.02
34	9	-91.51
34	10	-77.43
34	11	-81.68
34	12	-89.66
34	13	-88.47
34	14	-79.34
34	16	-81.96
34	19	-90.51
34	22	-72.65
34	23	-90.12
34	24	-77.44
34	26	-90.96
34	27	-94.58
34	32	-91.75
34	35	-66.41
34	37	-91.27
34	40	-91.77
34	41	-88.82
34	42	-90.40
34	45	-90.69
34	46	-85.29
34	47	-76.62
34	48	-85.18
34	50	-77.55
34	51	-90.07
34	52	-94.37
34	53	-80.91
34	55	-83.88
34	57	-71.58
34	58	-85.49
34	61	-80.59
34	63	-75.00
34	67	-92.56
34	69	-90.14
34	71	-80.02
34	72	-94.74
34	75	-78.60
34	77	-92.27
34	78	-93.38
34	79	-82.61
34	80	-94.84
34	81	-92.70
34	84	-91.14
34	85	-88.47
34	86	-84.59
34	87	-87.38
34	88	-89.17
34	94	-83.33
34	95	-74.69
34	98	-84.32
34	99	-85.88
35	1	-93.26
35	2	-90.39
35	5	-81.42
35	6	-80.11
35	7	-80.40
35	8	-86.41
35	9	-92.30
35	10	-74.83
35	11	-75.62
35	12	-90.29
35	13	-86.27
35	14	-78.09
35	16	-83.57
35	19	-92.19
35	22	-79.80
35	23	-89.15
35	24	-71.13
35	26	-92.28
35	32	-92.06
35	34	-66.41
35	37	-88.58
35	40	-89.10
35	41	-86.33
35	42	-91.75
35	45	-88.98
35	46	-84.03
35	47	-79.70
35	48	-81.92
35	50	-70.65
35	51	-89.00
35	53	-79.61
35	55	-82.88
35	56	-93.74
35	57	-78.20
35	58	-88.69
35	59	-94.48
35	61	-74.36
35	63	-80.06
35	67	-94.13
35	69	-87.19
35	71	-79.41
35	75	-83.60
35	77	-94.31
35	79	-85.69
35	81	-93.91
35	84	-91.68
35	85	-90.58
35	86	-87.85
35	87	-84.26
35	88	-91.73
35	89	-94.44
35	93	-93.56
35	94	-78.37
35	95	-80.99
35	98	-79.56
35	99	-86.84
36	1	-78.09
36	5	-91.22
36	7	-91.38
36	9	-86.64
36	12	-88.90
36	16	-90.31
36	18	-90.34
36	19	-78.32
36	22	-93.00
36	26	-81.55
36	27	-55.13
36	29	-53.53
36	32	-90.33
36	33	-77.17
36	38	-61.70
36	39	-90.69
36	42	-82.41
36	46	-94.87
36	52	-70.92
36	55	-94.24
36	57	-92.00
36	58	-93.57
36	67	-70.47
36	70	-90.89
36	72	-62.82
36	74	-92.61
36	75	-90.66
36	77	-79.86
36	78	-71.81
36	80	-89.20
36	81	-79.17
36	83	-91.47
36	84	-88.81
36	85	-81.01
36	86	-86.45
36	88	-84.49
36	95	-91.86
36	97	-81.17
37	2	-60.10
37	3	-85.79
37	5	-94.91
37	6	-86.62
37	7	-94.40
37	10	-87.52
37	11	-81.64
37	12	-94.86
37	13	-81.85
37	14	-91.43
37	16	-92.93
37	22	-94.69
37	23	-88.90
37	24	-85.05
37	25	-82.33
37	28	-93.39
37	34	-91.27
37	35	-88.58
37	40	-73.09
37	41	-78.49
37	45	-83.91
37	46	-87.83
37	47	-94.13
37	48	-87.06
37	50	-86.89
37	51	-88.42
37	53	-91.54
37	55	-88.57
37	56	-83.15
37	57	-93.46
37	59	-91.98
37	60	-87.91
37	61	-82.07
37	62	-91.90
37	63	-94.74
37	66	-87.11
37	69	-54.57
37	71	-92.15
37	82	-87.27
37	87	-75.73
37	89	-80.33
37	90	-88.87
37	93	-76.10
37	94	-82.85
37	95	-94.93
37	96	-90.62
37	98	-77.72
38	1	-81.68
38	5	-91.67
38	7	-91.90
38	9	-88.83
38	12	-90.69
38	16	-91.50
38	18	-91.92
38	19	-81.28
38	22	-93.30
38	26	-84.40
38	27	-68.55
38	29	-67.08
38	32	-92.06
38	33	-77.17
38	36	-61.70
38	39	-92.40
38	42	-85.05
38	52	-76.97
38	57	-92.60
38	58	-93.29
38	67	-75.43
38	70	-92.63
38	72	-54.57
38	74	-94.18
38	75	-90.98
38	77	-78.06
38	78	-69.33
38	80	-91.16
38	81	-82.74
38	83	-92.85
38	84	-90.69
38	85	-82.80
38	86	-86.88
38	88	-83.93
38	95	-92.23
38	97	-84.21
39	1	-87.27
39	9	-84.16
39	12	-86.82
39	15	-94.14
39	16	-92.64
39	17	-88.11
39	18	-71.43
39	19	-89.45
39	20	-82.44
39	21	-80.53
39	23	-91.89
39	26	-86.93
39	27	-89.70
39	28	-93.97
39	29	-89.71
39	31	-94.59
39	32	-84.50
39	33	-91.00
39	36	-90.69
39	38	-92.40
39	42	-87.33
39	43	-94.89
39	44	-88.76
39	46	-93.51
39	49	-93.72
39	51	-92.27
39	52	-86.94
39	54	-84.79
39	55	-93.52
39	59	-91.03
39	62	-94.66
39	64	-91.64
39	65	-90.19
39	67	-89.69
39	68	-90.90
39	70	-66.11
39	72	-92.54
39	73	-90.57
39	74	-79.62
39	76	-91.50
39	78	-93.52
39	80	-76.09
39	81	-85.46
39	83	-76.20
39	84	-84.83
39	85	-91.61
39	91	-79.86
39	92	-94.48
39	97	-80.63
39	100	-89.61
40	2	-73.43
40	3	-89.91
40	6	-83.91
40	10	-89.80
40	11	-82.06
40	13	-87.43
40	14	-90.16
40	16	-94.76
40	23	-92.60
40	24	-87.11
40	25	-82.61
40	34	-91.77
40	35	-89.10
40	37	-73.09
40	41	-85.34
40	45	-89.20
40	46	-91.16
40	47	-93.61
40	48	-83.89
40	50	-86.07
40	51	-92.25
40	53	-90.06
40	55	-91.54
40	56	-88.69
40	57	-94.38
40	60	-91.91
40	61	-84.01
40	63	-94.58
40	66	-91.26
40	69	-73.01
40	71	-90.89
40	82	-91.58
40	87	-82.85
40	89	-85.55
40	90	-92.36
40	93	-79.04
40	94	-80.93
40	96	-94.20
40	98	-79.84
40	99	-94.99
41	2	-81.17
41	3	-86.45
41	5	-92.06
41	6	-88.86
41	7	-91.36
41	9	-91.97
41	10	-81.37
41	11	-81.96
41	12	-89.56
41	13	-59.44
41	14	-91.70
41	15	-93.42
41	16	-87.83
41	19	-94.89
41	20	-92.58
41	22	-92.38
41	23	-79.46
41	24	-80.32
41	25	-89.49
41	26	-93.84
41	28	-89.61
41	32	-89.74
41	34	-88.82
41	35	-86.33
41	37	-78.49
41	40	-85.34
41	42	-93.39
41	43	-92.81
41	45	-69.38
41	46	-78.29
41	47	-93.32
41	48	-89.65
41	50	-87.02
41	51	-78.54
41	53	-92.06
41	55	-80.21
41	56	-80.88
41	57	-90.19
41	59	-86.07
41	60	-86.41
41	61	-79.44
41	62	-87.90
41	63	-93.38
41	66	-85.99
41	68	-94.21
41	69	-77.51
41	71	-92.38
41	74	-91.98
41	75	-93.26
41	80	-93.46
41	82	-84.76
41	84	-90.44
41	85	-94.48
41	86	-94.47
41	87	-62.82
41	89	-84.28
41	90	-88.57
41	93	-85.88
41	94	-85.25
41	95	-92.30
41	96	-87.59
41	98	-78.66
42	1	-63.47
42	5	-86.55
42	7	-86.22
42	9	-70.32
42	10	-88.57
42	11	-94.55
42	12	-74.66
42	13	-92.10
42	16	-80.11
42	18	-89.48
42	19	-66.52
42	20	-89.90
42	21	-93.17
42	22	-89.17
42	23	-88.52
42	24	-91.22
42	26	-45.20
42	27	-80.21
42	29	-82.19
42	32	-79.26
42	33	-88.83
42	34	-90.40
42	35	-91.75
42	36	-82.41
42	38	-85.05
42	39	-87.33
42	41	-93.39
42	45	-92.37
42	46	-87.27
42	47	-94.16
42	50	-94.68
42	51	-88.93
42	52	-76.46
42	54	-94.33
42	55	-86.34
42	57	-86.36
42	58	-92.63
42	59	-92.12
42	61	-93.17
42	63	-92.64
42	67	-74.88
42	70	-85.67
42	72	-84.04
42	74	-85.64
42	75	-86.82
42	77	-85.95
42	78	-83.73
42	79	-94.40
42	80	-81.05
42	81	-65.83
42	83	-91.17
42	84	-75.43
42	85	-72.97
42	86	-82.89
42	87	-93.87
42	88	-85.90
42	91	-93.82
42	95	-87.64
42	97	-81.92
42	98	-94.80
43	3	-89.02
43	4	-79.62
43	12	-94.85
43	13	-92.29
43	15	-57.15
43	17	-83.93
43	20	-87.38
43	21	-90.59
43	23	-90.29
43	28	-70.14
43	30	-88.25
43	31	-90.32
43	32	-93.20
43	39	-94.89
43	41	-92.81
43	44	-85.68
43	45	-90.08
43	46	-93.80
43	49	-78.03
43	51	-90.27
43	54	-87.71
43	55	-94.61
43	56	-88.23
43	59	-82.74
43	60	-85.18
43	62	-75.11
43	64	-78.49
43	65	-85.83
43	66	-86.28
43	68	-76.46
43	70	-93.46
43	73	-89.67
43	74	-90.71
43	76	-85.18
43	80	-93.87
43	82	-84.76
43	84	-94.42
43	87	-94.45
43	89	-92.19
43	90	-86.66
43	91	-93.35
43	92	-82.74
43	96	-78.91
43	100	-81.50
44	4	-81.17
44	9	-93.87
44	12	-94.11
44	15	-83.60
44	17	-61.48
44	18	-91.24
44	20	-82.33
44	21	-77.36
44	23	-93.22
44	28	-87.21
44	30	-80.93
44	31	-81.28
44	32	-92.02
44	39	-88.76
44	43	-85.68
44	45	-94.87
44	49	-77.82
44	51	-93.41
44	54	-68.43
44	59	-88.21
44	60	-94.84
44	62	-89.20
44	64	-72.76
44	65	-57.79
44	68	-75.65
44	70	-88.03
44	73	-72.46
44	74	-87.27
44	76	-66.67
44	80	-90.38
44	82	-94.30
44	83	-91.57
44	84	-93.14
44	91	-82.33
44	92	-78.70
44	96	-91.83
44	100	-66.67
45	1	-94.14
45	2	-85.37
45	3	-85.93
45	5	-92.87
45	6	-91.96
45	7	-92.20
45	9	-90.30
45	10	-83.60
45	11	-86.57
45	12	-87.74
45	13	-64.36
45	14	-93.96
45	15	-90.70
45	16	-87.64
45	17	-93.41
45	19	-94.20
45	20	-89.59
45	22	-93.49
45	23	-72.76
45	24	-84.14
45	25	-91.37
45	26	-92.80
45	28	-86.02
45	32	-87.29
45	34	-90.69
45	35	-88.98
45	37	-83.91
45	40	-89.20
45	41	-69.38
45	42	-92.37
45	43	-90.08
45	44	-94.87
45	46	-77.26
45	47	-94.99
45	48	-92.64
45	49	-94.35
45	50	-90.19
45	51	-71.21
45	53	-94.33
45	54	-94.24
45	55	-79.86
45	56	-79.46
45	57	-91.16
45	59	-80.72
45	60	-84.55
45	61	-84.43
45	62	-84.01
45	63	-94.82
45	64	-93.22
45	66	-84.43
45	68	-91.46
45	69	-83.60
45	70	-93.06
45	71	-94.53
45	74	-89.20
45	75	-93.96
45	80	-91.35
45	81	-94.05
45	82	-82.28
45	84	-88.42
45	85	-94.08
45	86	-94.67
45	87	-76.32
45	89	-85.42
45	90	-87.38
45	93	-88.39
45	94	-89.17
45	95	-93.22
45	96	-84.49
45	98	-84.50
45	100	-93.04
46	1	-89.76
46	2	-89.51
46	3	-92.11
46	5	-87.27
46	6	-90.45
46	7	-86.28
46	9	-85.43
46	10	-73.40
46	11	-84.66
46	12	-81.35
46	13	-74.49
46	14	-91.25
46	15	-94.02
46	16	-78.20
46	17	-94.70
46	19	-89.49
46	20	-89.73
46	22	-88.49
46	23	-72.20
46	24	-78.27
46	25	-94.87
46	26	-87.96
46	27	-94.03
46	28	-90.79
46	29	-94.86
46	32	-82.70
46	34	-85.29
46	35	-84.03
46	36	-94.87
46	37	-87.83
46	39	-93.51
46	40	-91.16
46	41	-78.29
46	42	-87.27
46	43	-93.80
46	45	-77.26
46	47	-91.50
46	48	-91.34
46	50	-87.36
46	51	-72.05
46	52	-92.78
46	53	-91.83
46	54	-94.86
46	55	-54.38
46	56	-88.28
46	57	-84.77
46	58	-94.30
46	59	-85.29
46	60	-91.28
46	61	-81.43
46	62	-89.82
46	63	-90.87
46	66	-91.22
46	67	-92.01
46	68	-93.72
46	69	-86.93
46	70	-91.32
46	71	-91.83
46	74	-87.66
46	75	-88.80
46	77	-94.82
46	78	-94.65
46	79	-93.80
46	80	-88.58
46	81	-89.91
46	82	-89.88
46	84	-83.23
46	85	-89.01
46	86	-89.63
46	87	-79.80
46	88	-93.30
46	89	-91.33
46	90	-93.13
46	93	-92.49
46	94	-87.84
46	95	-87.89
46	96	-90.84
46	97	-93.88
46	98	-83.89
46	100	-94.68
47	5	-81.68
47	6	-84.14
47	7	-81.92
47	8	-73.43
47	10	-86.81
47	11	-86.39
47	12	-94.22
47	13	-93.29
47	14	-73.43
47	16	-89.01
47	19	-93.76
47	22	-76.99
47	23	-94.81
47	24	-85.98
47	26	-94.55
47	34	-76.62
47	35	-79.70
47	37	-94.13
47	40	-93.61
47	41	-93.32
47	42	-94.16
47	45	-94.99
47	46	-91.50
47	48	-84.90
47	50	-81.01
47	51	-94.76
47	53	-75.11
47	55	-90.63
47	57	-81.87
47	58	-81.96
47	61	-86.82
47	63	-63.58
47	69	-93.20
47	71	-72.07
47	75	-82.28
47	77	-93.46
47	79	-72.25
47	85	-91.89
47	86	-87.66
47	87	-91.99
47	88	-90.38
47	94	-86.02
47	95	-80.11
47	98	-88.74
47	99	-75.62
48	2	-88.49
48	5	-91.03
48	6	-51.76
48	7	-90.69
48	8	-86.90
48	10	-87.45
48	11	-77.64
48	13	-90.55
48	14	-76.55
48	16	-92.60
48	22	-89.51
48	23	-94.15
48	24	-84.14
48	25	-93.19
48	34	-85.18
48	35	-81.92
48	37	-87.06
48	40	-83.89
48	41	-89.65
48	45	-92.64
48	46	-91.34
48	47	-84.90
48	50	-73.23
48	51	-93.94
48	53	-75.70
48	55	-91.08
48	56	-94.80
48	57	-89.85
48	58	-93.41
48	61	-81.54
48	63	-87.27
48	69	-85.78
48	71	-78.09
48	75	-91.97
48	79	-89.73
48	86	-94.79
48	87	-87.27
48	89	-94.00
48	93	-91.48
48	94	-70.59
48	95	-90.56
48	98	-80.70
48	99	-86.19
49	3	-94.48
49	4	-61.77
49	15	-74.68
49	17	-77.62
49	20	-87.24
49	21	-87.26
49	23	-93.67
49	28	-83.31
49	30	-78.76
49	31	-82.41
49	32	-94.42
49	39	-93.72
49	43	-78.03
49	44	-77.82
49	45	-94.35
49	51	-93.75
49	54	-83.18
49	56	-93.85
49	59	-87.91
49	60	-91.98
49	62	-85.93
49	64	-65.46
49	65	-76.28
49	66	-92.67
49	68	-72.70
49	70	-92.76
49	73	-82.28
49	74	-91.10
49	76	-73.53
49	80	-93.99
49	82	-91.68
49	90	-92.87
49	91	-90.18
49	92	-65.50
49	96	-88.38
49	100	-73.85
50	2	-88.76
50	5	-86.54
50	6	-69.69
50	7	-85.97
50	8	-85.90
50	9	-95.00
50	10	-81.31
50	11	-70.65
50	12	-93.28
50	13	-87.60
50	14	-73.54
50	16	-88.33
50	22	-84.82
50	23	-91.28
50	24	-76.55
50	25	-94.16
50	32	-94.59
50	34	-77.55
50	35	-70.65
50	37	-86.89
50	40	-86.07
50	41	-87.02
50	42	-94.68
50	45	-90.19
50	46	-87.36
50	47	-81.01
50	48	-73.23
50	51	-91.08
50	53	-74.66
50	55	-86.79
50	56	-93.78
50	57	-84.66
50	58	-90.86
50	61	-74.37
50	63	-83.06
50	69	-85.34
50	71	-75.89
50	75	-87.96
50	79	-87.19
50	84	-94.39
50	85	-93.76
50	86	-91.43
50	87	-84.41
50	88	-94.42
50	89	-93.78
50	93	-92.13
50	94	-68.92
50	95	-86.04
50	98	-76.89
50	99	-85.80
51	1	-91.13
51	2	-89.69
51	3	-89.86
51	4	-94.98
51	5	-91.33
51	6	-93.24
51	7	-90.61
51	9	-85.99
51	10	-82.54
51	11	-88.41
51	12	-82.54
51	13	-74.29
51	14	-94.37
51	15	-90.54
51	16	-84.18
51	17	-91.79
51	19	-91.35
51	20	-86.21
51	21	-92.81
51	22	-92.38
51	23	-40.23
51	24	-84.71
51	25	-94.50
51	26	-89.45
51	28	-86.31
51	32	-81.65
51	34	-90.07
51	35	-89.00
51	37	-88.42
51	39	-92.27
51	40	-92.25
51	41	-78.54
51	42	-88.93
51	43	-90.27
51	44	-93.41
51	45	-71.21
51	46	-72.05
51	47	-94.76
51	48	-93.94
51	49	-93.75
51	50	-91.08
51	52	-93.69
51	53	-94.81
51	54	-92.29
51	55	-75.39
51	56	-85.29
51	57	-89.57
51	59	-78.10
51	60	-88.21
51	61	-86.13
51	62	-85.10
51	63	-94.28
51	64	-92.23
51	65	-94.36
51	66	-88.32
51	67	-93.47
51	68	-90.30
51	69	-87.97
51	70	-89.76
51	71	-94.87
51	74	-84.87
51	75	-92.45
51	76	-94.81
51	80	-87.38
51	81	-90.92
51	82	-86.38
51	84	-83.34
51	85	-91.45
51	86	-92.71
51	87	-81.92
51	89	-89.88
51	90	-90.58
51	91	-94.91
51	93	-92.14
51	94	-90.90
51	95	-91.85
51	96	-86.90
51	97	-93.96
51	98	-87.19
51	100	-91.64
52	1	-69.30
52	5	-90.78
52	7	-90.76
52	9	-81.37
52	10	-93.60
52	12	-84.89
52	16	-88.11
52	18	-87.24
52	19	-73.69
52	20	-92.38
52	21	-93.85
52	22	-92.75
52	23	-93.38
52	26	-74.83
52	27	-65.50
52	29	-68.26
52	32	-86.36
52	33	-80.99
52	34	-94.37
52	36	-70.92
52	38	-76.97
52	39	-86.94
52	42	-76.46
52	46	-92.78
52	51	-93.69
52	55	-92.17
52	57	-91.18
52	58	-94.35
52	67	-67.28
52	70	-86.90
52	72	-76.68
52	74	-89.06
52	75	-90.54
52	77	-84.12
52	78	-79.24
52	80	-84.50
52	81	-68.79
52	83	-88.87
52	84	-84.44
52	85	-79.29
52	86	-86.58
52	88	-86.54
52	91	-93.73
52	95	-91.54
52	97	-74.29
53	2	-92.80
53	5	-87.43
53	6	-75.01
53	7	-87.27
53	8	-78.40
53	10	-87.30
53	11	-82.59
53	13	-92.44
53	14	-48.57
53	16	-91.29
53	22	-84.85
53	23	-94.94
53	24	-85.05
53	34	-80.91
53	35	-79.61
53	37	-91.54
53	40	-90.06
53	41	-92.06
53	45	-94.33
53	46	-91.83
53	47	-75.11
53	48	-75.70
53	50	-74.66
53	51	-94.81
53	55	-91.24
53	57	-86.65
53	58	-88.85
53	61	-84.42
53	63	-80.08
53	69	-90.48
53	71	-51.76
53	75	-88.28
53	79	-83.14
53	85	-94.93
53	86	-92.02
53	87	-90.27
53	88	-94.41
53	94	-80.25
53	95	-86.58
53	98	-85.58
53	99	-77.57
54	1	-94.92
54	4	-85.80
54	9	-91.55
54	12	-92.04
54	15	-86.04
54	17	-67.51
54	18	-88.13
54	20	-77.82
54	21	-67.28
54	23	-92.03
54	26	-94.27
54	28	-88.07
54	30	-85.76
54	31	-85.54
54	32	-89.62
54	39	-84.79
54	42	-94.33
54	43	-87.71
54	44	-68.43
54	45	-94.24
54	46	-94.86
54	49	-83.18
54	51	-92.29
54	59	-87.43
54	62	-89.77
54	64	-78.93
54	65	-73.76
54	68	-78.99
54	70	-83.90
54	73	-77.67
54	74	-83.64
54	76	-77.47
54	80	-87.16
54	81	-93.99
54	82	-94.65
54	83	-88.69
54	84	-90.84
54	91	-77.31
54	92	-84.33
54	96	-92.49
54	97	-92.71
54	100	-73.51
55	1	-88.96
55	2	-90.24
55	3	-93.06
55	5	-85.76
55	6	-90.14
55	7	-84.66
55	8	-94.37
55	9	-84.85
55	10	-70.80
55	11	-84.49
55	12	-80.59
55	13	-77.22
55	14	-90.61
55	15	-94.79
55	16	-75.39
55	19	-88.54
55	20	-90.27
55	22	-87.17
55	23	-75.36
55	24	-77.36
55	26	-87.09
55	27	-93.39
55	28	-91.80
55	29	-94.27
55	32	-82.61
55	34	-83.88
55	35	-82.88
55	36	-94.24
55	37	-88.57
55	39	-93.52
55	40	-91.54
55	41	-80.21
55	42	-86.34
55	43	-94.61
55	45	-79.86
55	46	-54.38
55	47	-90.63
55	48	-91.08
55	50	-86.79
55	51	-75.39
55	52	-92.17
55	53	-91.24
55	56	-89.51
55	57	-82.98
55	58	-93.42
55	59	-86.63
55	60	-92.32
55	61	-81.21
55	62	-90.94
55	63	-89.86
55	66	-92.26
55	67	-91.23
55	68	-94.40
55	69	-87.63
55	70	-91.39
55	71	-91.18
55	72	-94.62
55	74	-87.99
55	75	-87.45
55	77	-94.01
55	78	-93.90
55	79	-92.96
55	80	-88.52
55	81	-89.23
55	82	-91.03
55	84	-82.79
55	85	-87.88
55	86	-88.38
55	87	-81.06
55	88	-92.35
55	89	-92.24
55	90	-94.04
55	93	-93.16
55	94	-87.66
55	95	-86.46
55	96	-91.92
55	97	-93.52
55	98	-84.08
55	99	-94.76
56	2	-82.74
56	3	-71.41
56	4	-94.50
56	6	-94.40
56	10	-90.96
56	11	-90.62
56	12	-93.91
56	13	-82.03
56	15	-89.50
56	16	-94.04
56	17	-94.55
56	20	-92.96
56	23	-85.82
56	24	-90.51
56	25	-86.50
56	28	-84.71
56	32	-93.28
56	35	-93.74
56	37	-83.15
56	40	-88.69
56	41	-80.88
56	43	-88.23
56	45	-79.46
56	46	-88.28
56	48	-94.80
56	49	-93.85
56	50	-93.78
56	51	-85.29
56	55	-89.51
56	59	-85.12
56	60	-70.74
56	61	-89.77
56	62	-81.78
56	64	-93.38
56	66	-68.87
56	68	-91.92
56	69	-84.21
56	74	-93.65
56	82	-67.38
56	84	-94.19
56	87	-83.45
56	89	-74.11
56	90	-75.97
56	93	-83.31
56	94	-92.09
56	96	-77.86
56	98	-88.59
56	100	-93.83
57	1	-88.08
57	2	-94.79
57	5	-61.98
57	6	-88.90
57	7	-55.13
57	8	-88.00
57	9	-88.39
57	10	-79.04
57	11	-86.54
57	12	-86.54
57	13	-89.40
57	14	-85.61
57	16	-76.24
57	19	-86.17
57	22	-68.26
57	23	-89.50
57	24	-81.82
57	26	-87.06
57	27	-91.38
57	29	-92.47
57	32	-89.36
57	34	-71.58
57	35	-78.20
57	36	-92.00
57	37	-93.46
57	38	-92.60
57	40	-94.38
57	41	-90.19
57	42	-86.36
57	45	-91.16
57	46	-84.77
57	47	-81.87
57	48	-89.85
57	50	-84.66
57	51	-89.57
57	52	-91.18
57	53	-86.65
57	55	-82.98
57	58	-83.97
57	59	-94.69
57	61	-85.06
57	63	-78.57
57	67	-88.81
57	69	-92.53
57	71	-85.88
57	72	-91.59
57	74	-93.63
57	75	-69.69
57	77	-88.71
57	78	-89.93
57	79	-84.01
57	80	-92.61
57	81	-89.25
57	84	-88.32
57	85	-83.23
57	86	-77.67
57	87	-89.43
57	88	-84.89
57	94	-88.21
57	95	-64.51
57	97	-94.19
57	98	-88.08
57	99	-88.98
58	1	-92.90
58	5	-80.93
58	6	-92.94
58	7	-82.29
58	8	-83.82
58	9	-94.87
58	10	-91.35
58	11	-93.41
58	12	-94.32
58	14	-88.25
58	16	-89.99
58	19	-91.18
58	22	-78.84
58	24	-91.92
58	26	-92.90
58	27	-93.51
58	29	-94.30
58	34	-85.49
58	35	-88.69
58	36	-93.57
58	38	-93.29
58	42	-92.63
58	46	-94.30
58	47	-81.96
58	48	-93.41
58	50	-90.86
58	52	-94.35
58	53	-88.85
58	55	-93.42
58	57	-83.97
58	61	-93.16
58	63	-78.48
58	67	-92.00
58	71	-87.74
58	72	-92.34
58	75	-78.66
58	77	-87.38
58	78	-90.32
58	79	-74.07
58	81	-93.98
58	85	-88.81
58	86	-82.54
58	88	-82.79
58	94	-93.66
58	95	-79.72
58	98	-94.76
58	99	-85.64
59	1	-93.68
59	2	-92.55
59	3	-88.87
59	4	-89.71
59	9	-88.91
59	10	-90.42
59	11	-93.69
59	12	-87.24
59	13	-84.41
59	15	-82.89
59	16	-90.66
59	17	-85.80
59	18	-94.27
59	19	-94.31
59	20	-80.58
59	21	-89.06
59	23	-77.94
59	24	-91.61
59	26	-92.39
59	28	-75.94
59	30	-93.60
59	31	-94.52
59	32	-84.76
59	35	-94.48
59	37	-91.98
59	39	-91.03
59	41	-86.07
59	42	-92.12
59	43	-82.74
59	44	-88.21
59	45	-80.72
59	46	-85.29
59	49	-87.91
59	51	-78.10
59	54	-87.43
59	55	-86.63
59	56	-85.12
59	57	-94.69
59	60	-85.64
59	61	-92.27
59	62	-75.53
59	64	-85.71
59	65	-89.37
59	66	-86.29
59	68	-82.54
59	69	-91.99
59	70	-88.45
59	73	-92.33
59	74	-82.88
59	76	-89.83
59	80	-87.57
59	81	-93.16
59	82	-83.69
59	84	-86.82
59	85	-94.86
59	87	-88.61
59	89	-90.56
59	90	-88.38
59	91	-92.09
59	92	-90.57
59	93	-93.82
59	96	-81.25
59	97	-94.68
59	98	-92.60
59	100	-85.17
60	2	-87.30
60	3	-68.46
60	4	-92.47
60	10	-93.83
60	11	-93.81
60	13	-86.91
60	15	-86.94
60	17	-93.62
60	20	-93.04
60	23	-88.57
60	24	-93.62
60	25	-88.47
60	28	-82.19
60	32	-94.56
60	37	-87.91
60	40	-91.91
60	41	-86.41
60	43	-85.18
60	44	-94.84
60	45	-84.55
60	46	-91.28
60	49	-91.98
60	51	-88.21
60	55	-92.32
60	56	-70.74
60	59	-85.64
60	61	-93.11
60	62	-79.04
60	64	-91.86
60	66	-49.00
60	68	-90.49
60	69	-88.79
60	74	-94.25
60	76	-94.98
60	82	-57.79
60	87	-88.35
60	89	-78.76
60	90	-63.90
60	92	-93.92
60	93	-86.64
60	94	-94.99
60	96	-70.98
60	98	-92.22
60	100	-92.67
61	1	-94.74
61	2	-84.86
61	3	-92.67
61	5	-87.51
61	6	-79.79
61	7	-86.68
61	8	-90.87
61	9	-92.89
61	10	-74.66
61	11	-61.77
61	12	-90.68
61	13	-80.37
61	14	-83.77
61	16	-85.90
61	19	-94.08
61	22	-87.02
61	23	-86.48
61	24	-63.90
61	25	-92.06
61	26	-93.67
61	32	-91.86
61	34	-80.59
61	35	-74.36
61	37	-82.07
61	40	-84.01
61	41	-79.44
61	42	-93.17
61	45	-84.43
61	46	-81.43
61	47	-86.82
61	48	-81.54
61	50	-74.37
61	51	-86.13
61	53	-84.42
61	55	-81.21
61	56	-89.77
61	57	-85.06
61	58	-93.16
61	59	-92.27
61	60	-93.11
61	62	-94.12
61	63	-87.38
61	66	-92.76
61	69	-79.84
61	71	-84.94
61	74	-94.81
61	75	-89.09
61	79	-90.96
61	82	-92.19
61	84	-91.89
61	85	-93.04
61	86	-91.66
61	87	-75.00
61	88	-94.90
61	89	-90.39
61	90	-94.34
61	93	-89.32
61	94	-73.23
61	95	-87.47
61	96	-94.02
61	98	-64.36
61	99	-90.95
62	2	-92.01
62	3	-84.55
62	4	-87.30
