1	3	-93.94
1	6	-89.62
1	11	-81.50
1	12	-92.30
1	16	-93.83
1	18	-93.67
1	19	-88.97
1	25	-88.70
1	29	-67.38
1	31	-94.86
1	34	-94.78
1	35	-89.96
1	40	-94.32
2	3	-91.47
2	7	-92.22
2	9	-66.56
2	12	-90.76
2	13	-90.70
2	14	-70.43
2	16	-89.32
2	20	-85.80
2	21	-84.96
2	25	-94.32
2	33	-88.53
2	34	-87.38
2	37	-72.00
3	1	-93.94
3	2	-91.47
3	6	-85.22
3	7	-94.07
3	8	-92.50
3	9	-88.88
3	11	-91.14
3	12	-77.47
3	13	-91.18
3	14	-87.72
3	16	-72.25
3	17	-94.32
3	18	-87.23
3	19	-88.97
3	20	-80.86
3	21	-86.78
3	24	-81.73
3	25	-77.98
3	27	-92.75
3	28	-93.53
3	30	-92.96
3	33	-91.51
3	34	-78.46
3	35	-77.64
3	37	-93.07
3	38	-91.28
3	39	-94.55
3	40	-86.25
4	5	-94.10
4	7	-90.96
4	13	-92.70
4	15	-81.96
4	17	-86.02
4	22	-93.64
4	27	-88.76
4	30	-88.35
4	32	-93.07
4	33	-94.13
4	36	-91.11
5	4	-94.10
5	8	-92.81
5	10	-92.22
5	15	-94.28
5	17	-93.52
5	22	-75.49
5	23	-84.33
5	26	-93.60
5	27	-92.04
5	28	-89.20
5	30	-92.38
5	32	-72.25
5	36	-71.21
5	38	-91.07
5	39	-93.48
6	1	-89.62
6	3	-85.22
6	8	-83.78
6	11	-80.08
6	12	-89.00
6	16	-88.88
6	18	-74.11
6	19	-68.00
6	20	-92.47
6	24	-83.86
6	25	-83.93
6	26	-94.92
6	28	-87.88
6	29	-90.57
6	31	-87.40
6	34	-91.21
6	35	-73.51
6	38	-85.05
6	39	-86.14
6	40	-76.09
7	2	-92.22
7	3	-94.07
7	4	-90.96
7	9	-92.39
7	13	-69.71
7	14	-91.51
7	15	-81.87
7	17	-81.68
7	20	-87.74
7	21	-82.97
7	24	-92.56
7	27	-85.08
7	30	-84.34
7	33	-71.81
7	37	-89.50
8	3	-92.50
8	5	-92.81
8	6	-83.78
8	10	-93.95
8	11	-89.50
8	18	-75.89
8	19	-82.46
8	22	-88.96
8	23	-92.63
8	24	-86.36
8	25	-93.52
8	26	-87.60
8	27	-93.54
8	28	-71.63
8	30	-93.99
8	31	-79.75
8	32	-90.31
8	35	-88.61
8	36	-94.80
8	38	-70.47
8	39	-68.00
8	40	-77.64
9	2	-66.56
9	3	-88.88
9	7	-92.39
9	12	-87.85
9	13	-90.40
9	14	-55.98
9	16	-86.06
9	20	-83.07
9	21	-83.65
9	24	-94.04
9	25	-92.09
9	33	-88.55
9	34	-83.57
9	35	-94.14
9	37	-78.05
10	5	-92.22
10	8	-93.95
10	22	-93.51
10	23	-80.11
10	26	-82.60
10	28	-92.97
10	31	-92.82
10	32	-93.68
10	38	-94.94
10	39	-92.35
11	1	-81.50
11	3	-91.14
11	6	-80.08
11	8	-89.50
11	12	-91.74
11	16	-92.56
11	18	-86.41
11	19	-76.61
11	24	-92.00
11	25	-87.02
11	28	-92.99
11	29	-81.74
11	31	-88.16
11	34	-94.14
11	35	-84.29
11	38	-91.61
11	39	-89.66
11	40	-87.74
12	1	-92.30
12	2	-90.76
12	3	-77.47
12	6	-89.00
12	9	-87.85
12	11	-91.74
12	13	-94.68
12	14	-87.24
12	16	-65.24
12	18	-91.92
12	19	-91.64
12	20	-86.17
12	21	-90.36
12	24	-89.61
12	25	-73.54
12	29	-94.43
12	33	-94.48
12	34	-68.46
12	35	-83.20
12	37	-93.38
12	40	-91.52
13	2	-90.70
13	3	-91.18
13	4	-92.70
13	7	-69.71
13	9	-90.40
13	12	-94.68
13	14	-89.25
13	15	-83.88
13	16	-92.72
13	17	-81.62
13	20	-83.25
13	21	-77.16
13	24	-89.62
13	27	-83.40
13	30	-82.80
13	33	-65.24
13	34	-93.08
13	37	-88.44
13	40	-94.56
14	2	-70.43
14	3	-87.72
14	7	-91.51
14	9	-55.98
14	12	-87.24
14	13	-89.25
14	16	-85.07
14	20	-80.73
14	21	-81.58
14	24	-93.04
14	25	-91.50
14	33	-87.36
14	34	-82.74
14	35	-93.41
14	37	-78.37
15	4	-81.96
15	5	-94.28
15	7	-81.87
15	13	-83.88
15	17	-68.26
15	20	-92.75
15	21	-90.68
15	22	-92.06
15	24	-92.74
15	27	-78.09
15	30	-76.78
15	32	-91.93
15	33	-86.78
15	36	-92.25
16	1	-93.83
16	2	-89.32
16	3	-72.25
16	6	-88.88
16	9	-86.06
16	11	-92.56
16	12	-65.24
16	13	-92.72
16	14	-85.07
16	18	-91.21
16	19	-91.73
16	20	-82.42
16	21	-87.71
16	24	-87.66
16	25	-76.97
16	33	-92.52
16	34	-64.36
16	35	-82.88
16	37	-91.88
16	38	-94.59
16	40	-90.61
17	3	-94.32
17	4	-86.02
17	5	-93.52
17	7	-81.68
17	13	-81.62
17	15	-68.26
17	18	-94.93
17	20	-90.63
17	21	-88.77
17	22	-90.52
17	24	-89.87
17	27	-68.68
17	28	-93.97
17	30	-65.83
17	32	-90.61
17	33	-85.43
17	36	-91.85
17	38	-93.20
17	40	-93.94
18	1	-93.67
18	3	-87.23
18	6	-74.11
18	8	-75.89
18	11	-86.41
18	12	-91.92
18	16	-91.21
18	17	-94.93
18	19	-76.62
18	20	-92.47
18	21	-94.72
18	22	-91.62
18	24	-80.08
18	25	-88.70
18	26	-92.70
18	27	-92.51
18	28	-81.22
18	29	-94.17
18	30	-92.96
18	31	-85.48
18	32	-92.75
18	34	-93.26
18	35	-81.17
18	38	-76.09
18	39	-81.43
18	40	-56.73
19	1	-88.97
19	3	-88.97
19	6	-68.00
19	8	-82.46
19	11	-76.61
19	12	-91.64
19	16	-91.73
19	18	-76.62
19	20	-94.84
19	24	-87.25
19	25	-87.25
19	26	-93.32
19	28	-87.62
19	29	-89.34
19	31	-83.94
19	34	-93.64
19	35	-80.68
19	38	-85.42
19	39	-83.78
19	40	-79.41
20	2	-85.80
20	3	-80.86
20	6	-92.47
20	7	-87.74
20	9	-83.07
20	12	-86.17
20	13	-83.25
20	14	-80.73
20	15	-92.75
20	16	-82.42
20	17	-90.63
20	18	-92.47
20	19	-94.84
20	21	-71.41
20	24	-85.60
20	25	-88.98
20	27	-89.80
20	30	-89.79
20	33	-82.80
20	34	-83.07
20	35	-88.98
20	37	-86.48
20	38	-94.12
20	40	-91.43
21	2	-84.96
21	3	-86.78
21	7	-82.97
21	9	-83.65
21	12	-90.36
21	13	-77.16
21	14	-81.58
21	15	-90.68
21	16	-87.71
21	17	-88.77
21	18	-94.72
21	20	-71.41
21	24	-88.57
21	25	-92.66
21	27	-88.76
21	30	-88.58
21	33	-74.69
21	34	-87.76
21	35	-92.51
21	37	-83.56
21	40	-93.76
22	4	-93.64
22	5	-75.49
22	8	-88.96
22	10	-93.51
22	15	-92.06
22	17	-90.52
22	18	-91.62
22	23	-87.55
22	24	-91.23
22	26	-92.86
22	27	-88.03
22	28	-83.88
22	30	-88.57
22	31	-93.96
22	32	-55.98
22	36	-79.24
22	38	-85.90
22	39	-90.46
22	40	-91.07
23	5	-84.33
23	8	-92.63
23	10	-80.11
23	22	-87.55
23	26	-86.99
23	28	-90.26
23	31	-93.72
23	32	-87.47
23	36	-88.97
23	38	-92.64
23	39	-91.88
24	3	-81.73
24	6	-83.86
24	7	-92.56
24	8	-86.36
24	9	-94.04
24	11	-92.00
24	12	-89.61
24	13	-89.62
24	14	-93.04
24	15	-92.74
24	16	-87.66
24	17	-89.87
24	18	-80.08
24	19	-87.25
24	20	-85.60
24	21	-88.57
24	22	-91.23
24	25	-88.15
24	27	-86.71
24	28	-86.36
24	30	-87.25
24	31	-92.79
24	32	-92.24
24	33	-91.17
24	34	-89.96
24	35	-82.41
24	38	-82.66
24	39	-89.83
24	40	-77.03
25	1	-88.70
25	2	-94.32
25	3	-77.98
25	6	-83.93
25	8	-93.52
25	9	-92.09
25	11	-87.02
25	12	-73.54
25	14	-91.50
25	16	-76.97
25	18	-88.70
25	19	-87.25
25	20	-88.98
25	21	-92.66
25	24	-88.15
25	29	-91.19
25	34	-80.78
25	35	-75.89
25	38	-93.38
25	39	-94.98
25	40	-88.55
26	5	-93.60
26	6	-94.92
26	8	-87.60
26	10	-82.60
26	18	-92.70
26	19	-93.32
26	22	-92.86
26	23	-86.99
26	28	-88.02
26	31	-83.37
26	32	-93.50
26	38	-90.27
26	39	-84.03
26	40	-93.39
27	3	-92.75
27	4	-88.76
27	5	-92.04
27	7	-85.08
27	8	-93.54
27	13	-83.40
27	15	-78.09
27	17	-68.68
27	18	-92.51
27	20	-89.80
27	21	-88.76
27	22	-88.03
27	24	-86.71
27	28	-91.32
27	30	-44.44
27	32	-88.39
27	33	-86.95
27	35	-94.59
27	36	-90.77
27	38	-90.35
27	40	-91.35
28	3	-93.53
28	5	-89.20
28	6	-87.88
28	8	-71.63
28	10	-92.97
28	11	-92.99
28	17	-93.97
28	18	-81.22
28	19	-87.62
28	22	-83.88
28	23	-90.26
28	24	-86.36
28	26	-88.02
28	27	-91.32
28	30	-91.85
28	31	-85.07
28	32	-85.76
28	35	-91.00
28	36	-91.63
28	38	-65.91
28	39	-77.22
28	40	-81.22
29	1	-67.38
29	6	-90.57
29	11	-81.74
29	12	-94.43
29	18	-94.17
29	19	-89.34
29	25	-91.19
29	31	-94.18
29	35	-91.61
29	40	-94.92
30	3	-92.96
30	4	-88.35
30	5	-92.38
30	7	-84.34
30	8	-93.99
30	13	-82.80
30	15	-76.78
30	17	-65.83
30	18	-92.96
30	20	-89.79
30	21	-88.58
30	22	-88.57
30	24	-87.25
30	27	-44.44
30	28	-91.85
30	32	-88.87
30	33	-86.49
30	35	-94.87
30	36	-91.03
30	38	-90.91
30	40	-91.83
31	1	-94.86
31	6	-87.40
31	8	-79.75
31	10	-92.82
31	11	-88.16
31	18	-85.48
31	19	-83.94
31	22	-93.96
31	23	-93.72
31	24	-92.79
31	26	-83.37
31	28	-85.07
31	29	-94.18
31	32	-94.85
31	35	-91.99
31	38	-85.76
31	39	-72.70
31	40	-87.09
32	4	-93.07
32	5	-72.25
32	8	-90.31
32	10	-93.68
32	15	-91.93
32	17	-90.61
32	18	-92.75
32	22	-55.98
32	23	-87.47
32	24	-92.24
32	26	-93.50
32	27	-88.39
32	28	-85.76
32	30	-88.87
32	31	-94.85
32	36	-76.09
32	38	-87.58
32	39	-91.62
32	40	-92.23
33	2	-88.53
33	3	-91.51
33	4	-94.13
33	7	-71.81
33	9	-88.55
33	12	-94.48
33	13	-65.24
33	14	-87.36
33	15	-86.78
33	16	-92.52
33	17	-85.43
33	20	-82.80
33	21	-74.69
33	24	-91.17
33	27	-86.95
33	30	-86.49
33	34	-92.60
33	37	-85.46
34	1	-94.78
34	2	-87.38
34	3	-78.46
34	6	-91.21
34	9	-83.57
34	11	-94.14
34	12	-68.46
34	13	-93.08
34	14	-82.74
34	16	-64.36
34	18	-93.26
34	19	-93.64
34	20	-83.07
34	21	-87.76
34	24	-89.96
34	25	-80.78
34	33	-92.60
34	35	-86.29
34	37	-90.63
34	40	-92.72
35	1	-89.96
35	3	-77.64
35	6	-73.51
35	8	-88.61
35	9	-94.14
35	11	-84.29
35	12	-83.20
35	14	-93.41
35	16	-82.88
35	18	-81.17
35	19	-80.68
35	20	-88.98
35	21	-92.51
35	24	-82.41
35	25	-75.89
35	27	-94.59
35	28	-91.00
35	29	-91.61
35	30	-94.87
35	31	-91.99
35	34	-86.29
35	38	-88.41
35	39	-90.77
35	40	-80.95
36	4	-91.11
36	5	-71.21
36	8	-94.80
36	15	-92.25
36	17	-91.85
36	22	-79.24
36	23	-88.97
36	27	-90.77
36	28	-91.63
36	30	-91.03
36	32	-76.09
36	38	-92.88
37	2	-72.00
37	3	-93.07
37	7	-89.50
37	9	-78.05
37	12	-93.38
37	13	-88.44
37	14	-78.37
37	16	-91.88
37	20	-86.48
37	21	-83.56
37	33	-85.46
37	34	-90.63
38	3	-91.28
38	5	-91.07
38	6	-85.05
38	8	-70.47
38	10	-94.94
38	11	-91.61
38	16	-94.59
38	17	-93.20
38	18	-76.09
38	19	-85.42
38	20	-94.12
38	22	-85.90
38	23	-92.64
38	24	-82.66
38	25	-93.38
38	26	-90.27
38	27	-90.35
38	28	-65.91
38	30	-90.91
38	31	-85.76
38	32	-87.58
38	35	-88.41
38	36	-92.88
38	39	-78.81
38	40	-75.49
39	3	-94.55
39	5	-93.48
39	6	-86.14
39	8	-68.00
39	10	-92.35
39	11	-89.66
39	18	-81.43
39	19	-83.78
39	22	-90.46
39	23	-91.88
39	24	-89.83
39	25	-94.98
39	26	-84.03
39	28	-77.22
39	31	-72.70
39	32	-91.62
39	35	-90.77
39	38	-78.81
39	40	-83.06
40	1	-94.32
40	3	-86.25
40	6	-76.09
40	8	-77.64
40	11	-87.74
40	12	-91.52
40	13	-94.56
40	16	-90.61
40	17	-93.94
40	18	-56.73
40	19	-79.41
40	20	-91.43
40	21	-93.76
40	22	-91.07
40	24	-77.03
40	25	-88.55
40	26	-93.39
40	27	-91.35
40	28	-81.22
40	29	-94.92
40	30	-91.83
40	31	-87.09
40	32	-92.23
40	34	-92.72
40	35	-80.95
40	38	-75.49
40	39	-83.06
