1	6	-94.67
1	7	-92.07
1	9	-80.14
1	10	-92.58
1	12	-92.35
1	13	-90.35
1	16	-73.51
1	18	-91.36
1	23	-94.84
1	31	-85.12
1	33	-82.27
1	40	-91.64
1	42	-83.18
1	43	-93.60
1	46	-94.65
1	48	-85.64
1	50	-83.02
1	54	-68.68
1	56	-70.43
1	61	-93.14
1	63	-61.55
1	68	-93.19
1	71	-93.69
1	72	-93.99
1	74	-79.46
1	75	-76.09
1	76	-93.40
1	80	-79.62
2	4	-91.69
2	8	-91.51
2	19	-91.70
2	20	-87.55
2	26	-78.33
2	27	-60.10
2	29	-45.20
2	35	-89.18
2	36	-87.89
2	38	-68.26
2	39	-91.91
2	44	-86.93
2	45	-92.72
2	47	-93.97
2	49	-85.90
2	51	-90.60
2	52	-86.36
2	53	-83.60
2	55	-94.78
2	60	-93.94
2	67	-86.66
2	69	-79.32
2	70	-80.45
2	72	-94.26
2	73	-85.02
3	4	-90.57
3	5	-69.40
3	6	-90.54
3	11	-82.59
3	12	-93.12
3	14	-88.32
3	15	-78.86
3	17	-77.67
3	19	-90.84
3	21	-85.08
3	22	-75.01
3	23	-87.69
3	24	-80.63
3	25	-76.10
3	28	-77.98
3	34	-88.43
3	35	-92.84
3	39	-91.89
3	43	-92.38
3	44	-94.53
3	45	-90.55
3	46	-90.42
3	57	-85.27
3	58	-75.62
3	59	-81.57
3	60	-90.30
3	61	-91.89
3	62	-73.23
3	65	-80.63
3	67	-94.65
3	68	-93.06
3	71	-89.90
3	77	-65.91
3	78	-82.41
3	79	-79.65
4	2	-91.69
4	3	-90.57
4	5	-90.80
4	6	-86.05
4	8	-89.37
4	11	-83.60
4	12	-89.12
4	13	-92.38
4	15	-85.60
4	17	-94.31
4	19	-56.59
4	20	-90.04
4	21	-78.85
4	22	-94.74
4	23	-88.71
4	24	-87.48
4	25	-88.38
4	26	-86.33
4	27	-90.25
4	28	-82.91
4	29	-92.20
4	35	-65.46
4	36	-81.22
4	38	-93.93
4	39	-78.18
4	44	-74.27
4	45	-69.90
4	46	-86.19
4	49	-78.09
4	52	-80.84
4	53	-93.87
4	57	-77.98
4	58	-86.59
4	59	-82.83
4	60	-76.57
4	62	-85.49
4	65	-87.81
4	67	-74.68
4	69	-91.14
4	70	-92.84
4	71	-94.96
4	72	-89.30
4	73	-86.34
4	77	-89.17
4	78	-90.45
4	79	-83.06
5	3	-69.40
5	4	-90.80
5	6	-88.25
5	11	-85.84
5	12	-91.00
5	14	-84.14
5	15	-83.34
5	17	-72.48
5	18	-92.90
5	19	-90.77
5	21	-83.84
5	22	-77.98
5	23	-84.01
5	24	-85.29
5	25	-67.76
5	28	-79.99
5	34	-84.11
5	35	-93.05
5	39	-93.12
5	43	-89.24
5	44	-94.56
5	45	-89.99
5	46	-88.08
5	48	-94.72
5	57	-87.14
5	58	-81.22
5	59	-79.53
5	60	-89.24
5	61	-88.58
5	62	-76.09
5	65	-85.37
5	67	-94.70
5	68	-90.08
5	71	-85.99
5	77	-60.86
5	78	-75.53
5	79	-78.37
6	1	-94.67
6	3	-90.54
6	4	-86.05
6	5	-88.25
6	7	-92.49
6	8	-86.95
6	11	-91.01
6	12	-68.68
6	13	-83.24
6	14	-89.79
6	15	-90.93
6	16	-94.80
6	17	-91.37
6	18	-92.53
6	19	-84.42
6	20	-90.83
6	21	-78.84
6	22	-93.95
6	23	-72.48
6	24	-92.72
6	25	-84.41
6	28	-86.88
6	33	-94.79
6	34	-88.32
6	35	-87.93
6	36	-86.30
6	39	-92.38
6	40	-94.26
6	42	-86.64
6	43	-90.63
6	44	-88.48
6	45	-80.76
6	46	-28.70
6	48	-91.36
6	49	-91.86
6	50	-92.72
6	51	-94.78
6	52	-93.31
6	54	-92.75
6	56	-94.39
6	57	-89.21
6	58	-90.69
6	59	-80.72
6	60	-75.94
6	61	-89.24
6	62	-87.38
6	65	-92.91
6	67	-88.79
6	68	-91.04
6	71	-86.46
6	72	-82.45
6	74	-88.80
6	75	-92.39
6	77	-87.78
6	78	-82.76
6	79	-82.94
6	80	-90.34
7	1	-92.07
7	6	-92.49
7	8	-84.18
7	10	-82.33
7	12	-90.04
7	13	-82.27
7	16	-94.97
7	20	-87.40
7	30	-89.37
7	32	-88.20
7	33	-84.20
7	36	-91.70
7	37	-87.03
7	40	-65.63
7	41	-82.22
7	42	-86.99
7	45	-94.69
7	46	-92.60
7	47	-85.23
7	50	-81.37
7	51	-85.25
7	54	-89.17
7	55	-88.19
7	56	-94.24
7	60	-93.80
7	63	-93.59
7	64	-76.97
7	66	-85.44
7	72	-84.01
7	74	-88.08
7	75	-86.41
7	76	-83.13
7	80	-93.19
8	2	-91.51
8	4	-89.37
8	6	-86.95
8	7	-84.18
8	10	-93.14
8	12	-85.60
8	13	-81.14
8	19	-87.99
8	20	-72.95
8	21	-90.75
8	23	-91.38
8	26	-91.73
8	27	-89.96
8	28	-94.86
8	29	-91.99
8	30	-94.61
8	32	-93.91
8	33	-92.93
8	35	-88.47
8	36	-78.87
8	37	-91.74
8	38	-92.10
8	39	-94.19
8	40	-87.63
8	41	-91.84
8	42	-89.63
8	44	-86.45
8	45	-86.54
8	46	-87.19
8	47	-87.81
8	49	-90.58
8	50	-90.69
8	51	-82.39
8	52	-92.38
8	54	-93.95
8	55	-90.66
8	57	-94.45
8	59	-92.64
8	60	-85.80
8	64	-86.76
8	66	-93.52
8	67	-86.68
8	72	-71.38
8	73	-94.33
8	74	-91.44
8	75	-92.50
8	76	-93.41
8	78	-94.91
8	79	-93.48
8	80	-94.99
9	1	-80.14
9	13	-94.94
9	16	-69.47
9	18	-88.13
9	31	-67.54
9	33	-91.16
9	34	-94.61
9	42	-89.65
9	43	-91.82
9	48	-82.94
9	50	-91.51
9	54	-84.85
9	56	-72.97
9	61	-91.79
9	63	-77.03
9	68	-91.16
9	71	-93.19
9	74	-87.57
9	75	-87.93
9	80	-82.33
10	1	-92.58
10	7	-82.33
10	8	-93.14
10	13	-91.43
10	20	-94.47
10	30	-86.02
10	32	-84.85
10	33	-83.11
10	37	-86.95
10	40	-77.02
10	41	-75.43
10	42	-92.07
10	47	-89.00
10	50	-84.40
10	51	-91.57
10	54	-90.79
10	55	-90.03
10	63	-93.66
10	64	-83.02
10	66	-77.26
10	72	-93.06
10	74	-91.99
10	75	-88.56
10	76	-52.05
11	3	-82.59
11	4	-83.60
11	5	-85.84
11	6	-91.01
11	12	-93.74
11	14	-94.72
11	15	-61.98
11	17	-90.13
11	19	-85.03
11	21	-83.02
11	22	-88.64
11	23	-90.63
11	24	-66.95
11	25	-85.14
11	26	-93.26
11	28	-73.30
11	34	-94.44
11	35	-86.54
11	36	-92.34
11	39	-81.92
11	44	-89.34
11	45	-86.33
11	46	-91.00
11	49	-88.85
11	52	-88.85
11	57	-67.51
11	58	-69.10
11	59	-82.46
11	60	-87.60
11	62	-76.35
11	65	-68.26
11	67	-89.40
11	71	-94.86
11	73	-91.51
11	77	-83.13
11	78	-89.27
11	79	-80.49
12	1	-92.35
12	3	-93.12
12	4	-89.12
12	5	-91.00
12	6	-68.68
12	7	-90.04
12	8	-85.60
12	11	-93.74
12	13	-77.64
12	14	-90.71
12	15	-93.68
12	16	-92.84
12	17	-93.28
12	18	-91.89
12	19	-87.69
12	20	-90.30
12	21	-84.55
12	23	-77.73
12	25	-88.03
12	28	-90.42
12	33	-92.27
12	34	-89.22
12	35	-90.30
12	36	-87.36
12	39	-94.55
12	40	-91.99
12	42	-81.99
12	43	-90.62
12	44	-90.34
12	45	-84.81
12	46	-68.87
12	48	-89.75
12	49	-93.57
12	50	-89.77
12	51	-93.82
12	52	-94.95
12	54	-89.93
12	56	-92.29
12	57	-92.20
12	58	-93.47
12	59	-85.80
12	60	-81.41
12	61	-89.21
12	62	-90.76
12	63	-93.75
12	64	-94.17
12	67	-90.61
12	68	-90.89
12	71	-86.93
12	72	-79.39
12	74	-84.99
12	75	-89.39
12	77	-90.82
12	78	-85.92
12	79	-87.40
12	80	-87.76
13	1	-90.35
13	4	-92.38
13	6	-83.24
13	7	-82.27
13	8	-81.14
13	9	-94.94
13	10	-91.43
13	12	-77.64
13	16	-92.29
13	18	-94.57
13	19	-91.16
13	20	-87.51
13	21	-90.69
13	23	-87.58
13	25	-93.67
13	28	-94.95
13	33	-87.38
13	34	-93.92
13	35	-92.65
13	36	-87.89
13	37	-94.28
13	40	-85.44
13	41	-92.18
13	42	-78.10
13	43	-94.31
13	44	-91.95
13	45	-89.17
13	46	-83.41
13	47	-92.20
13	48	-91.59
13	50	-83.57
13	51	-90.08
13	54	-86.89
13	55	-94.36
13	56	-91.51
13	59	-91.91
13	60	-87.24
13	61	-93.28
13	63	-92.13
13	64	-89.09
13	66	-93.87
13	67	-92.17
13	68	-94.37
13	71	-92.06
13	72	-72.60
13	74	-81.93
13	75	-84.96
13	76	-92.07
13	78	-92.26
13	79	-92.96
13	80	-88.19
14	3	-88.32
14	5	-84.14
14	6	-89.79
14	11	-94.72
14	12	-90.71
14	15	-93.57
14	16	-94.23
14	17	-81.22
14	18	-82.33
14	21	-90.86
14	22	-88.08
14	23	-84.79
14	24	-94.65
14	25	-84.63
14	28	-91.36
14	34	-57.79
14	42	-93.23
14	43	-73.01
14	45	-94.51
14	46	-89.59
14	48	-87.48
14	56	-94.33
14	57	-94.98
14	58	-92.63
14	59	-88.93
14	60	-93.26
14	61	-72.89
14	62	-90.06
14	65	-94.70
14	68	-75.43
14	71	-71.63
14	74	-93.60
14	77	-86.47
14	78	-79.80
14	79	-89.30
14	80	-90.79
15	3	-78.86
15	4	-85.60
15	5	-83.34
15	6	-90.93
15	11	-61.98
15	12	-93.68
15	14	-93.57
15	17	-88.13
15	19	-86.64
15	21	-83.13
15	22	-86.21
15	23	-90.01
15	24	-61.98
15	25	-83.18
15	26	-94.70
15	28	-70.98
15	34	-93.36
15	35	-88.39
15	36	-93.33
15	39	-85.07
15	44	-90.85
15	45	-87.43
15	46	-90.89
15	49	-90.71
15	52	-90.81
15	57	-73.69
15	58	-55.98
15	59	-81.61
15	60	-88.26
15	62	-72.46
15	65	-63.58
15	67	-90.94
15	71	-93.95
15	73	-93.21
15	77	-80.15
15	78	-87.94
15	79	-79.24
16	1	-73.51
16	6	-94.80
16	7	-94.97
16	9	-69.47
16	12	-92.84
16	13	-92.29
16	14	-94.23
16	18	-87.49
16	23	-94.27
16	31	-77.92
16	33	-88.36
16	34	-93.49
16	40	-94.86
16	42	-85.64
16	43	-90.87
16	46	-94.74
16	48	-80.21
16	50	-88.41
16	54	-79.39
16	56	-52.05
16	61	-90.56
16	63	-71.52
16	68	-90.26
16	71	-91.72
16	74	-82.80
16	75	-83.73
16	80	-76.04
17	3	-77.67
17	4	-94.31
17	5	-72.48
17	6	-91.37
17	11	-90.13
17	12	-93.28
17	14	-81.22
17	15	-88.13
17	18	-91.72
17	19	-94.26
17	21	-89.02
17	22	-74.29
17	23	-87.38
17	24	-89.16
17	25	-79.39
17	28	-86.54
17	34	-82.37
17	43	-87.63
17	45	-93.57
17	46	-91.21
17	48	-94.43
17	57	-91.41
17	58	-86.54
17	59	-86.17
17	60	-92.84
17	61	-87.41
17	62	-84.11
17	65	-89.15
17	68	-88.55
17	71	-85.57
17	77	-77.48
17	78	-80.21
17	79	-85.61
18	1	-91.36
18	5	-92.90
18	6	-92.53
18	9	-88.13
18	12	-91.89
18	13	-94.57
18	14	-82.33
18	16	-87.49
18	17	-91.72
18	23	-89.65
18	25	-92.52
18	31	-87.66
18	34	-81.75
18	42	-90.67
18	43	-71.79
18	46	-92.38
18	48	-75.61
18	54	-91.77
18	56	-87.99
18	59	-94.44
18	61	-73.80
18	63	-91.47
18	68	-68.55
18	71	-80.08
18	74	-90.20
18	75	-93.32
18	77	-94.06
18	78	-89.30
18	79	-94.96
18	80	-84.29
19	2	-91.70
19	3	-90.84
19	4	-56.59
19	5	-90.77
19	6	-84.42
19	8	-87.99
19	11	-85.03
19	12	-87.69
19	13	-91.16
19	15	-86.64
19	17	-94.26
19	20	-89.00
19	21	-77.82
19	22	-94.93
19	23	-87.71
19	24	-88.54
19	25	-88.14
19	26	-86.88
19	27	-90.19
19	28	-83.53
19	29	-92.22
19	34	-94.92
19	35	-67.28
19	36	-79.22
19	38	-93.83
19	39	-81.01
19	42	-94.87
19	44	-73.64
19	45	-63.30
19	46	-84.59
19	49	-79.52
19	51	-94.35
19	52	-82.42
19	53	-94.37
19	57	-80.15
19	58	-87.43
19	59	-82.37
19	60	-72.97
19	62	-85.90
19	65	-88.85
19	67	-74.26
19	69	-91.67
19	70	-93.31
19	71	-94.40
19	72	-87.77
19	73	-87.43
19	77	-89.25
19	78	-89.95
19	79	-82.94
20	2	-87.55
20	4	-90.04
20	6	-90.83
20	7	-87.40
20	8	-72.95
20	10	-94.47
20	12	-90.30
20	13	-87.51
20	19	-89.00
20	21	-92.81
20	23	-94.34
20	26	-89.23
20	27	-85.66
20	29	-88.13
20	30	-94.07
20	32	-93.46
20	35	-88.38
20	36	-78.91
20	37	-90.73
20	38	-87.91
20	39	-93.93
20	40	-90.00
20	41	-92.37
20	42	-93.47
20	44	-85.66
20	45	-88.44
20	46	-91.01
20	47	-85.82
20	49	-89.31
20	50	-93.73
20	51	-77.67
20	52	-91.11
20	55	-88.71
20	59	-94.60
20	60	-88.59
20	64	-87.10
20	66	-93.83
20	67	-85.78
20	69	-92.76
20	70	-93.81
20	72	-82.07
20	73	-92.71
20	74	-94.84
20	76	-94.57
21	3	-85.08
21	4	-78.85
21	5	-83.84
21	6	-78.84
21	8	-90.75
21	11	-83.02
21	12	-84.55
21	13	-90.69
21	14	-90.86
21	15	-83.13
21	17	-89.02
21	19	-77.82
21	20	-92.81
21	22	-90.62
21	23	-79.86
21	24	-86.05
21	25	-78.82
21	26	-92.95
21	28	-75.62
21	34	-89.93
21	35	-83.32
21	36	-86.71
21	39	-86.80
21	42	-93.19
21	43	-93.03
21	44	-85.72
21	45	-74.93
21	46	-78.82
21	49	-88.41
21	52	-89.76
21	57	-79.93
21	58	-83.03
21	59	-64.51
21	60	-73.30
21	61	-92.02
21	62	-77.96
21	65	-86.38
21	67	-86.02
21	68	-93.55
21	71	-89.49
21	72	-88.88
21	73	-92.95
21	74	-94.57
21	77	-81.74
21	78	-82.00
21	79	-68.55
22	3	-75.01
22	4	-94.74
22	5	-77.98
22	6	-93.95
22	11	-88.64
22	14	-88.08
22	15	-86.21
22	17	-74.29
22	19	-94.93
22	21	-90.62
22	23	-91.16
22	24	-86.51
22	25	-83.64
22	28	-86.50
22	34	-88.82
22	43	-92.37
22	45	-94.64
22	46	-93.84
22	57	-90.80
22	58	-84.43
22	59	-88.19
22	60	-94.34
22	61	-92.24
22	62	-84.08
22	65	-86.37
22	68	-93.03
22	71	-90.89
22	77	-79.61
22	78	-86.25
22	79	-87.19
23	1	-94.84
23	3	-87.69
23	4	-88.71
23	5	-84.01
23	6	-72.48
23	8	-91.38
23	11	-90.63
23	12	-77.73
23	13	-87.58
23	14	-84.79
23	15	-90.01
23	16	-94.27
23	17	-87.38
23	18	-89.65
23	19	-87.71
23	20	-94.34
23	21	-79.86
23	22	-91.16
23	24	-91.86
23	25	-79.24
23	28	-85.69
23	34	-82.74
23	35	-90.77
23	36	-90.63
23	39	-93.66
23	42	-88.13
23	43	-86.59
23	44	-91.67
23	45	-85.22
23	46	-71.79
23	48	-89.45
23	49	-94.12
23	50	-94.33
23	54	-93.36
23	56	-93.99
23	57	-89.59
23	58	-89.39
23	59	-78.70
23	60	-82.28
23	61	-84.80
23	62	-85.35
23	65	-92.03
23	67	-91.91
23	68	-87.27
23	71	-80.51
23	72	-88.02
23	74	-89.71
23	75	-93.47
23	77	-84.16
23	78	-74.00
23	79	-80.95
23	80	-89.59
24	3	-80.63
24	4	-87.48
24	5	-85.29
24	6	-92.72
24	11	-66.95
24	14	-94.65
24	15	-61.98
24	17	-89.16
24	19	-88.54
24	21	-86.05
24	22	-86.51
24	23	-91.86
24	25	-85.72
24	28	-77.09
24	34	-94.53
24	35	-89.79
24	36	-94.56
24	39	-85.72
24	44	-92.06
24	45	-89.42
24	46	-92.68
24	49	-91.56
24	52	-91.43
24	57	-77.16
24	58	-66.11
24	59	-84.84
24	60	-90.27
24	62	-77.64
24	65	-33.67
24	67	-92.12
24	73	-93.52
24	77	-82.74
24	78	-89.82
24	79	-82.97
25	3	-76.10
25	4	-88.38
25	5	-67.76
25	6	-84.41
25	11	-85.14
25	12	-88.03
25	13	-93.67
25	14	-84.63
25	15	-83.18
25	17	-79.39
25	18	-92.52
25	19	-88.14
25	21	-78.82
25	22	-83.64
25	23	-79.24
25	24	-85.72
25	28	-77.31
25	34	-83.88
25	35	-90.97
25	36	-93.13
25	39	-91.83
25	42	-94.28
25	43	-88.98
25	44	-92.57
25	45	-86.93
25	46	-84.20
25	48	-93.80
25	49	-94.01
25	52	-94.74
25	57	-85.46
25	58	-81.51
25	59	-72.35
25	60	-85.76
25	61	-88.00
25	62	-74.07
25	65	-85.90
25	67	-92.75
25	68	-89.79
25	71	-84.81
25	72	-93.28
25	77	-66.45
25	78	-69.90
25	79	-71.81
25	80	-94.70
26	2	-78.33
26	4	-86.33
26	8	-91.73
26	11	-93.26
26	15	-94.70
26	19	-86.88
26	20	-89.23
26	21	-92.95
26	27	-76.62
26	28	-94.28
26	29	-79.24
26	35	-82.71
26	36	-85.52
26	38	-84.09
26	39	-85.03
26	44	-80.62
26	45	-88.88
26	49	-74.88
26	51	-93.51
26	52	-74.45
26	53	-82.17
26	57	-91.01
26	59	-94.62
26	60	-90.83
26	67	-80.08
26	69	-74.29
26	70	-79.07
26	72	-93.74
26	73	-72.35
26	79	-94.70
27	2	-60.10
27	4	-90.25
27	8	-89.96
27	19	-90.19
27	20	-85.66
27	26	-76.62
27	29	-64.41
27	35	-87.47
27	36	-85.66
27	38	-72.73
27	39	-90.96
27	44	-84.76
27	45	-91.25
27	47	-93.38
27	49	-84.16
27	51	-89.62
27	52	-85.06
27	53	-85.10
27	55	-94.39
27	57	-94.70
27	60	-92.56
27	67	-84.48
27	69	-80.45
27	70	-82.19
27	72	-92.93
27	73	-84.42
28	3	-77.98
28	4	-82.91
28	5	-79.99
28	6	-86.88
28	8	-94.86
28	11	-73.30
28	12	-90.42
28	13	-94.95
28	14	-91.36
28	15	-70.98
28	17	-86.54
28	19	-83.53
28	21	-75.62
28	22	-86.50
28	23	-85.69
28	24	-77.09
28	25	-77.31
28	26	-94.28
28	34	-90.90
28	35	-86.57
28	36	-91.21
28	39	-85.79
28	43	-94.20
28	44	-89.15
28	45	-83.58
28	46	-86.82
28	49	-90.00
28	52	-90.60
28	57	-73.84
28	58	-70.03
28	59	-72.35
28	60	-84.01
28	61	-93.47
28	62	-60.28
28	65	-77.64
28	67	-89.31
28	68	-94.76
28	71	-91.30
28	72	-93.64
28	73	-93.38
28	77	-75.70
28	78	-83.67
28	79	-67.54
29	2	-45.20
29	4	-92.20
29	8	-91.99
29	19	-92.22
29	20	-88.13
29	26	-79.24
29	27	-64.41
29	35	-89.80
29	36	-88.59
29	38	-66.67
29	39	-92.32
29	44	-87.66
29	45	-93.23
29	47	-94.13
29	49	-86.58
29	51	-90.89
29	52	-86.94
29	53	-83.25
29	55	-94.89
29	60	-94.41
29	67	-87.41
29	69	-79.31
29	70	-80.11
29	72	-94.68
29	73	-85.44
30	7	-89.37
30	8	-94.61
30	10	-86.02
30	20	-94.07
30	32	-52.83
30	33	-94.29
30	37	-72.07
30	40	-88.03
30	41	-77.92
30	47	-82.61
30	50	-94.31
30	51	-88.85
30	55	-80.06
30	64	-82.74
30	66	-74.83
30	76	-84.76
31	1	-85.12
31	9	-67.54
31	16	-77.92
31	18	-87.66
31	33	-93.68
31	34	-94.72
31	42	-92.02
31	43	-91.68
31	48	-84.11
31	50	-93.95
31	54	-88.52
31	56	-80.08
31	61	-91.88
31	63	-82.95
31	68	-90.96
31	71	-93.54
31	74	-90.37
31	75	-90.98
31	80	-85.42
32	7	-88.20
32	8	-93.91
32	10	-84.85
32	20	-93.46
32	30	-52.83
32	33	-93.56
32	37	-70.12
32	40	-86.76
32	41	-75.40
32	47	-81.50
32	50	-93.53
32	51	-88.06
32	55	-79.39
32	64	-80.94
32	66	-72.35
32	76	-83.53
33	1	-82.27
33	6	-94.79
33	7	-84.20
33	8	-92.93
33	9	-91.16
33	10	-83.11
33	12	-92.27
33	13	-87.38
33	16	-88.36
33	30	-94.29
33	31	-93.68
33	32	-93.56
33	37	-94.05
33	40	-82.15
33	41	-88.82
33	42	-84.03
33	46	-94.83
33	47	-94.15
33	48	-92.66
33	50	-66.52
33	51	-94.66
33	54	-78.35
33	56	-87.24
33	63	-84.62
33	64	-89.81
33	66	-90.19
33	72	-91.19
33	74	-82.66
33	75	-73.13
33	76	-84.66
33	80	-88.41
34	3	-88.43
34	5	-84.11
34	6	-88.32
34	9	-94.61
34	11	-94.44
34	12	-89.22
34	13	-93.92
34	14	-57.79
34	15	-93.36
34	16	-93.49
34	17	-82.37
34	18	-81.75
34	19	-94.92
34	21	-89.93
34	22	-88.82
34	23	-82.74
34	24	-94.53
34	25	-83.88
34	28	-90.90
34	31	-94.72
34	42	-92.02
34	43	-72.07
34	45	-93.67
34	46	-88.09
34	48	-86.36
34	54	-94.91
34	56	-93.56
34	57	-94.55
34	58	-92.45
34	59	-88.03
34	60	-92.28
34	61	-70.14
34	62	-89.68
34	65	-94.59
34	68	-74.66
34	71	-65.16
34	74	-92.48
34	77	-86.25
34	78	-78.02
34	79	-88.55
34	80	-89.63
35	2	-89.18
35	3	-92.84
35	4	-65.46
35	5	-93.05
35	6	-87.93
35	8	-88.47
35	11	-86.54
35	12	-90.30
35	13	-92.65
35	15	-88.39
35	19	-67.28
35	20	-88.38
35	21	-83.32
35	23	-90.77
35	24	-89.79
35	25	-90.97
35	26	-82.71
35	27	-87.47
35	28	-86.57
35	29	-89.80
35	36	-78.51
35	38	-91.83
35	39	-78.27
35	44	-64.56
35	45	-74.69
35	46	-88.08
35	49	-71.63
35	51	-93.91
35	52	-76.67
35	53	-92.03
35	57	-82.15
35	58	-89.32
35	59	-86.46
35	60	-79.81
35	62	-88.63
35	65	-90.07
35	67	-64.93
35	69	-88.78
35	70	-90.77
35	72	-89.20
35	73	-83.56
35	77	-91.68
35	78	-92.60
35	79	-86.72
36	2	-87.89
36	4	-81.22
36	6	-86.30
36	7	-91.70
36	8	-78.87
36	11	-92.34
36	12	-87.36
36	13	-87.89
36	15	-93.33
36	19	-79.22
36	20	-78.91
36	21	-86.71
36	23	-90.63
36	24	-94.56
36	25	-93.13
36	26	-85.52
36	27	-85.66
36	28	-91.21
36	29	-88.59
36	35	-78.51
36	38	-89.85
36	39	-88.28
36	40	-93.84
36	42	-93.44
36	44	-73.69
36	45	-78.68
36	46	-86.54
36	47	-92.67
36	49	-82.33
36	51	-88.24
36	52	-85.42
36	53	-93.79
36	55	-94.57
36	57	-89.59
36	58	-93.78
36	59	-89.46
36	60	-80.14
36	62	-92.51
36	64	-92.93
36	65	-94.76
36	67	-74.26
36	69	-90.81
36	70	-92.38
36	72	-82.00
36	73	-88.76
36	74	-94.96
36	77	-94.37
36	78	-93.66
36	79	-90.20
37	7	-87.03
37	8	-91.74
37	10	-86.95
37	13	-94.28
37	20	-90.73
37	30	-72.07
37	32	-70.12
37	33	-94.05
37	40	-86.45
37	41	-78.46
37	47	-73.30
37	50	-93.62
37	51	-83.60
37	55	-69.10
37	64	-77.36
37	66	-78.82
37	72	-93.69
37	76	-86.08
38	2	-68.26
38	4	-93.93
38	8	-92.10
38	19	-93.83
38	20	-87.91
38	26	-84.09
38	27	-72.73
38	29	-66.67
38	35	-91.83
38	36	-89.85
38	39	-94.40
38	44	-89.83
38	45	-94.57
38	47	-92.75
38	49	-89.44
38	51	-89.59
38	52	-89.91
38	53	-86.36
38	55	-93.35
38	67	-89.64
38	69	-84.00
38	70	-84.12
38	72	-94.95
38	73	-88.86
39	2	-91.91
39	3	-91.89
39	4	-78.18
39	5	-93.12
39	6	-92.38
39	8	-94.19
39	11	-81.92
39	12	-94.55
39	15	-85.07
39	19	-81.01
39	20	-93.93
39	21	-86.80
39	23	-93.66
39	24	-85.72
39	25	-91.83
39	26	-85.03
39	27	-90.96
39	28	-85.79
39	29	-92.32
39	35	-78.27
39	36	-88.28
39	38	-94.40
39	44	-82.14
39	45	-84.55
39	46	-92.45
39	49	-77.36
39	52	-75.70
39	53	-91.30
39	57	-77.76
39	58	-86.72
39	59	-88.40
39	60	-87.25
39	62	-87.94
39	65	-86.02
39	67	-81.97
39	69	-88.74
39	70	-90.59
39	72	-94.56
39	73	-81.22
39	77	-91.54
39	78	-94.10
39	79	-87.89
40	1	-91.64
40	6	-94.26
40	7	-65.63
40	8	-87.63
40	10	-77.02
40	12	-91.99
40	13	-85.44
40	16	-94.86
40	20	-90.00
40	30	-88.03
40	32	-86.76
40	33	-82.15
40	36	-93.84
40	37	-86.45
40	41	-78.85
40	42	-88.13
40	46	-94.35
40	47	-86.02
40	50	-80.32
40	51	-87.33
40	54	-88.91
40	55	-88.42
40	56	-94.12
40	63	-93.11
40	64	-77.22
40	66	-82.62
40	72	-87.42
40	74	-88.73
40	75	-86.02
40	76	-78.27
40	80	-93.60
41	7	-82.22
41	8	-91.84
41	10	-75.43
41	13	-92.18
41	20	-92.37
41	30	-77.92
41	32	-75.40
41	33	-88.82
41	37	-78.46
41	40	-78.85
41	42	-94.14
41	47	-82.89
41	50	-88.82
41	51	-87.71
41	54	-94.13
41	55	-83.80
41	64	-75.49
41	66	-62.57
41	72	-92.74
41	74	-94.44
41	75	-92.24
41	76	-73.43
42	1	-83.18
42	6	-86.64
42	7	-86.99
42	8	-89.63
42	9	-89.65
42	10	-92.07
42	12	-81.99
42	13	-78.10
42	14	-93.23
42	16	-85.64
42	18	-90.67
42	19	-94.87
42	20	-93.47
42	21	-93.19
42	23	-88.13
42	25	-94.28
42	31	-92.02
42	33	-84.03
42	34	-92.02
42	36	-93.44
42	40	-88.13
42	41	-94.14
42	43	-91.35
42	45	-93.23
42	46	-86.64
42	48	-85.60
42	50	-80.11
42	51	-94.80
42	54	-77.72
42	56	-84.41
42	59	-93.64
42	60	-91.51
42	61	-90.27
42	63	-85.90
42	64	-92.76
42	68	-91.21
42	71	-89.65
42	72	-85.42
42	74	-62.12
42	75	-76.78
42	76	-92.85
42	78	-92.14
42	79	-94.57
42	80	-78.91
43	1	-93.60
43	3	-92.38
43	5	-89.24
43	6	-90.63
43	9	-91.82
43	12	-90.62
43	13	-94.31
43	14	-73.01
43	16	-90.87
43	17	-87.63
43	18	-71.79
43	21	-93.03
43	22	-92.37
43	23	-86.59
43	25	-88.98
43	28	-94.20
43	31	-91.68
43	34	-72.07
43	42	-91.35
43	46	-90.45
43	48	-81.66
43	54	-93.49
43	56	-91.11
43	59	-91.73
43	60	-94.53
43	61	-56.73
43	62	-93.30
43	63	-93.95
43	68	-49.00
43	71	-71.43
43	74	-91.38
43	75	-94.62
43	77	-90.78
43	78	-84.89
43	79	-92.25
43	80	-87.09
44	2	-86.93
44	3	-94.53
44	4	-74.27
44	5	-94.56
44	6	-88.48
44	8	-86.45
44	11	-89.34
44	12	-90.34
44	13	-91.95
44	15	-90.85
44	19	-73.64
44	20	-85.66
44	21	-85.72
44	23	-91.67
44	24	-92.06
44	25	-92.57
44	26	-80.62
44	27	-84.76
44	28	-89.15
44	29	-87.66
44	35	-64.56
44	36	-73.69
44	38	-89.83
44	39	-82.14
44	45	-77.31
44	46	-88.66
44	49	-71.58
44	51	-92.06
44	52	-77.48
44	53	-91.30
44	57	-85.83
44	58	-91.61
44	59	-88.57
44	60	-81.18
44	62	-90.86
44	65	-92.30
44	67	-33.67
44	69	-87.71
44	70	-89.80
44	72	-87.98
44	73	-83.46
44	77	-93.39
44	78	-93.79
44	79	-88.96
45	2	-92.72
45	3	-90.55
45	4	-69.90
45	5	-89.99
45	6	-80.76
45	7	-94.69
45	8	-86.54
45	11	-86.33
45	12	-84.81
45	13	-89.17
45	14	-94.51
45	15	-87.43
45	17	-93.57
45	19	-63.30
45	20	-88.44
45	21	-74.93
45	22	-94.64
45	23	-85.22
45	24	-89.42
45	25	-86.93
45	26	-88.88
45	27	-91.25
45	28	-83.58
45	29	-93.23
45	34	-93.67
45	35	-74.69
45	36	-78.68
45	38	-94.57
45	39	-84.55
45	42	-93.23
45	44	-77.31
45	46	-80.99
45	49	-83.15
45	51	-93.89
45	52	-85.62
45	57	-82.28
45	58	-87.91
45	59	-80.58
45	60	-62.82
45	61	-94.94
45	62	-85.66
45	65	-89.71
45	67	-77.92
45	69	-93.22
45	70	-94.70
45	71	-92.96
45	72	-85.57
45	73	-89.73
45	74	-94.74
45	77	-88.58
45	78	-88.38
45	79	-81.75
46	1	-94.65
46	3	-90.42
46	4	-86.19
46	5	-88.08
46	6	-28.70
46	7	-92.60
46	8	-87.19
46	11	-91.00
46	12	-68.87
46	13	-83.41
46	14	-89.59
46	15	-90.89
46	16	-94.74
46	17	-91.21
46	18	-92.38
46	19	-84.59
46	20	-91.01
46	21	-78.82
46	22	-93.84
46	23	-71.79
46	24	-92.68
46	25	-84.20
46	28	-86.82
46	33	-94.83
46	34	-88.09
46	35	-88.08
46	36	-86.54
46	39	-92.45
46	40	-94.35
46	42	-86.64
46	43	-90.45
46	44	-88.66
46	45	-80.99
46	48	-91.24
46	49	-91.98
46	50	-92.76
46	51	-94.92
46	52	-93.42
46	54	-92.74
46	56	-94.33
46	57	-89.23
46	58	-90.63
46	59	-80.58
46	60	-76.28
46	61	-89.03
46	62	-87.28
46	65	-92.88
46	67	-88.96
46	68	-90.87
46	71	-86.21
46	72	-82.74
46	74	-88.78
46	75	-92.40
46	77	-87.63
46	78	-82.45
46	79	-82.82
46	80	-90.26
47	2	-93.97
47	7	-85.23
47	8	-87.81
47	10	-89.00
47	13	-92.20
47	20	-85.82
47	27	-93.38
47	29	-94.13
47	30	-82.61
47	32	-81.50
47	33	-94.15
47	36	-92.67
47	37	-73.30
47	38	-92.75
47	40	-86.02
47	41	-82.89
47	50	-93.23
47	51	-74.07
47	55	-66.45
47	64	-74.97
47	66	-84.55
47	72	-90.79
47	76	-88.57
48	1	-85.64
48	5	-94.72
48	6	-91.36
48	9	-82.94
48	12	-89.75
48	13	-91.59
48	14	-87.48
48	16	-80.21
48	17	-94.43
48	18	-75.61
48	23	-89.45
48	25	-93.80
48	31	-84.11
48	33	-92.66
48	34	-86.36
48	42	-85.60
48	43	-81.66
48	46	-91.24
48	50	-91.73
48	54	-86.19
48	56	-80.68
48	59	-94.87
48	61	-81.06
48	63	-86.05
48	68	-80.53
48	71	-83.57
48	72	-94.44
48	74	-84.38
48	75	-88.50
48	78	-90.82
48	80	-73.30
49	2	-85.90
49	4	-78.09
49	6	-91.86
49	8	-90.58
49	11	-88.85
49	12	-93.57
49	15	-90.71
49	19	-79.52
49	20	-89.31
49	21	-88.41
49	23	-94.12
49	24	-91.56
49	25	-94.01
49	26	-74.88
49	27	-84.16
49	28	-90.00
49	29	-86.58
49	35	-71.63
49	36	-82.33
49	38	-89.44
49	39	-77.36
49	44	-71.58
49	45	-83.15
49	46	-91.98
49	51	-94.29
49	52	-61.98
49	53	-88.11
49	57	-85.54
49	58	-91.69
49	59	-90.56
49	60	-86.17
49	62	-91.70
49	65	-91.78
49	67	-70.65
49	69	-83.76
49	70	-86.51
49	72	-91.93
49	73	-75.61
49	77	-94.37
49	79	-90.61
50	1	-83.02
50	6	-92.72
50	7	-81.37
50	8	-90.69
50	9	-91.51
50	10	-84.40
50	12	-89.77
50	13	-83.57
50	16	-88.41
50	20	-93.73
50	23	-94.33
50	30	-94.31
50	31	-93.95
50	32	-93.53
50	33	-66.52
50	37	-93.62
50	40	-80.32
50	41	-88.82
50	42	-80.11
50	46	-92.76
50	47	-93.23
50	48	-91.73
50	51	-93.32
50	54	-77.51
50	55	-94.84
50	56	-87.24
50	63	-85.68
50	64	-88.70
50	66	-90.48
50	72	-88.42
50	74	-79.29
50	75	-70.14
50	76	-85.79
50	80	-87.09
51	2	-90.60
51	6	-94.78
51	7	-85.25
51	8	-82.39
51	10	-91.57
51	12	-93.82
51	13	-90.08
51	19	-94.35
51	20	-77.67
51	26	-93.51
51	27	-89.62
51	29	-90.89
51	30	-88.85
51	32	-88.06
51	33	-94.66
51	35	-93.91
51	36	-88.24
51	37	-83.60
51	38	-89.59
51	40	-87.33
51	41	-87.71
51	42	-94.80
51	44	-92.06
51	45	-93.89
51	46	-94.92
51	47	-74.07
51	49	-94.29
51	50	-93.32
51	55	-79.81
51	60	-93.82
51	64	-80.21
51	66	-89.38
51	67	-92.12
51	72	-87.30
51	76	-91.45
52	2	-86.36
52	4	-80.84
52	6	-93.31
52	8	-92.38
52	11	-88.85
52	12	-94.95
52	15	-90.81
52	19	-82.42
52	20	-91.11
52	21	-89.76
52	24	-91.43
52	25	-94.74
52	26	-74.45
52	27	-85.06
52	28	-90.60
52	29	-86.94
52	35	-76.67
52	36	-85.42
52	38	-89.91
52	39	-75.70
52	44	-77.48
52	45	-85.62
52	46	-93.42
52	49	-61.98
52	53	-86.64
52	57	-85.87
52	58	-91.86
52	59	-91.59
52	60	-88.25
52	62	-92.23
52	65	-91.64
52	67	-76.89
52	69	-82.19
52	70	-85.17
52	72	-93.60
52	73	-69.97
52	77	-94.90
52	79	-91.51
53	2	-83.60
53	4	-93.87
53	19	-94.37
53	26	-82.17
53	27	-85.10
53	29	-83.25
53	35	-92.03
53	36	-93.79
53	38	-86.36
53	39	-91.30
53	44	-91.30
53	49	-88.11
53	52	-86.64
53	67	-91.04
53	69	-69.87
53	70	-60.94
53	73	-81.66
54	1	-68.68
54	6	-92.75
54	7	-89.17
54	8	-93.95
54	9	-84.85
54	10	-90.79
54	12	-89.93
54	13	-86.89
54	16	-79.39
54	18	-91.77
54	23	-93.36
54	31	-88.52
54	33	-78.35
54	34	-94.91
54	40	-88.91
54	41	-94.13
54	42	-77.72
54	43	-93.49
54	46	-92.74
54	48	-86.19
54	50	-77.51
54	56	-77.09
54	61	-92.84
54	63	-75.49
54	64	-94.05
54	68	-93.17
54	71	-93.04
54	72	-91.38
54	74	-72.35
54	75	-64.51
54	76	-91.72
54	80	-78.99
55	2	-94.78
55	7	-88.19
55	8	-90.66
55	10	-90.03
55	13	-94.36
55	20	-88.71
55	27	-94.39
55	29	-94.89
55	30	-80.06
55	32	-79.39
55	36	-94.57
55	37	-69.10
55	38	-93.35
55	40	-88.42
55	41	-83.80
55	47	-66.45
55	50	-94.84
55	51	-79.81
55	64	-79.72
55	66	-84.55
55	72	-93.20
55	76	-89.44
56	1	-70.43
56	6	-94.39
56	7	-94.24
56	9	-72.97
56	12	-92.29
56	13	-91.51
56	14	-94.33
56	16	-52.05
56	18	-87.99
56	23	-93.99
56	31	-80.08
56	33	-87.24
56	34	-93.56
56	40	-94.12
56	42	-84.41
56	43	-91.11
56	46	-94.33
56	48	-80.68
56	50	-87.24
56	54	-77.09
56	61	-90.72
56	63	-69.47
56	68	-90.54
56	71	-91.72
56	72	-94.86
56	74	-81.22
56	75	-82.07
56	80	-74.93
57	3	-85.27
57	4	-77.98
57	5	-87.14
57	6	-89.21
57	8	-94.45
57	11	-67.51
57	12	-92.20
57	14	-94.98
57	15	-73.69
57	17	-91.41
57	19	-80.15
57	21	-79.93
57	22	-90.80
57	23	-89.59
57	24	-77.16
57	25	-85.46
57	26	-91.01
57	27	-94.70
57	28	-73.84
57	34	-94.55
57	35	-82.15
57	36	-89.59
57	39	-77.76
57	44	-85.83
57	45	-82.28
57	46	-89.23
57	49	-85.54
57	52	-85.87
57	58	-76.60
57	59	-80.86
57	60	-84.33
57	62	-78.27
57	65	-77.82
57	67	-85.92
57	69	-94.03
57	71	-94.70
57	72	-93.90
57	73	-89.39
57	77	-84.67
57	78	-89.17
57	79	-79.32
58	3	-75.62
58	4	-86.59
58	5	-81.22
58	6	-90.69
58	11	-69.10
58	12	-93.47
58	14	-92.63
58	15	-55.98
58	17	-86.54
58	19	-87.43
58	21	-83.03
58	22	-84.43
58	23	-89.39
58	24	-66.11
58	25	-81.51
58	28	-70.03
58	34	-92.45
58	35	-89.32
58	36	-93.78
58	39	-86.72
58	44	-91.61
58	45	-87.91
58	46	-90.63
58	49	-91.69
58	52	-91.86
58	57	-76.60
58	59	-80.86
58	60	-88.48
58	61	-94.99
58	62	-69.33
58	65	-66.84
58	67	-91.71
58	71	-93.17
58	73	-94.16
58	77	-77.55
58	78	-86.78
58	79	-78.27
59	3	-81.57
59	4	-82.83
59	5	-79.53
59	6	-80.72
59	8	-92.64
59	11	-82.46
59	12	-85.80
59	13	-91.91
59	14	-88.93
59	15	-81.61
59	17	-86.17
59	18	-94.44
59	19	-82.37
59	20	-94.60
59	21	-64.51
59	22	-88.19
59	23	-78.70
59	24	-84.84
59	25	-72.35
59	26	-94.62
59	28	-72.35
59	34	-88.03
59	35	-86.46
59	36	-89.46
59	39	-88.40
59	42	-93.64
59	43	-91.73
59	44	-88.57
59	45	-80.58
59	46	-80.58
59	48	-94.87
59	49	-90.56
59	52	-91.59
59	57	-80.86
59	58	-80.86
59	60	-79.24
59	61	-90.72
59	62	-73.23
59	65	-85.15
59	67	-88.80
59	68	-92.35
59	71	-87.93
59	72	-90.72
59	73	-94.40
59	74	-94.89
59	77	-76.78
59	78	-78.20
59	79	-55.13
60	2	-93.94
60	3	-90.30
60	4	-76.57
60	5	-89.24
60	6	-75.94
60	7	-93.80
60	8	-85.80
60	11	-87.60
60	12	-81.41
60	13	-87.24
60	14	-93.26
60	15	-88.26
60	17	-92.84
60	19	-72.97
60	20	-88.59
60	21	-73.30
60	22	-94.34
60	23	-82.28
60	24	-90.27
60	25	-85.76
60	26	-90.83
60	27	-92.56
60	28	-84.01
60	29	-94.41
60	34	-92.28
60	35	-79.81
60	36	-80.14
60	39	-87.25
60	42	-91.51
60	43	-94.53
60	44	-81.18
60	45	-62.82
60	46	-76.28
60	49	-86.17
60	51	-93.82
60	52	-88.25
60	57	-84.33
60	58	-88.48
60	59	-79.24
60	61	-93.52
60	62	-85.67
60	65	-90.54
60	67	-81.68
60	68	-94.92
60	69	-94.72
60	71	-91.36
60	72	-83.73
60	73	-91.74
60	74	-93.19
60	77	-88.00
60	78	-86.68
60	79	-81.05
60	80	-94.75
61	1	-93.14
61	3	-91.89
61	5	-88.58
61	6	-89.24
61	9	-91.79
61	12	-89.21
61	13	-93.28
61	14	-72.89
61	16	-90.56
61	17	-87.41
61	18	-73.80
61	21	-92.02
61	22	-92.24
61	23	-84.80
61	25	-88.00
61	28	-93.47
61	31	-91.88
61	34	-70.14
61	42	-90.27
61	43	-56.73
61	45	-94.94
61	46	-89.03
61	48	-81.06
61	54	-92.84
61	56	-90.72
61	58	-94.99
61	59	-90.72
61	60	-93.52
61	62	-92.60
61	63	-93.60
61	68	-60.86
61	71	-65.95
61	72	-94.98
61	74	-90.42
61	75	-93.94
61	77	-90.08
61	78	-83.41
61	79	-91.32
61	80	-86.19
62	3	-73.23
62	4	-85.49
62	5	-76.09
62	6	-87.38
62	11	-76.35
62	12	-90.76
62	14	-90.06
62	15	-72.46
62	17	-84.11
62	19	-85.90
62	21	-77.96
62	22	-84.08
62	23	-85.35
62	24	-77.64
62	25	-74.07
62	28	-60.28
62	34	-89.68
62	35	-88.63
62	36	-92.51
62	39	-87.94
62	43	-93.30
62	44	-90.86
62	45	-85.66
62	46	-87.28
62	49	-91.70
62	52	-92.23
62	57	-78.27
62	58	-69.33
62	59	-73.23
62	60	-85.67
62	61	-92.60
62	65	-78.03
62	67	-91.00
62	68	-93.91
62	71	-90.35
62	72	-94.33
62	73	-94.72
62	77	-70.03
62	78	-82.00
62	79	-68.55
63	1	-61.55
63	7	-93.59
63	9	-77.03
63	10	-93.66
63	12	-93.75
63	13	-92.13
63	16	-71.52
63	18	-91.47
63	31	-82.95
63	33	-84.62
63	40	-93.11
63	42	-85.90
63	43	-93.95
63	48	-86.05
63	50	-85.68
63	54	-75.49
63	56	-69.47
63	61	-93.60
63	68	-93.49
63	71	-94.32
63	74	-82.88
63	75	-80.41
63	76	-94.41
63	80	-81.43
64	7	-76.97
64	8	-86.76
64	10	-83.02
64	12	-94.17
64	13	-89.09
64	20	-87.10
64	30	-82.74
64	32	-80.94
64	33	-89.81
64	36	-92.93
64	37	-77.36
64	40	-77.22
64	41	-75.49
64	42	-92.76
64	47	-74.97
64	50	-88.70
64	51	-80.21
64	54	-94.05
64	55	-79.72
64	66	-79.83
64	72	-88.71
64	74	-93.50
64	75	-92.10
64	76	-82.71
65	3	-80.63
65	4	-87.81
65	5	-85.37
65	6	-92.91
65	11	-68.26
65	14	-94.70
65	15	-63.58
65	17	-89.15
65	19	-88.85
65	21	-86.38
65	22	-86.37
65	23	-92.03
65	24	-33.67
65	25	-85.90
65	28	-77.64
65	34	-94.59
65	35	-90.07
65	36	-94.76
65	39	-86.02
65	44	-92.30
65	45	-89.71
65	46	-92.88
65	49	-91.78
65	52	-91.64
65	57	-77.82
65	58	-66.84
65	59	-85.15
65	60	-90.54
65	62	-78.03
65	67	-92.35
65	73	-93.69
65	77	-82.88
65	78	-89.96
65	79	-83.31
66	7	-85.44
66	8	-93.52
66	10	-77.26
66	13	-93.87
66	20	-93.83
66	30	-74.83
66	32	-72.35
66	33	-90.19
66	37	-78.82
66	40	-82.62
66	41	-62.57
66	47	-84.55
66	50	-90.48
66	51	-89.38
66	55	-84.55
66	64	-79.83
66	72	-94.38
66	75	-93.51
66	76	-74.83
67	2	-86.66
67	3	-94.65
67	4	-74.68
67	5	-94.70
67	6	-88.79
67	8	-86.68
67	11	-89.40
67	12	-90.61
67	13	-92.17
67	15	-90.94
67	19	-74.26
67	20	-85.78
67	21	-86.02
67	23	-91.91
67	24	-92.12
67	25	-92.75
67	26	-80.08
67	27	-84.48
67	28	-89.31
67	29	-87.41
67	35	-64.93
67	36	-74.26
67	38	-89.64
67	39	-81.97
67	44	-33.67
67	45	-77.92
67	46	-88.96
67	49	-70.65
67	51	-92.12
67	52	-76.89
67	53	-91.04
67	57	-85.92
67	58	-91.71
67	59	-88.80
67	60	-81.68
67	62	-91.00
67	65	-92.35
67	69	-87.38
67	70	-89.51
67	72	-88.25
67	73	-83.03
67	77	-93.53
67	78	-93.97
67	79	-89.17
68	1	-93.19
68	3	-93.06
68	5	-90.08
68	6	-91.04
68	9	-91.16
68	12	-90.89
68	13	-94.37
68	14	-75.43
68	16	-90.26
68	17	-88.55
68	18	-68.55
68	21	-93.55
68	22	-93.03
68	23	-87.27
68	25	-89.79
68	28	-94.76
68	31	-90.96
68	34	-74.66
68	42	-91.21
68	43	-49.00
68	46	-90.87
68	48	-80.53
68	54	-93.17
68	56	-90.54
68	59	-92.35
68	60	-94.92
68	61	-60.86
68	62	-93.91
68	63	-93.49
68	71	-73.51
68	74	-91.14
68	75	-94.38
68	77	-91.52
68	78	-85.92
68	79	-92.86
68	80	-86.53
69	2	-79.32
69	4	-91.14
69	19	-91.67
69	20	-92.76
69	26	-74.29
69	27	-80.45
69	29	-79.31
69	35	-88.78
69	36	-90.81
69	38	-84.00
69	39	-88.74
69	44	-87.71
69	45	-93.22
69	49	-83.76
69	52	-82.19
69	53	-69.87
69	57	-94.03
69	60	-94.72
69	67	-87.38
69	70	-61.48
69	73	-76.02
70	2	-80.45
70	4	-92.84
70	19	-93.31
70	20	-93.81
70	26	-79.07
70	27	-82.19
70	29	-80.11
70	35	-90.77
70	36	-92.38
70	38	-84.12
70	39	-90.59
70	44	-89.80
70	45	-94.70
70	49	-86.51
70	52	-85.17
70	53	-60.94
70	67	-89.51
70	69	-61.48
70	73	-80.06
71	1	-93.69
71	3	-89.90
71	4	-94.96
71	5	-85.99
71	6	-86.46
71	9	-93.19
71	11	-94.86
71	12	-86.93
71	13	-92.06
71	14	-71.63
71	15	-93.95
71	16	-91.72
71	17	-85.57
71	18	-80.08
71	19	-94.40
71	21	-89.49
71	22	-90.89
71	23	-80.51
71	25	-84.81
71	28	-91.30
71	31	-93.54
71	34	-65.16
71	42	-89.65
71	43	-71.43
71	45	-92.96
71	46	-86.21
71	48	-83.57
71	54	-93.04
71	56	-91.72
71	57	-94.70
71	58	-93.17
71	59	-87.93
71	60	-91.36
71	61	-65.95
71	62	-90.35
71	63	-94.32
71	68	-73.51
71	72	-93.57
71	74	-90.17
71	75	-93.89
71	77	-87.58
71	78	-78.66
71	79	-88.70
71	80	-86.97
72	1	-93.99
72	2	-94.26
72	4	-89.30
72	6	-82.45
72	7	-84.01
72	8	-71.38
72	10	-93.06
72	12	-79.39
72	13	-72.60
72	19	-87.77
72	20	-82.07
72	21	-88.88
72	23	-88.02
72	25	-93.28
72	26	-93.74
72	27	-92.93
72	28	-93.64
72	29	-94.68
72	33	-91.19
72	35	-89.20
72	36	-82.00
72	37	-93.69
72	38	-94.95
72	39	-94.56
72	40	-87.42
72	41	-92.74
72	42	-85.42
72	44	-87.98
72	45	-85.57
72	46	-82.74
72	47	-90.79
72	48	-94.44
72	49	-91.93
72	50	-88.42
72	51	-87.30
72	52	-93.60
72	54	-91.38
72	55	-93.20
72	56	-94.86
72	57	-93.90
72	59	-90.72
72	60	-83.73
72	61	-94.98
72	62	-94.33
72	64	-88.71
72	66	-94.38
72	67	-88.25
72	71	-93.57
72	74	-87.90
72	75	-89.90
72	76	-93.49
72	78	-92.51
72	79	-91.78
72	80	-92.06
73	2	-85.02
73	4	-86.34
73	8	-94.33
73	11	-91.51
73	15	-93.21
73	19	-87.43
73	20	-92.71
73	21	-92.95
73	24	-93.52
73	26	-72.35
73	27	-84.42
73	28	-93.38
73	29	-85.44
73	35	-83.56
73	36	-88.76
73	38	-88.86
73	39	-81.22
73	44	-83.46
73	45	-89.73
73	49	-75.61
73	52	-69.97
73	53	-81.66
73	57	-89.39
73	58	-94.16
73	59	-94.40
73	60	-91.74
73	62	-94.72
73	65	-93.69
73	67	-83.03
73	69	-76.02
73	70	-80.06
73	79	-94.29
74	1	-79.46
74	6	-88.80
74	7	-88.08
74	8	-91.44
74	9	-87.57
74	10	-91.99
74	12	-84.99
74	13	-81.93
74	14	-93.60
74	16	-82.80
74	18	-90.20
74	20	-94.84
74	21	-94.57
74	23	-89.71
74	31	-90.37
74	33	-82.66
74	34	-92.48
74	36	-94.96
74	40	-88.73
74	41	-94.44
74	42	-62.12
74	43	-91.38
74	45	-94.74
74	46	-88.78
74	48	-84.38
74	50	-79.29
74	54	-72.35
74	56	-81.22
74	59	-94.89
74	60	-93.19
74	61	-90.42
74	63	-82.88
74	64	-93.50
74	68	-91.14
74	71	-90.17
74	72	-87.90
74	75	-72.97
74	76	-92.81
74	78	-93.14
74	80	-75.93
75	1	-76.09
75	6	-92.39
75	7	-86.41
75	8	-92.50
75	9	-87.93
75	10	-88.56
75	12	-89.39
75	13	-84.96
75	16	-83.73
75	18	-93.32
75	23	-93.47
75	31	-90.98
75	33	-73.13
75	40	-86.02
75	41	-92.24
75	42	-76.78
75	43	-94.62
75	46	-92.40
75	48	-88.50
75	50	-70.14
75	54	-64.51
75	56	-82.07
75	61	-93.94
75	63	-80.41
75	64	-92.10
75	66	-93.51
75	68	-94.38
75	71	-93.89
75	72	-89.90
75	74	-72.97
75	76	-89.63
75	80	-82.43
76	1	-93.40
76	7	-83.13
76	8	-93.41
76	10	-52.05
76	13	-92.07
76	20	-94.57
76	30	-84.76
76	32	-83.53
76	33	-84.66
76	37	-86.08
76	40	-78.27
76	41	-73.43
76	42	-92.85
76	47	-88.57
76	50	-85.79
76	51	-91.45
76	54	-91.72
76	55	-89.44
76	63	-94.41
76	64	-82.71
76	66	-74.83
76	72	-93.49
76	74	-92.81
76	75	-89.63
77	3	-65.91
77	4	-89.17
77	5	-60.86
77	6	-87.78
77	11	-83.13
77	12	-90.82
77	14	-86.47
77	15	-80.15
77	17	-77.48
77	18	-94.06
77	19	-89.25
77	21	-81.74
77	22	-79.61
77	23	-84.16
77	24	-82.74
77	25	-66.45
77	28	-75.70
77	34	-86.25
77	35	-91.68
77	36	-94.37
77	39	-91.54
77	43	-90.78
77	44	-93.39
77	45	-88.58
77	46	-87.63
77	49	-94.37
77	52	-94.90
77	57	-84.67
77	58	-77.55
77	59	-76.78
77	60	-88.00
77	61	-90.08
77	62	-70.03
77	65	-82.88
77	67	-93.53
77	68	-91.52
77	71	-87.58
77	78	-77.44
77	79	-74.68
78	3	-82.41
78	4	-90.45
78	5	-75.53
78	6	-82.76
78	8	-94.91
78	11	-89.27
78	12	-85.92
78	13	-92.26
78	14	-79.80
78	15	-87.94
78	17	-80.21
78	18	-89.30
78	19	-89.95
78	21	-82.00
78	22	-86.25
78	23	-74.00
78	24	-89.82
78	25	-69.90
78	28	-83.67
78	34	-78.02
78	35	-92.60
78	36	-93.66
78	39	-94.10
78	42	-92.14
78	43	-84.89
78	44	-93.79
78	45	-88.38
78	46	-82.45
78	48	-90.82
78	57	-89.17
78	58	-86.78
78	59	-78.20
78	60	-86.68
78	61	-83.41
78	62	-82.00
78	65	-89.96
78	67	-93.97
78	68	-85.92
78	71	-78.66
78	72	-92.51
78	74	-93.14
78	77	-77.44
78	79	-79.21
78	80	-92.08
79	3	-79.65
79	4	-83.06
79	5	-78.37
79	6	-82.94
79	8	-93.48
79	11	-80.49
79	12	-87.40
79	13	-92.96
79	14	-89.30
79	15	-79.24
79	17	-85.61
79	18	-94.96
79	19	-82.94
79	21	-68.55
79	22	-87.19
79	23	-80.95
79	24	-82.97
79	25	-71.81
79	26	-94.70
79	28	-67.54
79	34	-88.55
79	35	-86.72
79	36	-90.20
79	39	-87.89
79	42	-94.57
79	43	-92.25
79	44	-88.96
79	45	-81.75
79	46	-82.82
79	49	-90.61
79	52	-91.51
79	57	-79.32
79	58	-78.27
79	59	-55.13
79	60	-81.05
79	61	-91.32
79	62	-68.55
79	65	-83.31
79	67	-89.17
79	68	-92.86
79	71	-88.70
79	72	-91.78
79	73	-94.29
79	77	-74.68
79	78	-79.21
80	1	-79.62
80	6	-90.34
80	7	-93.19
80	8	-94.99
80	9	-82.33
80	12	-87.76
80	13	-88.19
80	14	-90.79
80	16	-76.04
80	18	-84.29
80	23	-89.59
80	25	-94.70
80	31	-85.42
80	33	-88.41
80	34	-89.63
80	40	-93.60
80	42	-78.91
80	43	-87.09
80	46	-90.26
80	48	-73.30
80	50	-87.09
80	54	-78.99
80	56	-74.93
80	60	-94.75
80	61	-86.19
80	63	-81.43
80	68	-86.53
80	71	-86.97
80	72	-92.06
80	74	-75.93
80	75	-82.43
80	78	-92.08
