1	2	-94.01
1	4	-90.17
1	7	-90.47
1	9	-87.25
1	11	-85.04
1	17	-94.55
1	22	-57.79
1	28	-87.76
1	32	-91.88
1	35	-90.72
1	36	-91.68
1	38	-94.34
1	42	-93.28
1	44	-93.79
1	50	-68.68
1	52	-82.19
1	53	-87.85
1	57	-90.78
1	63	-71.63
1	64	-81.74
1	65	-80.53
1	69	-89.19
2	1	-94.01
2	3	-94.51
2	4	-89.85
2	5	-89.17
2	7	-77.85
2	8	-90.81
2	10	-91.31
2	11	-91.79
2	12	-94.43
2	15	-91.83
2	16	-86.71
2	19	-84.55
2	21	-70.92
2	22	-93.11
2	24	-91.24
2	25	-76.97
2	26	-94.33
2	27	-82.58
2	28	-82.74
2	29	-84.80
2	30	-91.50
2	31	-85.61
2	32	-85.22
2	34	-94.61
2	35	-73.23
2	37	-76.62
2	39	-83.99
2	44	-86.95
2	46	-93.93
2	47	-88.33
2	49	-83.88
2	50	-91.86
2	51	-93.58
2	52	-87.63
2	53	-80.99
2	58	-83.53
2	60	-94.92
2	61	-94.76
2	62	-81.01
2	63	-93.17
2	64	-86.91
2	66	-85.87
2	68	-91.19
2	69	-79.32
3	2	-94.51
3	4	-94.60
3	5	-88.19
3	7	-94.32
3	8	-82.69
3	10	-91.99
3	12	-76.49
3	13	-57.79
3	15	-70.59
3	16	-87.09
3	21	-93.98
3	23	-79.93
3	25	-93.99
3	26	-54.38
3	29	-85.33
3	30	-86.21
3	31	-84.14
3	32	-92.34
3	34	-78.43
3	37	-90.96
3	40	-91.43
3	41	-74.49
3	43	-84.96
3	44	-90.34
3	45	-86.64
3	46	-72.97
3	47	-79.56
3	48	-93.49
3	49	-87.21
3	51	-86.86
3	55	-74.27
3	56	-85.74
3	58	-91.93
3	59	-86.14
3	60	-65.50
3	61	-79.31
3	66	-84.29
3	68	-90.95
3	70	-85.54
4	1	-90.17
4	2	-89.85
4	3	-94.60
4	5	-79.98
4	6	-90.16
4	7	-81.96
4	9	-87.66
4	11	-74.74
4	12	-91.36
4	14	-90.77
4	15	-91.85
4	16	-94.70
4	17	-83.99
4	21	-92.74
4	22	-90.15
4	25	-94.15
4	26	-93.87
4	28	-79.07
4	29	-92.04
4	31	-87.93
4	32	-73.23
4	34	-91.01
4	35	-85.22
4	36	-81.01
4	37	-91.98
4	38	-81.35
4	42	-84.69
4	43	-90.86
4	44	-76.04
4	47	-90.50
4	49	-92.87
4	50	-86.74
4	51	-85.42
4	52	-80.47
4	53	-89.64
4	54	-94.42
4	55	-92.59
4	57	-88.55
4	63	-92.14
4	64	-82.61
4	65	-88.57
4	66	-87.30
4	67	-89.09
4	69	-81.73
5	2	-89.17
5	3	-88.19
5	4	-79.98
5	6	-92.70
5	7	-84.19
5	8	-90.95
5	9	-93.95
5	11	-87.52
5	12	-83.14
5	13	-89.79
5	14	-91.25
5	15	-83.73
5	16	-90.39
5	17	-88.16
5	21	-91.04
5	23	-93.53
5	25	-92.22
5	26	-87.04
5	28	-85.17
5	29	-86.54
5	30	-93.07
5	31	-78.80
5	32	-75.37
5	34	-82.74
5	35	-86.78
5	36	-88.35
5	37	-88.76
5	38	-85.64
5	40	-91.83
5	41	-92.85
5	42	-90.01
5	43	-84.23
5	44	-65.83
5	46	-90.75
5	47	-82.28
5	48	-92.54
5	49	-88.23
5	50	-93.17
5	51	-75.01
5	52	-88.69
5	53	-92.37
5	54	-93.95
5	55	-85.22
5	56	-92.12
5	57	-94.04
5	58	-92.50
5	60	-90.43
5	61	-92.88
5	64	-89.56
5	65	-94.83
5	66	-77.36
5	67	-91.11
5	69	-85.35
6	4	-90.16
6	5	-92.70
6	9	-87.94
6	11	-90.43
6	14	-75.49
6	17	-75.18
6	18	-86.66
6	20	-88.03
6	32	-93.57
6	33	-87.77
6	36	-81.01
6	38	-79.65
6	40	-92.74
6	42	-75.89
6	43	-92.88
6	44	-93.10
6	48	-90.97
6	51	-91.16
6	52	-94.82
6	54	-83.60
6	57	-84.04
6	65	-92.37
6	67	-63.58
7	1	-90.47
7	2	-77.85
7	3	-94.32
7	4	-81.96
7	5	-84.19
7	8	-92.95
7	9	-93.54
7	11	-85.10
7	12	-92.88
7	15	-91.30
7	16	-90.40
7	17	-92.93
7	19	-91.52
7	21	-84.33
7	22	-89.63
7	25	-86.95
7	26	-93.87
7	27	-89.59
7	28	-66.67
7	29	-87.51
7	30	-94.14
7	31	-84.76
7	32	-74.66
7	34	-92.88
7	35	-62.82
7	36	-91.28
7	37	-84.58
7	38	-91.50
7	39	-90.95
7	42	-93.26
7	43	-94.12
7	44	-79.80
7	46	-94.76
7	47	-88.31
7	49	-87.81
7	50	-87.14
7	51	-90.24
7	52	-79.44
7	53	-80.47
7	55	-93.85
7	57	-94.82
7	58	-89.80
7	62	-88.69
7	63	-90.57
7	64	-79.24
7	65	-92.60
7	66	-84.50
7	68	-94.76
7	69	-55.31
8	2	-90.81
8	3	-82.69
8	5	-90.95
8	7	-92.95
8	10	-81.46
8	12	-88.39
8	13	-82.45
8	15	-81.86
8	16	-72.25
8	19	-91.50
8	21	-88.59
8	23	-90.19
8	24	-93.61
8	25	-87.77
8	26	-83.83
8	27	-94.93
8	28	-94.93
8	29	-76.46
8	30	-65.91
8	31	-83.43
8	32	-92.76
8	34	-89.22
8	35	-93.01
8	37	-84.34
8	39	-93.97
8	41	-84.81
8	43	-92.85
8	44	-91.66
8	45	-94.08
8	46	-75.11
8	47	-79.70
8	49	-77.06
8	51	-92.38
8	55	-88.24
8	56	-94.23
8	58	-82.99
8	59	-93.75
8	60	-80.33
8	61	-75.00
8	62	-94.46
8	66	-84.29
8	68	-79.22
8	69	-93.94
8	70	-93.07
9	1	-87.25
9	4	-87.66
9	5	-93.95
9	6	-87.94
9	7	-93.54
9	11	-81.99
9	14	-92.22
9	17	-85.69
9	22	-88.64
9	28	-91.29
9	32	-91.92
9	35	-94.69
9	36	-80.66
9	38	-86.76
9	42	-81.82
9	44	-92.91
9	50	-86.36
9	52	-88.11
9	57	-69.10
9	63	-91.37
9	64	-89.26
9	65	-73.97
9	67	-89.05
9	69	-92.88
10	2	-91.31
10	3	-91.99
10	8	-81.46
10	13	-91.73
10	15	-91.41
10	16	-79.04
10	19	-86.72
10	21	-87.68
10	24	-87.14
10	25	-85.52
10	26	-92.63
10	27	-92.57
10	29	-85.04
10	30	-76.34
10	31	-90.50
10	35	-94.48
10	37	-85.64
10	39	-90.66
10	41	-92.44
10	46	-88.11
10	47	-89.45
10	49	-83.11
10	58	-78.85
10	60	-90.54
10	61	-86.62
10	62	-92.26
10	66	-91.10
10	68	-53.97
11	1	-85.04
11	2	-91.79
11	4	-74.74
11	5	-87.52
11	6	-90.43
11	7	-85.10
11	9	-81.99
11	14	-92.42
11	17	-85.30
11	21	-94.65
11	22	-85.45
11	28	-80.93
11	31	-92.38
11	32	-82.51
11	34	-94.97
11	35	-87.25
11	36	-79.97
11	37	-94.57
11	38	-84.23
11	42	-84.03
11	43	-94.65
11	44	-85.05
11	47	-94.42
11	50	-80.50
11	51	-90.77
11	52	-75.94
11	53	-89.15
11	57	-84.81
11	63	-88.53
11	64	-79.07
11	65	-81.82
11	66	-91.96
11	67	-90.14
11	69	-84.01
12	2	-94.43
12	3	-76.49
12	4	-91.36
12	5	-83.14
12	7	-92.88
12	8	-88.39
12	13	-79.66
12	14	-92.96
12	15	-74.27
12	16	-90.39
12	17	-93.23
12	21	-94.69
12	23	-84.21
12	26	-73.06
12	28	-93.89
12	29	-87.68
12	30	-91.08
12	31	-83.43
12	32	-89.54
12	34	-49.00
12	35	-94.04
12	36	-94.47
12	37	-92.06
12	38	-91.73
12	40	-86.76
12	41	-84.61
12	43	-74.07
12	44	-86.72
12	45	-87.89
12	46	-84.41
12	47	-81.17
12	48	-89.17
12	49	-89.55
12	51	-78.09
12	54	-93.86
12	55	-56.73
12	56	-82.61
12	58	-93.97
12	59	-87.59
12	60	-81.96
12	61	-87.76
12	66	-82.99
12	67	-94.13
12	68	-94.40
12	69	-93.70
12	70	-87.89
13	3	-57.79
13	5	-89.79
13	8	-82.45
13	10	-91.73
13	12	-79.66
13	15	-75.09
13	16	-87.38
13	21	-94.50
13	23	-78.37
13	25	-94.41
13	26	-65.83
13	29	-86.21
13	30	-85.74
13	31	-85.83
13	32	-93.50
13	34	-81.20
13	37	-91.59
13	40	-92.18
13	41	-69.33
13	43	-86.61
13	44	-91.69
13	45	-85.95
13	46	-70.47
13	47	-81.66
13	48	-94.20
13	49	-87.85
13	51	-88.59
13	55	-77.57
13	56	-86.21
13	58	-92.20
13	59	-85.39
13	60	-57.01
13	61	-77.03
13	66	-86.04
13	68	-90.66
13	70	-84.49
14	4	-90.77
14	5	-91.25
14	6	-75.49
14	9	-92.22
14	11	-92.42
14	12	-92.96
14	17	-79.24
14	18	-81.14
14	20	-83.23
14	32	-93.38
14	33	-81.92
14	34	-92.28
14	36	-85.33
14	38	-80.70
14	40	-87.68
14	42	-82.91
14	43	-88.96
14	44	-92.34
14	48	-85.03
14	51	-88.07
14	54	-74.25
14	55	-93.68
14	56	-93.67
14	57	-89.81
14	67	-69.30
15	2	-91.83
15	3	-70.59
15	4	-91.85
15	5	-83.73
15	7	-91.30
15	8	-81.86
15	10	-91.41
15	12	-74.27
15	13	-75.09
15	16	-84.83
15	21	-91.55
15	23	-85.64
15	25	-91.82
15	26	-68.26
15	28	-92.93
15	29	-81.17
15	30	-85.92
15	31	-77.31
15	32	-88.86
15	34	-76.28
15	35	-92.23
15	37	-88.00
15	38	-93.88
15	40	-91.76
15	41	-82.42
15	43	-83.94
15	44	-86.34
15	45	-90.19
15	46	-77.57
15	47	-70.12
15	48	-93.51
15	49	-83.93
15	51	-83.65
15	55	-74.86
15	56	-87.99
15	58	-89.99
15	59	-89.83
15	60	-76.34
15	61	-82.64
15	66	-77.43
15	68	-90.39
15	69	-92.35
15	70	-89.57
16	2	-86.71
16	3	-87.09
16	4	-94.70
16	5	-90.39
16	7	-90.40
16	8	-72.25
16	10	-79.04
16	12	-90.39
16	13	-87.38
16	15	-84.83
16	19	-87.41
16	21	-83.18
16	23	-93.45
16	24	-90.78
16	25	-81.85
16	26	-87.60
16	27	-91.64
16	28	-92.85
16	29	-69.69
16	30	-73.51
16	31	-81.96
16	32	-91.16
16	34	-91.01
16	35	-90.10
16	37	-76.96
16	39	-90.47
16	41	-89.59
16	43	-94.14
16	44	-90.47
16	46	-83.26
16	47	-80.45
16	49	-64.75
16	51	-92.86
16	53	-94.05
16	55	-90.61
16	58	-74.29
16	60	-86.19
16	61	-83.62
16	62	-91.04
16	66	-83.02
16	68	-77.17
16	69	-91.54
17	1	-94.55
17	4	-83.99
17	5	-88.16
17	6	-75.18
17	7	-92.93
17	9	-85.69
17	11	-85.30
17	12	-93.23
17	14	-79.24
17	18	-90.10
17	20	-91.25
17	28	-91.58
17	31	-94.16
17	32	-88.93
17	33	-90.58
17	34	-92.65
17	35	-94.55
17	36	-70.21
17	38	-61.98
17	40	-92.27
17	42	-65.95
17	43	-90.52
17	44	-88.41
17	48	-91.11
17	50	-92.82
17	51	-87.19
17	52	-91.04
17	54	-86.89
17	55	-94.18
17	57	-82.89
17	64	-92.23
17	65	-90.07
17	66	-93.68
17	67	-72.35
17	69	-92.83
18	6	-86.66
18	14	-81.14
18	17	-90.10
18	20	-54.57
18	33	-57.79
18	36	-93.23
18	38	-90.84
18	40	-87.17
18	42	-91.68
18	43	-92.14
18	48	-83.29
18	51	-93.18
18	54	-68.55
18	56	-93.98
18	67	-85.60
19	2	-84.55
19	7	-91.52
19	8	-91.50
19	10	-86.72
19	16	-87.41
19	21	-78.99
19	24	-77.16
19	25	-75.61
19	27	-77.82
19	28	-93.56
19	29	-89.03
19	30	-90.63
19	31	-92.32
19	32	-94.60
19	35	-89.82
19	37	-83.50
19	39	-70.47
19	47	-93.08
19	49	-87.19
19	53	-90.60
19	58	-80.08
19	62	-77.64
19	66	-92.72
19	68	-87.48
19	69	-92.06
20	6	-88.03
20	14	-83.23
20	17	-91.25
20	18	-54.57
20	33	-59.44
20	36	-94.16
20	38	-91.93
20	40	-87.57
20	42	-92.70
20	43	-92.75
20	48	-83.84
20	51	-93.93
20	54	-72.95
20	56	-94.21
20	67	-87.14
21	2	-70.92
21	3	-93.98
21	4	-92.74
21	5	-91.04
21	7	-84.33
21	8	-88.59
21	10	-87.68
21	11	-94.65
21	12	-94.69
21	13	-94.50
21	15	-91.55
21	16	-83.18
21	19	-78.99
21	24	-87.79
21	25	-61.70
21	26	-93.97
21	27	-81.21
21	28	-87.80
21	29	-82.70
21	30	-88.83
21	31	-86.05
21	32	-88.75
21	34	-94.97
21	35	-81.96
21	37	-70.21
21	39	-80.72
21	44	-89.61
21	46	-92.72
21	47	-87.94
21	49	-80.59
21	50	-94.84
21	51	-94.72
21	52	-91.50
21	53	-86.13
21	58	-76.61
21	60	-94.04
21	61	-93.26
21	62	-79.66
21	64	-90.97
21	66	-86.55
21	68	-87.68
21	69	-85.49
22	1	-57.79
22	2	-93.11
22	4	-90.15
22	7	-89.63
22	9	-88.64
22	11	-85.45
22	28	-86.90
22	32	-91.50
22	35	-89.72
22	36	-92.28
22	38	-94.70
22	42	-93.89
22	44	-93.52
22	50	-68.00
22	52	-81.28
22	53	-86.17
22	57	-91.83
22	63	-66.45
22	64	-80.37
22	65	-82.91
22	69	-88.26
23	3	-79.93
23	5	-93.53
23	8	-90.19
23	12	-84.21
23	13	-78.37
23	15	-85.64
23	16	-93.45
23	26	-80.58
23	29	-92.74
23	30	-91.90
23	31	-92.01
23	34	-84.89
23	40	-90.16
23	41	-74.66
23	43	-87.42
23	45	-73.51
23	46	-84.04
23	47	-89.66
23	48	-92.67
23	49	-93.81
23	51	-91.18
23	55	-81.93
23	56	-80.59
23	59	-72.07
23	60	-80.25
23	61	-85.66
23	66	-92.03
23	70	-69.40
24	2	-91.24
24	8	-93.61
24	10	-87.14
24	16	-90.78
24	19	-77.16
24	21	-87.79
24	25	-85.67
24	27	-85.80
24	29	-92.85
24	30	-92.23
24	35	-94.78
24	37	-89.74
24	39	-81.68
24	49	-91.38
24	58	-85.89
24	62	-86.19
24	68	-88.32
25	2	-76.97
25	3	-93.99
25	4	-94.15
25	5	-92.22
25	7	-86.95
25	8	-87.77
25	10	-85.52
25	13	-94.41
25	15	-91.82
25	16	-81.85
25	19	-75.61
25	21	-61.70
25	24	-85.67
25	26	-94.08
25	27	-81.57
25	28	-89.93
25	29	-82.70
25	30	-87.59
25	31	-87.04
25	32	-90.52
25	35	-85.07
25	37	-71.41
25	39	-79.75
25	44	-91.10
25	46	-92.37
25	47	-88.37
25	49	-80.06
25	52	-93.19
25	53	-88.32
25	58	-72.00
25	60	-93.85
25	61	-92.70
25	62	-80.33
25	64	-92.72
25	66	-87.59
25	68	-85.67
25	69	-87.97
26	2	-94.33
26	3	-54.38
26	4	-93.87
26	5	-87.04
26	7	-93.87
26	8	-83.83
26	10	-92.63
26	12	-73.06
26	13	-65.83
26	15	-68.26
26	16	-87.60
26	21	-93.97
26	23	-80.58
26	25	-94.08
26	29	-85.45
26	30	-87.23
26	31	-83.43
26	32	-91.63
26	34	-75.49
26	35	-94.69
26	37	-90.97
26	38	-94.96
26	40	-90.54
26	41	-77.22
26	43	-83.23
26	44	-89.44
26	45	-86.75
26	46	-76.10
26	47	-78.97
26	48	-92.67
26	49	-87.43
26	51	-85.32
26	55	-70.43
26	56	-84.92
26	58	-92.22
26	59	-86.28
26	60	-70.92
26	61	-81.51
26	66	-83.47
26	68	-91.64
26	69	-94.75
26	70	-85.90
27	2	-82.58
27	7	-89.59
27	8	-94.93
27	10	-92.57
27	16	-91.64
27	19	-77.82
27	21	-81.21
27	24	-85.80
27	25	-81.57
27	28	-91.32
27	29	-91.87
27	30	-94.69
27	31	-93.62
27	32	-93.72
27	35	-87.23
27	37	-86.64
27	39	-66.11
27	44	-94.84
27	47	-94.89
27	49	-90.68
27	52	-93.31
27	53	-85.30
27	58	-87.06
27	62	-50.17
27	63	-94.70
27	64	-92.45
27	66	-93.87
27	68	-92.94
27	69	-89.76
28	1	-87.76
28	2	-82.74
28	4	-79.07
28	5	-85.17
28	7	-66.67
28	8	-94.93
28	9	-91.29
28	11	-80.93
28	12	-93.89
28	15	-92.93
28	16	-92.85
28	17	-91.58
28	19	-93.56
28	21	-87.80
28	22	-86.90
28	25	-89.93
28	27	-91.32
28	29	-90.34
28	31	-87.57
28	32	-75.11
28	34	-93.81
28	35	-72.46
28	36	-89.33
28	37	-88.19
28	38	-90.18
28	39	-92.78
28	42	-91.63
28	43	-94.60
28	44	-80.86
28	47	-90.57
28	49	-90.69
28	50	-83.50
28	51	-90.66
28	52	-72.07
28	53	-80.45
28	55	-94.86
28	57	-92.93
28	58	-92.39
28	62	-90.58
28	63	-88.39
28	64	-72.51
28	65	-90.04
28	66	-87.24
28	67	-94.84
28	69	-60.53
29	2	-84.80
29	3	-85.33
29	4	-92.04
29	5	-86.54
29	7	-87.51
29	8	-76.46
29	10	-85.04
29	12	-87.68
29	13	-86.21
29	15	-81.17
29	16	-69.69
29	19	-89.03
29	21	-82.70
29	23	-92.74
29	24	-92.85
29	25	-82.70
29	26	-85.45
29	27	-91.87
29	28	-90.34
29	30	-80.21
29	31	-74.11
29	32	-87.74
29	34	-88.33
29	35	-87.60
29	37	-74.93
29	39	-91.23
29	41	-89.31
29	43	-91.85
29	44	-86.68
29	46	-83.18
29	47	-73.30
29	49	-59.54
29	51	-89.91
29	52	-93.87
29	53	-92.67
29	55	-88.23
29	56	-94.92
29	58	-79.17
29	60	-85.43
29	61	-84.94
29	62	-91.18
29	64	-93.89
29	66	-75.89
29	68	-83.84
29	69	-88.93
30	2	-91.50
30	3	-86.21
30	5	-93.07
30	7	-94.14
30	8	-65.91
30	10	-76.34
30	12	-91.08
30	13	-85.74
30	15	-85.92
30	16	-73.51
30	19	-90.63
30	21	-88.83
30	23	-91.90
30	24	-92.23
30	25	-87.59
30	26	-87.23
30	27	-94.69
30	29	-80.21
30	31	-86.64
30	32	-94.36
30	34	-91.77
30	35	-93.99
30	37	-85.23
30	39	-93.47
30	41	-86.95
30	43	-94.87
30	44	-93.53
30	46	-79.80
30	47	-84.14
30	49	-79.44
30	51	-94.46
30	55	-90.90
30	58	-82.00
30	60	-83.88
30	61	-77.57
30	62	-94.27
30	66	-87.38
30	68	-72.97
30	70	-94.38
31	2	-85.61
31	3	-84.14
31	4	-87.93
31	5	-78.80
31	7	-84.76
31	8	-83.43
31	10	-90.50
31	11	-92.38
31	12	-83.43
31	13	-85.83
31	15	-77.31
31	16	-81.96
31	17	-94.16
31	19	-92.32
31	21	-86.05
31	23	-92.01
31	25	-87.04
31	26	-83.43
31	27	-93.62
31	28	-87.57
31	29	-74.11
31	30	-86.64
31	32	-82.45
31	34	-83.97
31	35	-86.02
31	36	-94.12
31	37	-81.18
31	38	-92.56
31	39	-93.56
31	40	-94.59
31	41	-89.63
31	43	-87.99
31	44	-79.80
31	46	-85.11
31	47	-66.67
31	49	-78.09
31	51	-84.43
31	52	-91.58
31	53	-92.09
31	55	-84.78
31	56	-92.92
31	58	-86.19
31	59	-94.79
31	60	-85.88
31	61	-87.71
31	62	-92.94
31	64	-91.87
31	66	-45.20
31	68	-89.66
31	69	-86.45
31	70	-94.64
32	1	-91.88
32	2	-85.22
32	3	-92.34
32	4	-73.23
32	5	-75.37
32	6	-93.57
32	7	-74.66
32	8	-92.76
32	9	-91.92
32	11	-82.51
32	12	-89.54
32	13	-93.50
32	14	-93.38
32	15	-88.86
32	16	-91.16
32	17	-88.93
32	19	-94.60
32	21	-88.75
32	22	-91.50
32	25	-90.52
32	26	-91.63
32	27	-93.72
32	28	-75.11
32	29	-87.74
32	30	-94.36
32	31	-82.45
32	34	-89.37
32	35	-79.79
32	36	-87.47
32	37	-87.48
32	38	-86.80
32	39	-94.55
32	42	-89.83
32	43	-90.35
32	44	-65.07
32	46	-93.65
32	47	-86.37
32	49	-88.74
32	50	-88.71
32	51	-84.79
32	52	-81.85
32	53	-87.47
32	55	-90.87
32	57	-92.76
32	58	-91.93
32	60	-93.79
32	62	-93.03
32	63	-92.90
32	64	-83.03
32	65	-92.03
32	66	-81.66
32	67	-92.49
32	69	-76.09
33	6	-87.77
33	14	-81.92
33	17	-90.58
33	18	-57.79
33	20	-59.44
33	34	-94.50
33	36	-93.66
33	38	-91.12
33	40	-85.45
33	42	-92.26
33	43	-91.30
33	48	-81.01
33	51	-92.70
33	54	-69.33
33	56	-92.92
33	67	-86.50
34	2	-94.61
34	3	-78.43
34	4	-91.01
34	5	-82.74
34	7	-92.88
34	8	-89.22
34	11	-94.97
34	12	-49.00
34	13	-81.20
34	14	-92.28
34	15	-76.28
34	16	-91.01
34	17	-92.65
34	21	-94.97
34	23	-84.89
34	26	-75.49
34	28	-93.81
34	29	-88.33
34	30	-91.77
34	31	-83.97
34	32	-89.37
34	33	-94.50
34	35	-94.10
34	36	-94.00
34	37	-92.44
34	38	-91.11
34	40	-85.92
34	41	-85.64
34	42	-94.56
34	43	-71.43
34	44	-86.48
34	45	-88.14
34	46	-85.57
34	47	-82.15
34	48	-88.39
34	49	-90.13
34	51	-76.55
34	54	-93.23
34	55	-61.48
34	56	-82.30
34	58	-94.40
34	59	-87.88
34	60	-83.31
34	61	-88.69
34	66	-83.48
34	67	-93.53
34	68	-94.94
34	69	-93.68
34	70	-88.28
35	1	-90.72
35	2	-73.23
35	4	-85.22
35	5	-86.78
35	7	-62.82
35	8	-93.01
35	9	-94.69
35	10	-94.48
35	11	-87.25
35	12	-94.04
35	15	-92.23
35	16	-90.10
35	17	-94.55
35	19	-89.82
35	21	-81.96
35	22	-89.72
35	24	-94.78
35	25	-85.07
35	26	-94.69
35	27	-87.23
35	28	-72.46
35	29	-87.60
35	30	-93.99
35	31	-86.02
35	32	-79.79
35	34	-94.10
35	36	-93.00
35	37	-83.43
35	38	-93.30
35	39	-88.93
35	42	-94.78
35	44	-83.37
35	47	-89.19
35	49	-87.55
35	50	-87.71
35	51	-92.01
35	52	-81.21
35	53	-77.02
35	55	-94.90
35	58	-88.76
35	62	-86.17
35	63	-90.27
35	64	-80.32
35	65	-93.50
35	66	-85.93
35	68	-94.27
35	69	-64.41
36	1	-91.68
36	4	-81.01
36	5	-88.35
36	6	-81.01
36	7	-91.28
36	9	-80.66
36	11	-79.97
36	12	-94.47
36	14	-85.33
36	17	-70.21
36	18	-93.23
36	20	-94.16
36	22	-92.28
36	28	-89.33
36	31	-94.12
36	32	-87.47
36	33	-93.66
36	34	-94.00
36	35	-93.00
36	38	-71.63
36	40	-94.77
36	42	-64.36
36	43	-92.57
36	44	-87.74
36	48	-93.95
36	50	-89.63
36	51	-88.98
36	52	-87.95
36	54	-90.77
36	57	-78.51
36	63	-94.41
36	64	-89.40
36	65	-86.07
36	66	-93.66
36	67	-80.70
36	69	-90.95
37	2	-76.62
37	3	-90.96
37	4	-91.98
37	5	-88.76
37	7	-84.58
37	8	-84.34
37	10	-85.64
37	11	-94.57
37	12	-92.06
37	13	-91.59
37	15	-88.00
37	16	-76.96
37	19	-83.50
37	21	-70.21
37	24	-89.74
37	25	-71.41
37	26	-90.97
37	27	-86.64
37	28	-88.19
37	29	-74.93
37	30	-85.23
37	31	-81.18
37	32	-87.48
37	34	-92.44
37	35	-83.43
37	39	-85.96
37	41	-93.75
37	43	-94.92
37	44	-87.68
37	46	-89.43
37	47	-83.23
37	49	-71.41
37	51	-92.65
37	52	-92.12
37	53	-88.90
37	55	-92.63
37	58	-73.13
37	60	-91.04
37	61	-90.26
37	62	-85.62
37	64	-91.85
37	66	-82.04
37	68	-85.20
37	69	-86.11
38	1	-94.34
38	4	-81.35
38	5	-85.64
38	6	-79.65
38	7	-91.50
38	9	-86.76
38	11	-84.23
38	12	-91.73
38	14	-80.70
38	15	-93.88
38	17	-61.98
38	18	-90.84
38	20	-91.93
38	22	-94.70
38	26	-94.96
38	28	-90.18
38	31	-92.56
38	32	-86.80
38	33	-91.12
38	34	-91.11
38	35	-93.30
38	36	-71.63
38	40	-91.61
38	42	-72.46
38	43	-88.98
38	44	-86.02
38	47	-93.88
38	48	-90.69
38	50	-92.37
38	51	-84.76
38	52	-90.01
38	54	-87.61
38	55	-92.81
38	57	-84.90
38	64	-91.27
38	65	-90.43
38	66	-92.02
38	67	-76.62
38	69	-91.47
39	2	-83.99
39	7	-90.95
39	8	-93.97
39	10	-90.66
39	16	-90.47
39	19	-70.47
39	21	-80.72
39	24	-81.68
39	25	-79.75
39	27	-66.11
39	28	-92.78
39	29	-91.23
39	30	-93.47
39	31	-93.56
39	32	-94.55
39	35	-88.93
39	37	-85.96
39	47	-94.59
39	49	-89.81
39	52	-94.84
39	53	-88.25
39	58	-85.05
39	62	-67.51
39	64	-94.13
39	66	-93.86
39	68	-91.19
39	69	-91.28
40	3	-91.43
40	5	-91.83
40	6	-92.74
40	12	-86.76
40	13	-92.18
40	14	-87.68
40	15	-91.76
40	17	-92.27
40	18	-87.17
40	20	-87.57
40	23	-90.16
40	26	-90.54
40	31	-94.59
40	33	-85.45
40	34	-85.92
40	36	-94.77
40	38	-91.61
40	41	-93.32
40	42	-94.35
40	43	-80.32
40	44	-93.88
40	45	-88.94
40	46	-94.91
40	47	-94.07
40	48	-66.56
40	51	-86.53
40	54	-85.32
40	55	-86.72
40	56	-80.06
40	59	-89.09
40	60	-93.36
40	66	-94.27
40	67	-90.90
40	70	-90.43
41	3	-74.49
41	5	-92.85
41	8	-84.81
41	10	-92.44
41	12	-84.61
41	13	-69.33
41	15	-82.42
41	16	-89.59
41	23	-74.66
41	26	-77.22
41	29	-89.31
41	30	-86.95
41	31	-89.63
41	34	-85.64
41	37	-93.75
41	40	-93.32
41	43	-89.38
41	44	-94.42
41	45	-83.88
41	46	-74.84
41	47	-86.47
41	49	-90.45
41	51	-91.62
41	55	-82.79
41	56	-86.89
41	58	-93.81
41	59	-83.18
41	60	-68.92
41	61	-76.78
41	66	-89.83
41	68	-91.45
41	70	-81.41
42	1	-93.28
42	4	-84.69
42	5	-90.01
42	6	-75.89
42	7	-93.26
42	9	-81.82
42	11	-84.03
42	14	-82.91
42	17	-65.95
42	18	-91.68
42	20	-92.70
42	22	-93.89
42	28	-91.63
42	32	-89.83
42	33	-92.26
42	34	-94.56
42	35	-94.78
42	36	-64.36
42	38	-72.46
42	40	-94.35
42	43	-92.84
42	44	-89.80
42	48	-93.28
42	50	-91.64
42	51	-89.82
42	52	-90.45
42	54	-89.09
42	57	-77.64
42	64	-91.68
42	65	-87.66
42	66	-94.93
42	67	-76.46
42	69	-93.01
43	3	-84.96
43	4	-90.86
43	5	-84.23
43	6	-92.88
43	7	-94.12
43	8	-92.85
43	11	-94.65
43	12	-74.07
43	13	-86.61
43	14	-88.96
43	15	-83.94
43	16	-94.14
43	17	-90.52
43	18	-92.14
43	20	-92.75
43	23	-87.42
43	26	-83.23
43	28	-94.60
43	29	-91.85
43	30	-94.87
43	31	-87.99
43	32	-90.35
43	33	-91.30
43	34	-71.43
43	36	-92.57
43	37	-94.92
43	38	-88.98
43	40	-80.32
43	41	-89.38
43	42	-92.84
43	44	-87.71
43	45	-88.87
43	46	-90.01
43	47	-87.30
43	48	-83.36
43	49	-93.28
43	51	-74.45
43	54	-89.76
43	55	-75.76
43	56	-80.73
43	59	-88.76
43	60	-88.20
43	61	-92.33
43	66	-87.48
43	67	-90.89
43	69	-94.73
43	70	-89.56
44	1	-93.79
44	2	-86.95
44	3	-90.34
44	4	-76.04
44	5	-65.83
44	6	-93.10
44	7	-79.80
44	8	-91.66
44	9	-92.91
44	11	-85.05
44	12	-86.72
44	13	-91.69
44	14	-92.34
44	15	-86.34
44	16	-90.47
44	17	-88.41
44	21	-89.61
44	22	-93.52
44	25	-91.10
44	26	-89.44
44	27	-94.84
44	28	-80.86
44	29	-86.68
44	30	-93.53
44	31	-79.80
44	32	-65.07
44	34	-86.48
44	35	-83.37
44	36	-87.74
44	37	-87.68
44	38	-86.02
44	40	-93.88
44	41	-94.42
44	42	-89.80
44	43	-87.71
44	46	-92.14
44	47	-84.01
44	48	-94.37
44	49	-88.07
44	50	-91.07
44	51	-80.84
44	52	-85.60
44	53	-90.00
44	55	-88.33
44	56	-94.24
44	57	-93.36
44	58	-91.93
44	60	-92.11
44	61	-93.97
44	62	-94.20
44	63	-94.79
44	64	-86.59
44	65	-93.46
44	66	-78.62
44	67	-91.77
44	69	-81.20
45	3	-86.64
45	8	-94.08
45	12	-87.89
45	13	-85.95
45	15	-90.19
45	23	-73.51
45	26	-86.75
45	34	-88.14
45	40	-88.94
45	41	-83.88
45	43	-88.87
45	46	-89.66
45	47	-93.31
45	48	-91.61
45	51	-92.97
45	55	-86.25
45	56	-78.51
45	59	-40.23
45	60	-87.19
45	61	-90.70
45	66	-95.00
45	70	-60.86
46	2	-93.93
46	3	-72.97
46	5	-90.75
46	7	-94.76
46	8	-75.11
46	10	-88.11
46	12	-84.41
46	13	-70.47
46	15	-77.57
46	16	-83.26
46	21	-92.72
46	23	-84.04
46	25	-92.37
46	26	-76.10
46	29	-83.18
46	30	-79.80
46	31	-85.11
46	32	-93.65
46	34	-85.57
46	37	-89.43
46	40	-94.91
46	41	-74.84
46	43	-90.01
46	44	-92.14
46	45	-89.66
46	47	-80.53
46	49	-84.69
46	51	-90.77
46	55	-83.47
46	56	-90.34
46	58	-89.38
46	59	-89.20
46	60	-63.90
46	61	-65.50
46	66	-85.60
46	68	-86.72
46	70	-88.25
47	2	-88.33
47	3	-79.56
47	4	-90.50
47	5	-82.28
47	7	-88.31
47	8	-79.70
47	10	-89.45
47	11	-94.42
47	12	-81.17
47	13	-81.66
47	15	-70.12
47	16	-80.45
47	19	-93.08
47	21	-87.94
47	23	-89.66
47	25	-88.37
47	26	-78.97
47	27	-94.89
47	28	-90.57
47	29	-73.30
47	30	-84.14
47	31	-66.67
47	32	-86.37
47	34	-82.15
47	35	-89.19
47	37	-83.23
47	38	-93.88
47	39	-94.59
47	40	-94.07
47	41	-86.47
47	43	-87.30
47	44	-84.01
47	45	-93.31
47	46	-80.53
47	49	-77.94
47	51	-85.17
47	52	-93.89
47	53	-94.20
47	55	-82.18
47	56	-91.51
47	58	-86.47
47	59	-93.02
47	60	-81.57
47	61	-84.14
47	62	-94.29
47	64	-94.14
47	66	-68.26
47	68	-88.39
47	69	-89.65
47	70	-92.75
48	3	-93.49
48	5	-92.54
48	6	-90.97
48	12	-89.17
48	13	-94.20
48	14	-85.03
48	15	-93.51
48	17	-91.11
48	18	-83.29
48	20	-83.84
48	23	-92.67
48	26	-92.67
48	33	-81.01
48	34	-88.39
48	36	-93.95
48	38	-90.69
48	40	-66.56
48	42	-93.28
48	43	-83.36
48	44	-94.37
48	45	-91.61
48	51	-87.64
48	54	-81.06
48	55	-89.34
48	56	-84.78
48	59	-91.75
48	67	-89.02
48	70	-92.89
49	2	-83.88
49	3	-87.21
49	4	-92.87
49	5	-88.23
49	7	-87.81
49	8	-77.06
49	10	-83.11
49	12	-89.55
49	13	-87.85
49	15	-83.93
49	16	-64.75
49	19	-87.19
49	21	-80.59
49	23	-93.81
49	24	-91.38
49	25	-80.06
49	26	-87.43
49	27	-90.68
49	28	-90.69
49	29	-59.54
49	30	-79.44
49	31	-78.09
49	32	-88.74
49	34	-90.13
49	35	-87.55
49	37	-71.41
49	39	-89.81
49	41	-90.45
49	43	-93.28
49	44	-88.07
49	46	-84.69
49	47	-77.94
49	51	-91.47
49	52	-94.14
49	53	-92.35
49	55	-90.01
49	58	-74.97
49	60	-86.99
49	61	-85.79
49	62	-89.96
49	64	-94.08
49	66	-79.44
49	68	-81.94
49	69	-89.18
50	1	-68.68
50	2	-91.86
50	4	-86.74
50	5	-93.17
50	7	-87.14
50	9	-86.36
50	11	-80.50
50	17	-92.82
50	21	-94.84
50	22	-68.00
50	28	-83.50
50	32	-88.71
50	35	-87.71
50	36	-89.63
50	38	-92.37
50	42	-91.64
50	44	-91.07
50	52	-75.18
50	53	-85.37
50	57	-89.87
50	62	-94.87
50	63	-76.46
50	64	-74.88
50	65	-80.68
50	69	-85.55
51	2	-93.58
51	3	-86.86
51	4	-85.42
51	5	-75.01
51	6	-91.16
51	7	-90.24
51	8	-92.38
51	11	-90.77
51	12	-78.09
51	13	-88.59
51	14	-88.07
51	15	-83.65
51	16	-92.86
51	17	-87.19
51	18	-93.18
51	20	-93.93
51	21	-94.72
51	23	-91.18
51	26	-85.32
51	28	-90.66
51	29	-89.91
51	30	-94.46
51	31	-84.43
51	32	-84.79
51	33	-92.70
51	34	-76.55
51	35	-92.01
51	36	-88.98
51	37	-92.65
51	38	-84.76
51	40	-86.53
51	41	-91.62
51	42	-89.82
51	43	-74.45
51	44	-80.84
51	45	-92.97
51	46	-90.77
51	47	-85.17
51	48	-87.64
51	49	-91.47
51	52	-92.75
51	54	-90.54
51	55	-80.84
51	56	-87.78
51	57	-94.60
51	59	-92.83
51	60	-89.70
51	61	-93.03
51	64	-93.53
51	66	-83.56
51	67	-89.04
51	69	-90.95
51	70	-93.28
52	1	-82.19
52	2	-87.63
52	4	-80.47
52	5	-88.69
52	6	-94.82
52	7	-79.44
52	9	-88.11
52	11	-75.94
52	17	-91.04
52	21	-91.50
52	22	-81.28
52	25	-93.19
52	27	-93.31
52	28	-72.07
52	29	-93.87
52	31	-91.58
52	32	-81.85
52	35	-81.21
52	36	-87.95
52	37	-92.12
52	38	-90.01
52	39	-94.84
52	42	-90.45
52	44	-85.60
52	47	-93.89
52	49	-94.14
52	50	-75.18
52	51	-92.75
52	53	-81.96
52	57	-90.61
52	62	-92.74
52	63	-84.16
52	64	-55.98
52	65	-85.61
52	66	-91.27
52	67	-94.48
52	69	-76.78
53	1	-87.85
53	2	-80.99
53	4	-89.64
53	5	-92.37
53	7	-80.47
53	11	-89.15
53	16	-94.05
53	19	-90.60
53	21	-86.13
53	22	-86.17
53	25	-88.32
53	27	-85.30
53	28	-80.45
53	29	-92.67
53	31	-92.09
53	32	-87.47
53	35	-77.02
53	37	-88.90
53	39	-88.25
53	44	-90.00
53	47	-94.20
53	49	-92.35
53	50	-85.37
53	52	-81.96
53	58	-92.07
53	62	-84.48
53	63	-85.55
53	64	-79.65
53	65	-93.01
53	66	-92.06
53	69	-78.87
54	4	-94.42
54	5	-93.95
54	6	-83.60
54	12	-93.86
54	14	-74.25
54	17	-86.89
54	18	-68.55
54	20	-72.95
54	33	-69.33
54	34	-93.23
54	36	-90.77
54	38	-87.61
54	40	-85.32
54	42	-89.09
54	43	-89.76
54	48	-81.06
54	51	-90.54
54	55	-94.32
54	56	-92.78
54	57	-93.70
54	67	-81.50
55	3	-74.27
55	4	-92.59
55	5	-85.22
55	7	-93.85
55	8	-88.24
55	12	-56.73
55	13	-77.57
55	14	-93.68
55	15	-74.86
55	16	-90.61
55	17	-94.18
55	23	-81.93
55	26	-70.43
55	28	-94.86
55	29	-88.23
55	30	-90.90
55	31	-84.78
55	32	-90.87
55	34	-61.48
55	35	-94.90
55	37	-92.63
55	38	-92.81
55	40	-86.72
55	41	-82.79
55	43	-75.76
55	44	-88.33
55	45	-86.25
55	46	-83.47
55	47	-82.18
55	48	-89.34
55	49	-90.01
55	51	-80.84
55	54	-94.32
55	56	-81.01
55	58	-94.27
55	59	-85.90
55	60	-80.40
55	61	-86.94
55	66	-84.48
55	67	-94.91
55	68	-94.35
55	69	-94.64
55	70	-86.19
56	3	-85.74
56	5	-92.12
56	8	-94.23
56	12	-82.61
56	13	-86.21
56	14	-93.67
56	15	-87.99
56	18	-93.98
56	20	-94.21
56	23	-80.59
56	26	-84.92
56	29	-94.92
56	31	-92.92
56	33	-92.92
56	34	-82.30
56	40	-80.06
56	41	-86.89
56	43	-80.73
56	44	-94.24
56	45	-78.51
56	46	-90.34
56	47	-91.51
56	48	-84.78
56	51	-87.78
56	54	-92.78
56	55	-81.01
56	59	-78.62
56	60	-87.91
56	61	-92.11
56	66	-92.73
56	70	-81.07
57	1	-90.78
57	4	-88.55
57	5	-94.04
57	6	-84.04
57	7	-94.82
57	9	-69.10
57	11	-84.81
57	14	-89.81
57	17	-82.89
57	22	-91.83
57	28	-92.93
57	32	-92.76
57	36	-78.51
57	38	-84.90
57	42	-77.64
57	44	-93.36
57	50	-89.87
57	51	-94.60
57	52	-90.61
57	54	-93.70
57	63	-94.07
57	64	-91.68
57	65	-81.66
57	67	-85.90
57	69	-94.33
58	2	-83.53
58	3	-91.93
58	5	-92.50
58	7	-89.80
58	8	-82.99
58	10	-78.85
58	12	-93.97
58	13	-92.20
58	15	-89.99
58	16	-74.29
58	19	-80.08
58	21	-76.61
58	24	-85.89
58	25	-72.00
58	26	-92.22
58	27	-87.06
58	28	-92.39
58	29	-79.17
58	30	-82.00
58	31	-86.19
58	32	-91.93
58	34	-94.40
58	35	-88.76
58	37	-73.13
58	39	-85.05
58	41	-93.81
58	44	-91.93
58	46	-89.38
58	47	-86.47
58	49	-74.97
58	53	-92.07
58	55	-94.27
58	60	-91.38
58	61	-89.39
58	62	-86.36
58	66	-86.93
58	68	-78.82
58	69	-90.83
59	3	-86.14
59	8	-93.75
59	12	-87.59
59	13	-85.39
59	15	-89.83
59	23	-72.07
59	26	-86.28
59	31	-94.79
59	34	-87.88
59	40	-89.09
59	41	-83.18
59	43	-88.76
59	45	-40.23
59	46	-89.20
59	47	-93.02
59	48	-91.75
59	51	-92.83
59	55	-85.90
59	56	-78.62
59	60	-86.66
59	61	-90.27
59	66	-94.76
59	70	-57.79
60	2	-94.92
60	3	-65.50
60	5	-90.43
60	8	-80.33
60	10	-90.54
60	12	-81.96
60	13	-57.01
60	15	-76.34
60	16	-86.19
60	21	-94.04
60	23	-80.25
60	25	-93.85
60	26	-70.92
60	29	-85.43
60	30	-83.88
60	31	-85.88
60	32	-93.79
60	34	-83.31
60	37	-91.04
60	40	-93.36
60	41	-68.92
60	43	-88.20
60	44	-92.11
60	45	-87.19
60	46	-63.90
60	47	-81.57
60	49	-86.99
60	51	-89.70
60	55	-80.40
60	56	-87.91
60	58	-91.38
60	59	-86.66
60	61	-72.97
60	66	-86.19
60	68	-89.37
60	70	-85.64
61	2	-94.76
61	3	-79.31
61	5	-92.88
61	8	-75.00
61	10	-86.62
61	12	-87.76
61	13	-77.03
61	15	-82.64
61	16	-83.62
61	21	-93.26
61	23	-85.66
61	25	-92.70
61	26	-81.51
61	29	-84.94
61	30	-77.57
61	31	-87.71
61	34	-88.69
61	37	-90.26
61	41	-76.78
61	43	-92.33
61	44	-93.97
61	45	-90.70
61	46	-65.50
61	47	-84.14
61	49	-85.79
61	51	-93.03
61	55	-86.94
61	56	-92.11
61	58	-89.39
61	59	-90.27
61	60	-72.97
61	66	-88.20
61	68	-85.12
61	70	-89.17
62	2	-81.01
62	7	-88.69
62	8	-94.46
62	10	-92.26
62	16	-91.04
62	19	-77.64
62	21	-79.66
62	24	-86.19
62	25	-80.33
62	27	-50.17
62	28	-90.58
62	29	-91.18
62	30	-94.27
62	31	-92.94
62	32	-93.03
62	35	-86.17
62	37	-85.62
62	39	-67.51
62	44	-94.20
62	47	-94.29
62	49	-89.96
62	50	-94.87
62	52	-92.74
62	53	-84.48
62	58	-86.36
62	63	-94.44
62	64	-91.87
62	66	-93.19
62	68	-92.60
62	69	-88.90
63	1	-71.63
63	2	-93.17
63	4	-92.14
63	7	-90.57
63	9	-91.37
63	11	-88.53
63	22	-66.45
63	27	-94.70
63	28	-88.39
63	32	-92.90
63	35	-90.27
63	36	-94.41
63	44	-94.79
63	50	-76.46
63	52	-84.16
63	53	-85.55
63	57	-94.07
63	62	-94.44
63	64	-82.90
63	65	-86.69
63	69	-89.30
64	1	-81.74
64	2	-86.91
64	4	-82.61
64	5	-89.56
64	7	-79.24
64	9	-89.26
64	11	-79.07
64	17	-92.23
64	21	-90.97
64	22	-80.37
64	25	-92.72
64	27	-92.45
64	28	-72.51
64	29	-93.89
64	31	-91.87
64	32	-83.03
64	35	-80.32
64	36	-89.40
64	37	-91.85
64	38	-91.27
64	39	-94.13
64	42	-91.68
64	44	-86.59
64	47	-94.14
64	49	-94.08
64	50	-74.88
64	51	-93.53
64	52	-55.98
64	53	-79.65
64	57	-91.68
64	62	-91.87
64	63	-82.90
64	65	-86.53
64	66	-91.61
64	69	-76.32
65	1	-80.53
65	4	-88.57
65	5	-94.83
65	6	-92.37
65	7	-92.60
65	9	-73.97
65	11	-81.82
65	17	-90.07
65	22	-82.91
65	28	-90.04
65	32	-92.03
65	35	-93.50
65	36	-86.07
65	38	-90.43
65	42	-87.66
65	44	-93.46
65	50	-80.68
65	52	-85.61
65	53	-93.01
65	57	-81.66
65	63	-86.69
65	64	-86.53
65	67	-93.02
65	69	-91.70
66	2	-85.87
66	3	-84.29
66	4	-87.30
66	5	-77.36
66	7	-84.50
66	8	-84.29
66	10	-91.10
66	11	-91.96
66	12	-82.99
66	13	-86.04
66	15	-77.43
66	16	-83.02
66	17	-93.68
66	19	-92.72
66	21	-86.55
66	23	-92.03
66	25	-87.59
66	26	-83.47
66	27	-93.87
66	28	-87.24
66	29	-75.89
66	30	-87.38
66	31	-45.20
66	32	-81.66
66	34	-83.48
66	35	-85.93
66	36	-93.66
66	37	-82.04
66	38	-92.02
66	39	-93.86
66	40	-94.27
66	41	-89.83
66	42	-94.93
66	43	-87.48
66	44	-78.62
66	45	-95.00
66	46	-85.60
66	47	-68.26
66	49	-79.44
66	51	-83.56
66	52	-91.27
66	53	-92.06
66	55	-84.48
66	56	-92.73
66	58	-86.93
66	59	-94.76
66	60	-86.19
66	61	-88.20
66	62	-93.19
66	64	-91.61
66	68	-90.29
66	69	-86.19
66	70	-94.64
67	4	-89.09
67	5	-91.11
67	6	-63.58
67	9	-89.05
67	11	-90.14
67	12	-94.13
67	14	-69.30
67	17	-72.35
67	18	-85.60
67	20	-87.14
67	28	-94.84
67	32	-92.49
67	33	-86.50
67	34	-93.53
67	36	-80.70
67	38	-76.62
67	40	-90.90
67	42	-76.46
67	43	-90.89
67	44	-91.77
67	48	-89.02
67	51	-89.04
67	52	-94.48
67	54	-81.50
67	55	-94.91
67	57	-85.90
67	65	-93.02
68	2	-91.19
68	3	-90.95
68	7	-94.76
68	8	-79.22
68	10	-53.97
68	12	-94.40
68	13	-90.66
68	15	-90.39
68	16	-77.17
68	19	-87.48
68	21	-87.68
68	24	-88.32
68	25	-85.67
68	26	-91.64
68	27	-92.94
68	29	-83.84
68	30	-72.97
68	31	-89.66
68	34	-94.94
68	35	-94.27
68	37	-85.20
68	39	-91.19
68	41	-91.45
68	46	-86.72
68	47	-88.39
68	49	-81.94
68	55	-94.35
68	58	-78.82
68	60	-89.37
68	61	-85.12
68	62	-92.60
68	66	-90.29
69	1	-89.19
69	2	-79.32
69	4	-81.73
69	5	-85.35
69	7	-55.31
69	8	-93.94
69	9	-92.88
69	11	-84.01
69	12	-93.70
69	15	-92.35
69	16	-91.54
69	17	-92.83
69	19	-92.06
69	21	-85.49
69	22	-88.26
69	25	-87.97
69	26	-94.75
69	27	-89.76
69	28	-60.53
69	29	-88.93
69	31	-86.45
69	32	-76.09
69	34	-93.68
69	35	-64.41
69	36	-90.95
69	37	-86.11
69	38	-91.47
69	39	-91.28
69	42	-93.01
69	43	-94.73
69	44	-81.20
69	47	-89.65
69	49	-89.18
69	50	-85.55
69	51	-90.95
69	52	-76.78
69	53	-78.87
69	55	-94.64
69	57	-94.33
69	58	-90.83
69	62	-88.90
69	63	-89.30
69	64	-76.32
69	65	-91.70
69	66	-86.19
70	3	-85.54
70	8	-93.07
70	12	-87.89
70	13	-84.49
70	15	-89.57
70	23	-69.40
70	26	-85.90
70	30	-94.38
70	31	-94.64
70	34	-88.28
70	40	-90.43
70	41	-81.41
70	43	-89.56
70	45	-60.86
70	46	-88.25
70	47	-92.75
70	48	-92.89
70	51	-93.28
70	55	-86.19
70	56	-81.07
70	59	-57.79
70	60	-85.64
70	61	-89.17
70	66	-94.64
