1	3	-94.14
1	4	-81.65
1	7	-90.95
1	9	-81.96
1	12	-86.99
1	14	-84.41
1	15	-51.76
1	16	-81.92
1	21	-94.32
1	22	-88.61
1	26	-90.19
1	28	-73.64
1	30	-87.19
2	5	-92.66
2	6	-93.03
2	10	-83.45
2	13	-78.33
2	17	-80.70
2	19	-89.79
2	29	-90.52
3	1	-94.14
3	4	-94.33
3	5	-75.39
3	6	-81.20
3	7	-94.70
3	8	-87.43
3	10	-88.70
3	12	-87.80
3	14	-85.18
3	15	-94.26
3	17	-89.45
3	18	-88.69
3	19	-87.25
3	20	-90.46
3	21	-88.69
3	22	-80.70
3	23	-94.93
3	24	-84.14
3	26	-81.21
3	29	-90.98
3	30	-85.64
4	1	-81.65
4	3	-94.33
4	9	-88.33
4	12	-92.38
4	14	-83.90
4	15	-83.32
4	16	-91.66
4	22	-91.50
4	23	-94.03
4	25	-92.90
4	26	-87.88
4	28	-87.51
4	30	-83.50
5	2	-92.66
5	3	-75.39
5	6	-83.84
5	8	-86.71
5	10	-85.66
5	12	-91.27
5	13	-92.60
5	14	-91.02
5	17	-85.45
5	18	-87.51
5	19	-79.04
5	20	-88.50
5	21	-89.42
5	22	-86.84
5	24	-80.20
5	26	-88.29
5	29	-91.02
5	30	-91.29
6	2	-93.03
6	3	-81.20
6	5	-83.84
6	8	-94.40
6	10	-82.74
6	11	-93.03
6	12	-94.28
6	14	-89.17
6	17	-85.56
6	19	-90.14
6	22	-90.01
6	23	-89.82
6	24	-91.73
6	25	-92.16
6	26	-82.97
6	29	-81.25
6	30	-87.33
7	1	-90.95
7	3	-94.70
7	8	-88.93
7	9	-94.26
7	12	-81.85
7	14	-92.95
7	15	-90.11
7	16	-81.96
7	18	-89.65
7	20	-91.61
7	21	-84.50
7	22	-88.59
7	24	-93.03
7	27	-92.13
7	28	-89.70
8	3	-87.43
8	5	-86.71
8	6	-94.40
8	7	-88.93
8	12	-85.46
8	14	-92.75
8	16	-93.90
8	18	-56.73
8	19	-88.95
8	20	-71.65
8	21	-69.97
8	22	-85.27
8	24	-74.36
8	26	-93.26
8	27	-88.22
8	30	-94.42
9	1	-81.96
9	4	-88.33
9	7	-94.26
9	12	-93.67
9	14	-93.08
9	15	-81.69
9	16	-86.40
9	28	-76.54
9	30	-94.40
10	2	-83.45
10	3	-88.70
10	5	-85.66
10	6	-82.74
10	13	-88.29
10	17	-64.36
10	19	-86.57
10	23	-94.85
10	24	-92.76
10	26	-92.60
10	29	-81.17
11	6	-93.03
11	23	-71.52
11	25	-73.06
11	26	-93.87
11	29	-90.95
11	30	-94.14
12	1	-86.99
12	3	-87.80
12	4	-92.38
12	5	-91.27
12	6	-94.28
12	7	-81.85
12	8	-85.46
12	9	-93.67
12	14	-84.82
12	15	-86.41
12	16	-83.64
12	18	-87.12
12	20	-90.00
12	21	-81.22
12	22	-74.84
12	24	-88.83
12	26	-88.88
12	27	-94.60
12	28	-88.59
12	30	-88.59
13	2	-78.33
13	5	-92.60
13	10	-88.29
13	17	-85.43
13	19	-87.36
13	29	-94.70
14	1	-84.41
14	3	-85.18
14	4	-83.90
14	5	-91.02
14	6	-89.17
14	7	-92.95
14	8	-92.75
14	9	-93.08
14	12	-84.82
14	15	-85.07
14	16	-90.04
14	18	-93.87
14	21	-91.76
14	22	-79.95
14	23	-93.61
14	24	-92.88
14	25	-93.77
14	26	-74.68
14	28	-89.56
14	30	-68.12
15	1	-51.76
15	3	-94.26
15	4	-83.32
15	7	-90.11
15	9	-81.69
15	12	-86.41
15	14	-85.07
15	16	-80.08
15	21	-93.95
15	22	-88.50
15	26	-90.69
15	28	-71.07
15	30	-87.93
16	1	-81.92
16	4	-91.66
16	7	-81.96
16	8	-93.90
16	9	-86.40
16	12	-83.64
16	14	-90.04
16	15	-80.08
16	18	-94.70
16	21	-91.12
16	22	-88.98
16	26	-94.11
16	28	-77.26
16	30	-92.70
17	2	-80.70
17	3	-89.45
17	5	-85.45
17	6	-85.56
17	10	-64.36
17	13	-85.43
17	19	-84.44
17	24	-92.18
17	26	-93.84
17	29	-84.96
18	3	-88.69
18	5	-87.51
18	7	-89.65
18	8	-56.73
18	12	-87.12
18	14	-93.87
18	16	-94.70
18	19	-88.88
18	20	-65.63
18	21	-73.13
18	22	-87.10
18	24	-75.01
18	26	-94.27
18	27	-86.93
19	2	-89.79
19	3	-87.25
19	5	-79.04
19	6	-90.14
19	8	-88.95
19	10	-86.57
19	13	-87.36
19	17	-84.44
19	18	-88.88
19	20	-88.33
19	21	-92.11
19	22	-92.75
19	24	-82.61
19	26	-94.30
19	29	-93.53
20	3	-90.46
20	5	-88.50
20	7	-91.61
20	8	-71.65
20	12	-90.00
20	18	-65.63
20	19	-88.33
20	21	-79.42
20	22	-89.88
20	24	-76.76
20	27	-85.42
21	1	-94.32
21	3	-88.69
21	5	-89.42
21	7	-84.50
21	8	-69.97
21	12	-81.22
21	14	-91.76
21	15	-93.95
21	16	-91.12
21	18	-73.13
21	19	-92.11
21	20	-79.42
21	22	-83.61
21	24	-81.74
21	26	-93.09
21	27	-88.30
21	30	-93.83
22	1	-88.61
22	3	-80.70
22	4	-91.50
22	5	-86.84
22	6	-90.01
22	7	-88.59
22	8	-85.27
22	12	-74.84
22	14	-79.95
22	15	-88.50
22	16	-88.98
22	18	-87.10
22	19	-92.75
22	20	-89.88
22	21	-83.61
22	24	-86.40
22	26	-83.20
22	28	-91.36
22	30	-84.19
23	3	-94.93
23	4	-94.03
23	6	-89.82
23	10	-94.85
23	11	-71.52
23	14	-93.61
23	25	-68.92
23	26	-90.50
23	29	-88.69
23	30	-90.97
24	3	-84.14
24	5	-80.20
24	6	-91.73
24	7	-93.03
24	8	-74.36
24	10	-92.76
24	12	-88.83
24	14	-92.88
24	17	-92.18
24	18	-75.01
24	19	-82.61
24	20	-76.76
24	21	-81.74
24	22	-86.40
24	26	-92.27
24	27	-91.64
24	30	-94.04
25	4	-92.90
25	6	-92.16
25	11	-73.06
25	14	-93.77
25	23	-68.92
25	26	-91.36
25	29	-91.85
25	30	-91.18
26	1	-90.19
26	3	-81.21
26	4	-87.88
26	5	-88.29
26	6	-82.97
26	8	-93.26
26	10	-92.60
26	11	-93.87
26	12	-88.88
26	14	-74.68
26	15	-90.69
26	16	-94.11
26	17	-93.84
26	18	-94.27
26	19	-94.30
26	21	-93.09
26	22	-83.20
26	23	-90.50
26	24	-92.27
26	25	-91.36
26	28	-93.90
26	29	-91.29
26	30	-68.79
27	7	-92.13
27	8	-88.22
27	12	-94.60
27	18	-86.93
27	20	-85.42
27	21	-88.30
27	24	-91.64
28	1	-73.64
28	4	-87.51
28	7	-89.70
28	9	-76.54
28	12	-88.59
28	14	-89.56
28	15	-71.07
28	16	-77.26
28	22	-91.36
28	26	-93.90
28	30	-91.78
29	2	-90.52
29	3	-90.98
29	5	-91.02
29	6	-81.25
29	10	-81.17
29	11	-90.95
29	13	-94.70
29	17	-84.96
29	19	-93.53
29	23	-88.69
29	25	-91.85
29	26	-91.29
29	30	-93.58
30	1	-87.19
30	3	-85.64
30	4	-83.50
30	5	-91.29
30	6	-87.33
30	8	-94.42
30	9	-94.40
30	11	-94.14
30	12	-88.59
30	14	-68.12
30	15	-87.93
30	16	-92.70
30	21	-93.83
30	22	-84.19
30	23	-90.97
30	24	-94.04
30	25	-91.18
30	26	-68.79
30	28	-91.78
30	29	-93.58
