1	9	-86.16
1	17	-84.90
1	27	-76.60
1	28	-91.36
1	37	-91.12
1	42	-79.52
1	44	-89.06
1	47	-88.70
1	49	-75.11
1	52	-66.11
1	56	-56.59
1	58	-90.34
1	63	-94.94
1	64	-83.57
1	70	-66.45
1	75	-80.70
1	77	-85.97
1	78	-78.20
1	80	-66.84
2	3	-94.48
2	4	-82.90
2	7	-89.32
2	8	-93.00
2	9	-88.39
2	10	-75.89
2	11	-89.15
2	12	-88.70
2	13	-87.24
2	14	-81.57
2	16	-94.86
2	17	-93.40
2	18	-87.43
2	19	-89.79
2	20	-77.55
2	21	-93.50
2	22	-90.10
2	23	-86.65
2	24	-84.67
2	25	-88.80
2	26	-85.05
2	27	-92.66
2	28	-88.91
2	29	-88.87
2	30	-87.28
2	33	-86.31
2	34	-80.62
2	35	-89.20
2	36	-91.00
2	37	-91.29
2	38	-89.63
2	39	-91.47
2	40	-93.69
2	41	-92.68
2	43	-89.58
2	44	-86.21
2	47	-85.85
2	48	-92.72
2	50	-93.21
2	53	-90.62
2	57	-82.33
2	58	-88.63
2	59	-85.93
2	63	-64.56
2	64	-91.26
2	65	-64.75
2	68	-92.25
2	69	-72.95
2	71	-93.93
2	72	-92.03
2	74	-88.62
2	76	-93.66
2	77	-91.89
2	79	-94.48
3	2	-94.48
3	5	-80.06
3	6	-90.24
3	12	-88.19
3	14	-88.75
3	15	-89.63
3	16	-84.92
3	18	-88.36
3	24	-93.16
3	32	-92.45
3	34	-90.42
3	37	-93.69
3	38	-90.96
3	39	-87.33
3	40	-71.70
3	45	-82.07
3	46	-89.54
3	48	-76.96
3	50	-85.80
3	54	-77.91
3	57	-86.74
3	58	-94.01
3	59	-88.54
3	60	-90.44
3	61	-84.78
3	62	-80.32
3	67	-88.80
3	71	-85.44
3	73	-86.21
3	74	-83.72
3	76	-69.97
3	79	-84.18
4	2	-82.90
4	7	-75.49
4	8	-85.30
4	9	-92.49
4	10	-74.26
4	11	-82.91
4	12	-91.98
4	13	-81.68
4	14	-89.07
4	19	-81.65
4	20	-66.45
4	21	-84.83
4	22	-85.22
4	23	-76.24
4	24	-85.87
4	25	-85.97
4	26	-76.88
4	28	-89.75
4	29	-76.78
4	30	-69.33
4	31	-90.08
4	33	-66.67
4	34	-91.73
4	35	-76.68
4	36	-87.49
4	38	-91.33
4	39	-94.16
4	41	-91.36
4	43	-80.85
4	44	-93.87
4	47	-93.47
4	51	-89.05
4	53	-84.08
4	57	-90.87
4	59	-90.38
4	63	-84.85
4	64	-94.31
4	65	-80.21
4	68	-83.18
4	69	-73.69
4	72	-86.45
5	3	-80.06
5	6	-81.50
5	12	-94.11
5	14	-93.35
5	15	-82.54
5	16	-75.19
5	18	-87.93
5	32	-84.66
5	34	-91.71
5	37	-91.57
5	39	-93.90
5	40	-86.41
5	45	-67.79
5	46	-82.27
5	48	-76.04
5	50	-93.12
5	54	-52.05
5	57	-91.36
5	58	-92.87
5	59	-93.95
5	60	-83.88
5	61	-66.56
5	62	-67.79
5	67	-77.64
5	71	-78.27
5	73	-93.29
5	74	-84.67
5	76	-74.86
5	79	-92.20
6	3	-90.24
6	5	-81.50
6	15	-69.71
6	16	-75.65
6	17	-92.40
6	18	-88.25
6	32	-77.64
6	34	-92.63
6	37	-88.13
6	40	-93.56
6	44	-93.66
6	45	-78.48
6	46	-69.00
6	47	-94.33
6	48	-85.07
6	54	-82.89
6	57	-94.61
6	58	-90.78
6	60	-70.88
6	61	-76.96
6	62	-85.05
6	67	-74.55
6	71	-77.66
6	74	-87.79
6	75	-94.46
6	76	-86.75
6	77	-92.26
7	2	-89.32
7	4	-75.49
7	8	-84.33
7	10	-84.78
7	11	-80.11
7	12	-93.61
7	13	-81.01
7	14	-92.26
7	19	-75.89
7	20	-81.50
7	21	-80.88
7	22	-88.22
7	23	-74.27
7	24	-88.00
7	25	-89.80
7	26	-83.86
7	28	-93.46
7	29	-78.37
7	30	-60.53
7	31	-87.74
7	33	-65.46
7	35	-58.93
7	36	-85.76
7	38	-92.40
7	41	-90.64
7	43	-83.20
7	51	-87.97
7	53	-86.29
7	57	-94.03
7	59	-92.61
7	63	-90.79
7	65	-87.93
7	68	-81.14
7	69	-84.48
7	72	-82.28
8	2	-93.00
8	4	-85.30
8	7	-84.33
8	9	-94.58
8	10	-87.85
8	11	-92.26
8	13	-92.40
8	19	-90.66
8	20	-87.68
8	21	-69.71
8	22	-78.84
8	23	-89.62
8	25	-83.69
8	26	-81.46
8	28	-89.88
8	29	-73.89
8	30	-84.50
8	31	-74.49
8	33	-85.33
8	35	-86.58
8	36	-94.98
8	43	-71.63
8	51	-68.00
8	53	-73.13
8	63	-93.16
8	65	-91.04
8	68	-61.48
8	69	-89.05
8	72	-93.21
9	1	-86.16
9	2	-88.39
9	4	-92.49
9	8	-94.58
9	10	-88.02
9	14	-94.84
9	17	-87.63
9	18	-91.88
9	20	-90.62
9	22	-88.97
9	25	-85.73
9	26	-88.74
9	27	-79.72
9	28	-77.55
9	29	-92.87
9	30	-94.96
9	33	-94.66
9	34	-89.43
9	37	-89.99
9	42	-85.64
9	43	-91.69
9	44	-82.42
9	47	-80.86
9	49	-86.08
9	52	-89.11
9	53	-90.99
9	56	-86.62
9	57	-94.35
9	58	-87.11
9	63	-85.46
9	64	-66.95
9	65	-87.04
9	68	-94.88
9	69	-89.17
9	70	-88.23
9	74	-94.42
9	75	-88.81
9	77	-86.36
9	78	-87.41
9	80	-86.59
10	2	-75.89
10	4	-74.26
10	7	-84.78
10	8	-87.85
10	9	-88.02
10	11	-88.07
10	12	-92.20
10	13	-86.60
10	14	-87.89
10	18	-92.48
10	19	-87.81
10	20	-64.93
10	21	-88.83
10	22	-83.96
10	23	-84.14
10	24	-87.38
10	25	-82.85
10	26	-74.45
10	27	-93.69
10	28	-85.50
10	29	-81.69
10	30	-81.92
10	31	-92.48
10	33	-80.88
10	34	-88.06
10	35	-85.42
10	36	-91.00
10	37	-94.61
10	38	-92.27
10	39	-94.45
10	41	-93.60
10	43	-82.62
10	44	-89.80
10	47	-89.22
10	51	-90.87
10	53	-84.39
10	57	-89.05
10	58	-92.35
10	59	-90.25
10	63	-76.88
10	64	-90.61
10	65	-68.03
10	68	-86.89
10	69	-58.93
10	72	-90.94
10	74	-93.53
10	77	-94.33
11	2	-89.15
11	4	-82.91
11	7	-80.11
11	8	-92.26
11	10	-88.07
11	12	-88.13
11	13	-60.53
11	14	-88.39
11	19	-62.76
11	20	-84.90
11	21	-90.38
11	22	-93.83
11	23	-68.79
11	24	-79.98
11	25	-94.44
11	26	-90.11
11	29	-88.57
11	30	-80.08
11	31	-94.28
11	33	-79.42
11	34	-94.48
11	35	-76.46
11	36	-69.90
11	38	-85.56
11	39	-90.20
11	41	-81.28
11	43	-91.04
11	50	-92.37
11	51	-94.50
11	53	-92.89
11	55	-93.82
11	57	-91.04
11	59	-87.45
11	63	-91.33
11	65	-89.17
11	66	-88.81
11	68	-90.54
11	69	-86.70
11	72	-67.64
11	79	-94.14
12	2	-88.70
12	3	-88.19
12	4	-91.98
12	5	-94.11
12	7	-93.61
12	10	-92.20
12	11	-88.13
12	13	-86.47
12	14	-76.28
12	16	-94.52
12	18	-91.50
12	19	-90.31
12	20	-90.96
12	23	-89.35
12	24	-77.48
12	30	-92.80
12	33	-92.17
12	34	-89.56
12	35	-92.59
12	36	-86.19
12	38	-66.84
12	39	-66.84
12	40	-83.78
12	41	-83.29
12	45	-93.87
12	48	-90.45
12	50	-75.39
12	54	-93.35
12	55	-89.52
12	57	-79.99
12	59	-63.90
12	62	-94.70
12	63	-90.87
12	65	-90.75
12	66	-86.22
12	69	-90.73
12	71	-94.13
12	72	-90.06
12	73	-83.88
12	74	-89.30
12	76	-89.82
12	79	-80.19
13	2	-87.24
13	4	-81.68
13	7	-81.01
13	8	-92.40
13	10	-86.60
13	11	-60.53
13	12	-86.47
13	14	-86.25
13	19	-69.87
13	20	-83.13
13	21	-90.86
13	22	-93.46
13	23	-67.54
13	24	-76.24
13	25	-93.90
13	26	-89.40
13	29	-88.42
13	30	-80.11
13	31	-94.70
13	33	-79.04
13	34	-93.09
13	35	-77.94
13	36	-72.00
13	38	-83.93
13	39	-88.98
13	41	-81.28
13	43	-90.81
13	50	-91.38
13	51	-94.70
13	53	-92.64
13	55	-93.79
13	57	-89.26
13	59	-85.42
13	63	-89.77
13	65	-87.48
13	66	-88.90
13	68	-90.77
13	69	-84.90
13	72	-74.25
13	73	-94.51
13	79	-93.26
14	2	-81.57
14	3	-88.75
14	4	-89.07
14	5	-93.35
14	7	-92.26
14	9	-94.84
14	10	-87.89
14	11	-88.39
14	12	-76.28
14	13	-86.25
14	15	-94.65
14	16	-92.63
14	18	-86.93
14	19	-90.13
14	20	-86.95
14	23	-88.11
14	24	-77.36
14	26	-92.53
14	29	-94.06
14	30	-90.99
14	33	-90.19
14	34	-82.89
14	35	-91.48
14	36	-88.29
14	37	-92.99
14	38	-80.34
14	39	-81.86
14	40	-86.40
14	41	-88.07
14	44	-91.18
14	45	-92.38
14	46	-94.69
14	47	-91.32
14	48	-88.57
14	50	-84.86
14	54	-92.63
14	55	-94.26
14	57	-65.83
14	58	-91.54
14	59	-68.68
14	60	-94.98
14	62	-94.56
14	63	-84.70
14	65	-85.15
14	66	-91.51
14	69	-85.99
14	71	-91.89
14	72	-91.04
14	73	-89.71
14	74	-85.17
14	76	-88.86
14	77	-94.91
14	79	-87.01
15	3	-89.63
15	5	-82.54
15	6	-69.71
15	14	-94.65
15	16	-71.43
15	17	-89.60
15	18	-84.01
15	27	-94.77
15	32	-84.14
15	34	-89.63
15	37	-83.67
15	40	-92.81
15	44	-90.69
15	45	-77.36
15	46	-28.70
15	47	-91.51
15	48	-82.83
15	54	-83.34
15	57	-92.59
15	58	-87.06
15	60	-49.41
15	61	-80.45
15	62	-86.63
15	67	-81.28
15	71	-71.07
15	74	-84.26
15	75	-92.32
15	76	-85.55
15	77	-89.23
16	2	-94.86
16	3	-84.92
16	5	-75.19
16	6	-75.65
16	12	-94.52
16	14	-92.63
16	15	-71.43
16	17	-91.93
16	18	-82.62
16	32	-85.11
16	34	-88.48
16	37	-86.21
16	39	-94.84
16	40	-89.24
16	44	-91.43
16	45	-62.82
16	46	-71.07
16	47	-92.19
16	48	-74.88
16	50	-94.55
16	54	-75.89
16	57	-90.27
16	58	-88.36
16	59	-93.90
16	60	-74.16
16	61	-75.11
16	62	-81.85
16	63	-94.67
16	67	-79.98
16	71	-57.15
16	74	-80.30
16	75	-94.56
16	76	-78.91
16	77	-91.28
16	79	-94.12
17	1	-84.90
17	2	-93.40
17	6	-92.40
17	9	-87.63
17	15	-89.60
17	16	-91.93
17	18	-87.40
17	27	-78.68
17	28	-93.38
17	34	-88.88
17	37	-76.78
17	42	-91.48
17	44	-80.08
17	45	-93.61
17	46	-89.80
17	47	-80.85
17	48	-93.74
17	49	-90.21
17	52	-87.55
17	56	-86.75
17	57	-94.75
17	58	-77.69
17	60	-88.96
17	63	-91.68
17	64	-88.35
17	65	-93.82
17	70	-88.33
17	71	-90.81
17	74	-91.01
17	75	-70.98
17	77	-60.53
17	78	-91.51
17	80	-88.33
18	2	-87.43
18	3	-88.36
18	5	-87.93
18	6	-88.25
18	9	-91.88
18	10	-92.48
18	12	-91.50
18	14	-86.93
18	15	-84.01
18	16	-82.62
18	17	-87.40
18	20	-93.26
18	24	-92.71
18	27	-91.24
18	32	-93.62
18	34	-73.51
18	37	-78.93
18	38	-93.60
18	39	-92.88
18	40	-90.03
18	44	-82.07
18	45	-84.39
18	46	-84.18
18	47	-83.31
18	48	-81.25
18	50	-93.43
18	54	-87.50
18	57	-83.43
18	58	-78.09
18	59	-89.91
18	60	-84.29
18	61	-89.09
18	62	-90.89
18	63	-86.72
18	64	-93.82
18	65	-89.61
18	67	-91.28
18	69	-91.85
18	71	-80.08
18	74	-70.03
18	75	-91.36
18	76	-84.71
18	77	-85.50
18	79	-93.75
19	2	-89.79
19	4	-81.65
19	7	-75.89
19	8	-90.66
19	10	-87.81
19	11	-62.76
19	12	-90.31
19	13	-69.87
19	14	-90.13
19	20	-84.59
19	21	-88.33
19	22	-92.87
19	23	-66.84
19	24	-83.34
19	25	-93.71
19	26	-89.15
19	29	-86.82
19	30	-76.88
19	31	-92.70
19	33	-76.62
19	35	-70.65
19	36	-75.94
19	38	-88.20
19	39	-92.15
19	41	-84.47
19	43	-89.65
19	50	-94.07
19	51	-93.07
19	53	-91.70
19	57	-92.45
19	59	-89.59
19	63	-91.75
19	65	-89.43
19	66	-90.68
19	68	-88.69
19	69	-86.71
19	72	-68.68
20	2	-77.55
20	4	-66.45
20	7	-81.50
20	8	-87.68
20	9	-90.62
20	10	-64.93
20	11	-84.90
20	12	-90.96
20	13	-83.13
20	14	-86.95
20	18	-93.26
20	19	-84.59
20	21	-87.91
20	22	-85.69
20	23	-79.79
20	24	-84.96
20	25	-85.48
20	26	-77.03
20	28	-88.39
20	29	-80.86
20	30	-77.72
20	31	-92.11
20	33	-76.02
20	34	-89.10
20	35	-81.92
20	36	-88.54
20	38	-90.71
20	39	-93.37
20	41	-91.73
20	43	-83.06
20	44	-91.63
20	47	-91.19
20	51	-90.87
20	53	-85.39
20	57	-88.69
20	58	-93.72
20	59	-88.98
20	63	-80.21
20	64	-92.82
20	65	-73.36
20	68	-86.25
20	69	-60.53
20	72	-88.39
20	74	-93.93
21	2	-93.50
21	4	-84.83
21	7	-80.88
21	8	-69.71
21	10	-88.83
21	11	-90.38
21	13	-90.86
21	19	-88.33
21	20	-87.91
21	22	-84.33
21	23	-87.80
21	24	-94.60
21	25	-87.63
21	26	-84.21
21	28	-92.54
21	29	-75.62
21	30	-82.18
21	31	-73.97
21	33	-83.43
21	35	-83.57
21	36	-93.37
21	43	-77.98
21	51	-75.61
21	53	-80.63
21	63	-93.99
21	65	-91.83
21	68	-63.06
21	69	-89.59
21	72	-91.04
22	2	-90.10
22	4	-85.22
22	7	-88.22
22	8	-78.84
22	9	-88.97
22	10	-83.96
22	11	-93.83
22	13	-93.46
22	19	-92.87
22	20	-85.69
22	21	-84.33
22	23	-91.12
22	25	-66.11
22	26	-74.36
22	28	-81.01
22	29	-78.37
22	30	-87.19
22	31	-86.22
22	33	-87.36
22	35	-89.76
22	42	-94.62
22	43	-71.43
22	44	-94.38
22	47	-93.77
22	51	-81.82
22	53	-63.12
22	63	-89.45
22	64	-89.96
22	65	-87.42
22	68	-80.70
22	69	-86.15
23	2	-86.65
23	4	-76.24
23	7	-74.27
23	8	-89.62
23	10	-84.14
23	11	-68.79
23	12	-89.35
23	13	-67.54
23	14	-88.11
23	19	-66.84
23	20	-79.79
23	21	-87.80
23	22	-91.12
23	24	-81.18
23	25	-91.83
23	26	-86.45
23	28	-94.42
23	29	-84.69
23	30	-72.40
23	31	-92.42
23	33	-70.65
23	34	-93.34
23	35	-69.71
23	36	-79.04
23	38	-87.64
23	39	-91.62
23	41	-85.83
23	43	-87.77
23	50	-93.65
23	51	-92.37
23	53	-90.04
23	57	-90.62
23	59	-88.13
23	63	-89.00
23	65	-86.11
23	66	-91.73
23	68	-87.62
23	69	-82.61
23	72	-77.03
24	2	-84.67
24	3	-93.16
24	4	-85.87
24	7	-88.00
24	10	-87.38
24	11	-79.98
24	12	-77.48
24	13	-76.24
24	14	-77.36
24	18	-92.71
24	19	-83.34
24	20	-84.96
24	21	-94.60
24	23	-81.18
24	26	-91.43
24	29	-91.89
24	30	-86.78
24	33	-85.83
24	34	-89.56
24	35	-86.50
24	36	-79.34
24	38	-74.93
24	39	-82.52
24	40	-90.62
24	41	-80.68
24	43	-93.51
24	44	-94.76
24	47	-94.73
24	48	-93.80
24	50	-86.16
24	53	-94.89
24	55	-92.18
24	57	-82.66
24	59	-74.69
24	63	-87.81
24	65	-86.45
24	66	-87.57
24	68	-94.22
24	69	-85.30
24	72	-84.16
24	73	-90.70
24	74	-91.72
24	76	-93.77
24	79	-88.74
25	2	-88.80
25	4	-85.97
25	7	-89.80
25	8	-83.69
25	9	-85.73
25	10	-82.85
25	11	-94.44
25	13	-93.90
25	19	-93.71
25	20	-85.48
25	21	-87.63
25	22	-66.11
25	23	-91.83
25	26	-75.18
25	27	-92.95
25	28	-74.88
25	29	-82.00
25	30	-88.57
25	31	-89.37
25	33	-88.54
25	34	-93.89
25	35	-91.04
25	42	-92.79
25	43	-77.72
25	44	-92.46
25	47	-91.74
25	49	-93.84
25	51	-85.93
25	53	-74.36
25	63	-87.64
25	64	-86.99
25	65	-85.89
25	68	-84.79
25	69	-85.32
25	78	-94.19
25	80	-94.87
26	2	-85.05
26	4	-76.88
26	7	-83.86
26	8	-81.46
26	9	-88.74
26	10	-74.45
26	11	-90.11
26	13	-89.40
26	14	-92.53
26	19	-89.15
26	20	-77.03
26	21	-84.21
26	22	-74.36
26	23	-86.45
26	24	-91.43
26	25	-75.18
26	27	-94.74
26	28	-83.18
26	29	-73.23
26	30	-81.65
26	31	-88.31
26	33	-81.46
26	34	-92.44
26	35	-85.52
26	36	-93.08
26	43	-71.49
26	44	-92.66
26	47	-92.06
26	51	-85.67
26	53	-74.45
26	57	-93.47
26	59	-94.11
26	63	-84.89
26	64	-90.60
26	65	-81.18
26	68	-80.84
26	69	-78.18
26	72	-92.22
27	1	-76.60
27	2	-92.66
27	9	-79.72
27	10	-93.69
27	15	-94.77
27	17	-78.68
27	18	-91.24
27	25	-92.95
27	26	-94.74
27	28	-88.41
27	34	-90.66
27	37	-86.13
27	42	-84.48
27	44	-81.35
27	46	-94.91
27	47	-80.66
27	49	-82.91
27	52	-82.19
27	56	-79.07
27	58	-84.12
27	60	-94.39
27	63	-90.52
27	64	-78.99
27	65	-92.38
27	69	-94.23
27	70	-82.06
27	74	-94.17
27	75	-78.33
27	77	-78.48
27	78	-85.05
27	80	-80.84
28	1	-91.36
28	2	-88.91
28	4	-89.75
28	7	-93.46
28	8	-89.88
28	9	-77.55
28	10	-85.50
28	17	-93.38
28	20	-88.39
28	21	-92.54
28	22	-81.01
28	23	-94.42
28	25	-74.88
28	26	-83.18
28	27	-88.41
28	29	-88.42
28	30	-92.30
28	31	-93.75
28	33	-92.12
28	34	-92.51
28	35	-94.28
28	37	-94.64
28	42	-88.36
28	43	-86.17
28	44	-89.23
28	47	-88.26
28	49	-89.61
28	51	-91.22
28	52	-93.19
28	53	-84.55
28	56	-91.32
28	58	-92.44
28	63	-86.82
28	64	-78.97
28	65	-86.51
28	68	-90.58
28	69	-87.43
28	70	-92.25
28	75	-94.14
28	77	-92.48
28	78	-90.20
28	80	-90.84
29	2	-88.87
29	4	-76.78
29	7	-78.37
29	8	-73.89
29	9	-92.87
29	10	-81.69
29	11	-88.57
29	13	-88.42
29	14	-94.06
29	19	-86.82
29	20	-80.86
29	21	-75.62
29	22	-78.37
29	23	-84.69
29	24	-91.89
29	25	-82.00
29	26	-73.23
29	28	-88.42
29	30	-77.03
29	31	-83.45
29	33	-77.94
29	35	-81.44
29	36	-92.01
29	43	-65.24
29	51	-81.17
29	53	-74.00
29	63	-89.39
29	64	-94.18
29	65	-86.36
29	68	-69.87
29	69	-83.20
29	72	-90.30
30	2	-87.28
30	4	-69.33
30	7	-60.53
30	8	-84.50
30	9	-94.96
30	10	-81.92
30	11	-80.08
30	12	-92.80
30	13	-80.11
30	14	-90.99
30	19	-76.88
30	20	-77.72
30	21	-82.18
30	22	-87.19
30	23	-72.40
30	24	-86.78
30	25	-88.57
30	26	-81.65
30	28	-92.30
30	29	-77.03
30	31	-88.58
30	33	-49.41
30	34	-94.20
30	35	-64.93
30	36	-85.80
30	38	-91.72
30	39	-94.72
30	41	-90.52
30	43	-82.13
30	51	-88.30
30	53	-85.42
30	57	-92.83
30	59	-91.59
30	63	-88.95
30	65	-85.64
30	66	-95.00
30	68	-81.57
30	69	-81.50
30	72	-83.25
31	4	-90.08
31	7	-87.74
31	8	-74.49
31	10	-92.48
31	11	-94.28
31	13	-94.70
31	19	-92.70
31	20	-92.11
31	21	-73.97
31	22	-86.22
31	23	-92.42
31	25	-89.37
31	26	-88.31
31	28	-93.75
31	29	-83.45
31	30	-88.58
31	33	-89.37
31	35	-89.43
31	43	-83.06
31	51	-68.46
31	53	-83.35
31	65	-94.87
31	68	-76.46
31	69	-93.26
31	72	-94.63
32	3	-92.45
32	5	-84.66
32	6	-77.64
32	15	-84.14
32	16	-85.11
32	18	-93.62
32	37	-93.72
32	45	-85.17
32	46	-83.88
32	48	-89.91
32	54	-86.06
32	60	-84.55
32	61	-79.93
32	62	-85.45
32	67	-71.07
32	71	-86.72
32	74	-92.83
32	76	-90.34
33	2	-86.31
33	4	-66.67
33	7	-65.46
33	8	-85.33
33	9	-94.66
33	10	-80.88
33	11	-79.42
33	12	-92.17
33	13	-79.04
33	14	-90.19
33	19	-76.62
33	20	-76.02
33	21	-83.43
33	22	-87.36
33	23	-70.65
33	24	-85.83
33	25	-88.54
33	26	-81.46
33	28	-92.12
33	29	-77.94
33	30	-49.41
33	31	-89.37
33	34	-93.59
33	35	-66.84
33	36	-85.33
33	38	-91.10
33	39	-94.19
33	41	-90.10
33	43	-82.63
33	51	-88.98
33	53	-85.79
33	57	-92.12
33	59	-90.87
33	63	-88.16
33	65	-84.66
33	66	-94.70
33	68	-82.66
33	69	-80.19
33	72	-83.13
34	2	-80.62
34	3	-90.42
34	4	-91.73
34	5	-91.71
34	6	-92.63
34	9	-89.43
34	10	-88.06
34	11	-94.48
34	12	-89.56
34	13	-93.09
34	14	-82.89
34	15	-89.63
34	16	-88.48
34	17	-88.88
34	18	-73.51
34	20	-89.10
34	23	-93.34
34	24	-89.56
34	25	-93.89
34	26	-92.44
34	27	-90.66
34	28	-92.51
34	30	-94.20
34	33	-93.59
34	37	-83.62
34	38	-91.59
34	39	-91.64
34	40	-90.81
34	44	-80.11
34	45	-89.37
34	46	-89.75
34	47	-80.84
34	48	-86.15
34	50	-92.72
34	54	-91.22
34	57	-79.32
34	58	-80.21
34	59	-87.27
34	60	-89.79
34	61	-92.92
34	62	-93.85
34	63	-79.65
34	64	-91.98
34	65	-83.99
34	67	-94.78
34	69	-87.19
34	71	-86.93
34	74	-78.20
34	75	-92.38
34	76	-88.22
34	77	-86.82
34	79	-93.48
35	2	-89.20
35	4	-76.68
35	7	-58.93
35	8	-86.58
35	10	-85.42
35	11	-76.46
35	12	-92.59
35	13	-77.94
35	14	-91.48
35	19	-70.65
35	20	-81.92
35	21	-83.57
35	22	-89.76
35	23	-69.71
35	24	-86.50
35	25	-91.04
35	26	-85.52
35	28	-94.28
35	29	-81.44
35	30	-64.93
35	31	-89.43
35	33	-66.84
35	36	-83.38
35	38	-91.16
35	39	-94.39
35	41	-89.00
35	43	-85.44
35	51	-89.73
35	53	-88.13
35	57	-93.43
35	59	-91.63
35	63	-90.89
35	65	-88.12
35	66	-93.82
35	68	-83.90
35	69	-84.78
35	72	-79.24
36	2	-91.00
36	4	-87.49
36	7	-85.76
36	8	-94.98
36	10	-91.00
36	11	-69.90
36	12	-86.19
36	13	-72.00
36	14	-88.29
36	19	-75.94
36	20	-88.54
36	21	-93.37
36	23	-79.04
36	24	-79.34
36	26	-93.08
36	29	-92.01
36	30	-85.80
36	33	-85.33
36	35	-83.38
36	38	-82.42
36	39	-87.91
36	40	-94.92
36	41	-73.01
36	43	-93.97
36	50	-90.27
36	55	-90.86
36	57	-91.00
36	59	-86.27
36	63	-93.05
36	65	-91.46
36	66	-84.38
36	68	-93.56
36	69	-89.71
36	72	-70.14
36	73	-93.26
36	79	-92.27
37	1	-91.12
37	2	-91.29
37	3	-93.69
37	5	-91.57
37	6	-88.13
37	9	-89.99
37	10	-94.61
37	14	-92.99
37	15	-83.67
37	16	-86.21
37	17	-76.78
37	18	-78.93
37	27	-86.13
37	28	-94.64
37	32	-93.72
37	34	-83.62
37	44	-78.29
37	45	-88.55
37	46	-83.97
37	47	-80.11
37	48	-88.50
37	49	-94.48
37	52	-93.02
37	54	-91.59
37	56	-92.31
37	57	-90.98
37	58	-67.51
37	60	-83.02
37	61	-91.50
37	62	-94.07
37	63	-89.82
37	64	-91.50
37	65	-92.38
37	67	-92.42
37	69	-94.46
37	70	-93.47
37	71	-84.38
37	74	-84.63
37	75	-83.94
37	76	-90.87
37	77	-73.97
37	80	-93.32
38	2	-89.63
38	3	-90.96
38	4	-91.33
38	7	-92.40
38	10	-92.27
38	11	-85.56
38	12	-66.84
38	13	-83.93
38	14	-80.34
38	18	-93.60
38	19	-88.20
38	20	-90.71
38	23	-87.64
38	24	-74.93
38	30	-91.72
38	33	-91.10
38	34	-91.59
38	35	-91.16
38	36	-82.42
38	39	-71.81
38	40	-87.19
38	41	-77.82
38	48	-92.97
38	50	-78.46
38	55	-87.78
38	57	-84.01
38	59	-72.46
38	63	-91.83
38	65	-91.28
38	66	-82.73
38	69	-90.81
38	72	-87.41
38	73	-85.23
38	74	-91.89
38	76	-92.43
38	79	-82.73
39	2	-91.47
39	3	-87.33
39	4	-94.16
39	5	-93.90
39	10	-94.45
39	11	-90.20
39	12	-66.84
39	13	-88.98
39	14	-81.86
39	16	-94.84
39	18	-92.88
39	19	-92.15
39	20	-93.37
39	23	-91.62
39	24	-82.52
39	30	-94.72
39	33	-94.19
39	34	-91.64
39	35	-94.39
39	36	-87.91
39	38	-71.81
39	40	-81.82
39	41	-84.03
39	45	-94.00
39	48	-90.76
39	50	-64.75
39	54	-93.11
39	55	-87.18
39	57	-83.78
39	59	-75.19
39	62	-94.17
39	63	-93.24
39	65	-93.21
39	66	-84.78
39	69	-93.20
39	71	-94.61
39	72	-91.53
39	73	-78.84
39	74	-90.50
39	76	-89.73
39	79	-73.89
40	2	-93.69
40	3	-71.70
40	5	-86.41
40	6	-93.56
40	12	-83.78
40	14	-86.40
40	15	-92.81
40	16	-89.24
40	18	-90.03
40	24	-90.62
40	34	-90.81
40	36	-94.92
40	38	-87.19
40	39	-81.82
40	41	-92.90
40	45	-87.43
40	46	-92.75
40	48	-83.02
40	50	-79.12
40	54	-85.06
40	55	-92.82
40	57	-85.06
40	59	-84.98
40	60	-93.43
40	61	-89.61
40	62	-86.38
40	63	-94.71
40	66	-92.81
40	67	-92.60
40	71	-89.37
40	73	-80.36
40	74	-86.04
40	76	-79.72
40	79	-76.54
41	2	-92.68
41	4	-91.36
41	7	-90.64
41	10	-93.60
41	11	-81.28
41	12	-83.29
41	13	-81.28
41	14	-88.07
41	19	-84.47
41	20	-91.73
41	23	-85.83
41	24	-80.68
41	30	-90.52
41	33	-90.10
41	35	-89.00
41	36	-73.01
41	38	-77.82
41	39	-84.03
41	40	-92.90
41	50	-86.60
41	55	-86.11
41	57	-90.66
41	59	-84.76
41	63	-94.56
41	65	-93.51
41	66	-76.20
41	69	-92.39
41	72	-81.06
41	73	-89.87
41	79	-89.00
42	1	-79.52
42	9	-85.64
42	17	-91.48
42	22	-94.62
42	25	-92.79
42	27	-84.48
42	28	-88.36
42	44	-92.28
42	47	-91.73
42	49	-61.70
42	52	-80.30
42	56	-76.99
42	58	-94.12
42	64	-81.17
42	70	-76.88
42	75	-89.78
42	77	-91.69
42	78	-60.28
42	80	-72.95
43	2	-89.58
43	4	-80.85
43	7	-83.20
43	8	-71.63
43	9	-91.69
43	10	-82.62
43	11	-91.04
43	13	-90.81
43	19	-89.65
43	20	-83.06
43	21	-77.98
43	22	-71.43
43	23	-87.77
43	24	-93.51
43	25	-77.72
43	26	-71.49
43	28	-86.17
43	29	-65.24
43	30	-82.13
43	31	-83.06
43	33	-82.63
43	35	-85.44
43	36	-93.97
43	47	-94.99
43	51	-79.07
43	53	-62.82
43	63	-89.62
43	64	-92.87
43	65	-86.95
43	68	-71.79
43	69	-84.55
43	72	-92.58
44	1	-89.06
44	2	-86.21
44	4	-93.87
44	6	-93.66
44	9	-82.42
44	10	-89.80
44	14	-91.18
44	15	-90.69
44	16	-91.43
44	17	-80.08
44	18	-82.07
44	20	-91.63
44	22	-94.38
44	24	-94.76
44	25	-92.46
44	26	-92.66
44	27	-81.35
44	28	-89.23
44	34	-80.11
44	37	-78.29
44	42	-92.28
44	45	-92.80
44	46	-90.86
44	47	-50.17
44	48	-91.59
44	49	-91.77
44	52	-91.63
44	54	-94.84
44	56	-90.19
44	57	-89.59
44	58	-69.47
44	59	-93.87
44	60	-90.44
44	63	-83.26
44	64	-85.62
44	65	-86.97
44	69	-89.90
44	70	-91.64
44	71	-90.06
44	74	-87.06
44	75	-85.38
44	76	-93.38
44	77	-75.93
44	78	-92.93
44	80	-90.98
45	3	-82.07
45	5	-67.79
45	6	-78.48
45	12	-93.87
45	14	-92.38
45	15	-77.36
45	16	-62.82
45	17	-93.61
45	18	-84.39
45	32	-85.17
45	34	-89.37
45	37	-88.55
45	39	-94.00
45	40	-87.43
45	44	-92.80
45	46	-77.06
45	47	-93.47
45	48	-71.81
45	50	-93.52
45	54	-68.55
45	57	-90.07
45	58	-90.19
45	59	-93.41
45	60	-79.26
45	61	-71.21
45	62	-77.72
45	67	-79.07
45	71	-68.87
45	73	-94.20
45	74	-80.99
45	76	-74.93
45	77	-92.97
45	79	-92.91
46	3	-89.54
46	5	-82.27
46	6	-69.00
46	14	-94.69
46	15	-28.70
46	16	-71.07
46	17	-89.80
46	18	-84.18
46	27	-94.91
46	32	-83.88
46	34	-89.75
46	37	-83.97
46	40	-92.75
46	44	-90.86
46	45	-77.06
46	47	-91.67
46	48	-82.74
46	54	-83.11
46	57	-92.63
46	58	-87.28
46	60	-51.76
46	61	-80.08
46	62	-86.41
46	67	-80.91
46	71	-70.98
46	74	-84.33
46	75	-92.49
46	76	-85.43
46	77	-89.43
47	1	-88.70
47	2	-85.85
47	4	-93.47
47	6	-94.33
47	9	-80.86
47	10	-89.22
47	14	-91.32
47	15	-91.51
47	16	-92.19
47	17	-80.85
47	18	-83.31
47	20	-91.19
47	22	-93.77
47	24	-94.73
47	25	-91.74
47	26	-92.06
47	27	-80.66
47	28	-88.26
47	34	-80.84
47	37	-80.11
47	42	-91.73
47	43	-94.99
47	44	-50.17
47	45	-93.47
47	46	-91.67
47	48	-92.25
47	49	-91.27
47	52	-91.36
47	53	-94.96
47	56	-89.80
47	57	-89.88
47	58	-72.76
47	59	-94.00
47	60	-91.28
47	63	-82.64
47	64	-84.48
47	65	-86.40
47	69	-89.42
47	70	-91.30
47	71	-90.89
47	74	-87.89
47	75	-85.64
47	76	-93.95
47	77	-77.09
47	78	-92.45
47	80	-90.55
48	2	-92.72
48	3	-76.96
48	5	-76.04
48	6	-85.07
48	12	-90.45
48	14	-88.57
48	15	-82.83
48	16	-74.88
48	17	-93.74
48	18	-81.25
48	24	-93.80
48	32	-89.91
48	34	-86.15
48	37	-88.50
48	38	-92.97
48	39	-90.76
48	40	-83.02
48	44	-91.59
48	45	-71.81
48	46	-82.74
48	47	-92.25
48	50	-90.38
48	54	-74.07
48	57	-85.55
48	58	-89.31
48	59	-89.82
48	60	-84.01
48	61	-80.76
48	62	-81.28
48	63	-92.97
48	65	-94.55
48	67	-85.69
48	71	-74.66
48	73	-91.68
48	74	-73.97
48	76	-63.90
48	77	-92.82
48	79	-89.88
49	1	-75.11
49	9	-86.08
49	17	-90.21
49	25	-93.84
49	27	-82.91
49	28	-89.61
49	37	-94.48
49	42	-61.70
49	44	-91.77
49	47	-91.27
49	52	-75.73
49	56	-71.21
49	58	-93.45
49	64	-82.04
49	70	-70.80
49	75	-87.99
49	77	-90.61
49	78	-56.73
49	80	-64.36
50	2	-93.21
50	3	-85.80
50	5	-93.12
50	11	-92.37
50	12	-75.39
50	13	-91.38
50	14	-84.86
50	16	-94.55
50	18	-93.43
50	19	-94.07
50	23	-93.65
50	24	-86.16
50	34	-92.72
50	36	-90.27
50	38	-78.46
50	39	-64.75
50	40	-79.12
50	41	-86.60
50	45	-93.52
50	48	-90.38
50	54	-92.28
50	55	-86.62
50	57	-85.82
50	59	-80.25
50	62	-93.12
50	63	-94.71
50	65	-94.83
50	66	-85.85
50	69	-94.93
50	71	-94.45
50	72	-93.41
50	73	-72.35
50	74	-90.85
50	76	-88.96
50	79	-63.30
51	4	-89.05
51	7	-87.97
51	8	-68.00
51	10	-90.87
51	11	-94.50
51	13	-94.70
51	19	-93.07
51	20	-90.87
51	21	-75.61
51	22	-81.82
51	23	-92.37
51	25	-85.93
51	26	-85.67
51	28	-91.22
51	29	-81.17
51	30	-88.30
51	31	-68.46
51	33	-88.98
51	35	-89.73
51	43	-79.07
51	53	-78.20
51	65	-93.48
51	68	-74.25
51	69	-91.92
52	1	-66.11
52	9	-89.11
52	17	-87.55
52	27	-82.19
52	28	-93.19
52	37	-93.02
52	42	-80.30
52	44	-91.63
52	47	-91.36
52	49	-75.73
52	56	-63.12
52	58	-92.55
52	64	-86.75
52	70	-58.16
52	75	-83.31
52	77	-88.70
52	78	-77.64
52	80	-67.73
53	2	-90.62
53	4	-84.08
53	7	-86.29
53	8	-73.13
53	9	-90.99
53	10	-84.39
53	11	-92.89
53	13	-92.64
53	19	-91.70
53	20	-85.39
53	21	-80.63
53	22	-63.12
53	23	-90.04
53	24	-94.89
53	25	-74.36
53	26	-74.45
53	28	-84.55
53	29	-74.00
53	30	-85.42
53	31	-83.35
53	33	-85.79
53	35	-88.13
53	43	-62.82
53	47	-94.96
53	51	-78.20
53	63	-90.34
53	64	-91.96
53	65	-88.09
53	68	-75.76
53	69	-86.33
53	72	-94.28
54	3	-77.91
54	5	-52.05
54	6	-82.89
54	12	-93.35
54	14	-92.63
54	15	-83.34
54	16	-75.89
54	18	-87.50
54	32	-86.06
54	34	-91.22
54	37	-91.59
54	39	-93.11
54	40	-85.06
54	44	-94.84
54	45	-68.55
54	46	-83.11
54	48	-74.07
54	50	-92.28
54	57	-90.57
54	58	-92.76
54	59	-93.20
54	60	-84.63
54	61	-70.98
54	62	-68.55
54	67	-79.86
54	71	-78.51
54	73	-92.51
54	74	-83.82
54	76	-71.81
54	79	-91.32
55	11	-93.82
55	12	-89.52
55	13	-93.79
55	14	-94.26
55	24	-92.18
55	36	-90.86
55	38	-87.78
55	39	-87.18
55	40	-92.82
55	41	-86.11
55	50	-86.62
55	59	-91.63
55	66	-76.46
55	72	-93.35
55	73	-85.62
55	79	-87.27
56	1	-56.59
56	9	-86.62
56	17	-86.75
56	27	-79.07
56	28	-91.32
56	37	-92.31
56	42	-76.99
56	44	-90.19
56	47	-89.80
56	49	-71.21
56	52	-63.12
56	58	-91.52
56	64	-83.69
56	70	-58.16
56	75	-83.11
56	77	-87.64
56	78	-74.88
56	80	-57.79
57	2	-82.33
57	3	-86.74
57	4	-90.87
57	5	-91.36
57	6	-94.61
57	7	-94.03
57	9	-94.35
57	10	-89.05
57	11	-91.04
57	12	-79.99
57	13	-89.26
57	14	-65.83
57	15	-92.59
57	16	-90.27
57	17	-94.75
57	18	-83.43
57	19	-92.45
57	20	-88.69
57	23	-90.62
57	24	-82.66
57	26	-93.47
57	30	-92.83
57	33	-92.12
57	34	-79.32
57	35	-93.43
57	36	-91.00
57	37	-90.98
57	38	-84.01
57	39	-83.78
57	40	-85.06
57	41	-90.66
57	44	-89.59
57	45	-90.07
57	46	-92.63
57	47	-89.88
57	48	-85.55
57	50	-85.82
57	54	-90.57
57	58	-89.55
57	59	-75.53
57	60	-92.97
57	61	-93.28
57	62	-92.90
57	63	-84.58
57	65	-85.99
57	66	-93.29
57	69	-87.47
57	71	-89.37
57	72	-93.31
57	73	-90.08
57	74	-80.86
57	76	-86.21
57	77	-93.44
57	79	-87.36
58	1	-90.34
58	2	-88.63
58	3	-94.01
58	5	-92.87
58	6	-90.78
58	9	-87.11
58	10	-92.35
58	14	-91.54
58	15	-87.06
58	16	-88.36
58	17	-77.69
58	18	-78.09
58	20	-93.72
58	27	-84.12
58	28	-92.44
58	34	-80.21
58	37	-67.51
58	42	-94.12
58	44	-69.47
58	45	-90.19
58	46	-87.28
58	47	-72.76
58	48	-89.31
58	49	-93.45
58	52	-92.55
58	54	-92.76
58	56	-91.52
58	57	-89.55
58	59	-94.07
58	60	-86.70
58	61	-93.14
58	63	-86.64
58	64	-89.22
58	65	-89.77
58	67	-94.24
58	69	-92.23
58	70	-92.81
58	71	-86.68
58	74	-84.55
58	75	-84.59
58	76	-91.50
58	77	-73.01
58	78	-94.51
58	80	-92.44
59	2	-85.93
59	3	-88.54
59	4	-90.38
59	5	-93.95
59	7	-92.61
59	10	-90.25
59	11	-87.45
59	12	-63.90
59	13	-85.42
59	14	-68.68
59	16	-93.90
59	18	-89.91
59	19	-89.59
59	20	-88.98
59	23	-88.13
59	24	-74.69
59	26	-94.11
59	30	-91.59
59	33	-90.87
59	34	-87.27
59	35	-91.63
59	36	-86.27
59	38	-72.46
59	39	-75.19
59	40	-84.98
59	41	-84.76
59	44	-93.87
59	45	-93.41
59	47	-94.00
59	48	-89.82
59	50	-80.25
59	54	-93.20
59	55	-91.63
59	57	-75.53
59	58	-94.07
59	62	-94.78
59	63	-88.50
59	65	-88.43
59	66	-88.41
59	69	-88.57
59	71	-93.38
59	72	-89.86
59	73	-86.75
59	74	-87.85
59	76	-89.55
59	79	-83.57
60	3	-90.44
60	5	-83.88
60	6	-70.88
60	14	-94.98
60	15	-49.41
60	16	-74.16
60	17	-88.96
60	18	-84.29
60	27	-94.39
60	32	-84.55
60	34	-89.79
60	37	-83.02
60	40	-93.43
60	44	-90.44
60	45	-79.26
60	46	-51.76
60	47	-91.28
60	48	-84.01
60	54	-84.63
60	57	-92.97
60	58	-86.70
60	61	-81.87
60	62	-87.63
60	67	-82.27
60	71	-73.51
60	74	-84.95
60	75	-91.72
60	76	-86.59
60	77	-88.66
61	3	-84.78
61	5	-66.56
61	6	-76.96
61	15	-80.45
61	16	-75.11
61	18	-89.09
61	32	-79.93
61	34	-92.92
61	37	-91.50
61	40	-89.61
61	45	-71.21
61	46	-80.08
61	48	-80.76
61	54	-70.98
61	57	-93.28
61	58	-93.14
61	60	-81.87
61	62	-73.01
61	67	-68.87
61	71	-78.70
61	74	-86.84
61	76	-80.93
61	79	-94.41
62	3	-80.32
62	5	-67.79
62	6	-85.05
62	12	-94.70
62	14	-94.56
62	15	-86.63
62	16	-81.85
62	18	-90.89
62	32	-85.45
62	34	-93.85
62	37	-94.07
62	39	-94.17
62	40	-86.38
62	45	-77.72
62	46	-86.41
62	48	-81.28
62	50	-93.12
62	54	-68.55
62	57	-92.90
62	59	-94.78
62	60	-87.63
62	61	-73.01
62	67	-79.44
62	71	-83.90
62	73	-92.72
62	74	-87.99
62	76	-78.82
62	79	-91.92
63	1	-94.94
63	2	-64.56
63	4	-84.85
63	7	-90.79
63	8	-93.16
63	9	-85.46
63	10	-76.88
63	11	-91.33
63	12	-90.87
63	13	-89.77
63	14	-84.70
63	16	-94.67
63	17	-91.68
63	18	-86.72
63	19	-91.75
63	20	-80.21
63	21	-93.99
63	22	-89.45
63	23	-89.00
63	24	-87.81
63	25	-87.64
63	26	-84.89
63	27	-90.52
63	28	-86.82
63	29	-89.39
63	30	-88.95
63	33	-88.16
63	34	-79.65
63	35	-90.89
63	36	-93.05
63	37	-89.82
63	38	-91.83
63	39	-93.24
63	40	-94.71
63	41	-94.56
63	43	-89.62
63	44	-83.26
63	47	-82.64
63	48	-92.97
63	50	-94.71
63	53	-90.34
63	57	-84.58
63	58	-86.64
63	59	-88.50
63	64	-88.92
63	65	-66.45
63	68	-92.63
63	69	-76.04
63	71	-93.67
63	72	-93.83
63	74	-88.69
63	75	-94.12
63	76	-94.09
63	77	-89.99
64	1	-83.57
64	2	-91.26
64	4	-94.31
64	9	-66.95
64	10	-90.61
64	17	-88.35
64	18	-93.82
64	20	-92.82
64	22	-89.96
64	25	-86.99
64	26	-90.60
64	27	-78.99
64	28	-78.97
64	29	-94.18
64	34	-91.98
64	37	-91.50
64	42	-81.17
64	43	-92.87
64	44	-85.62
64	47	-84.48
64	49	-82.04
64	52	-86.75
64	53	-91.96
64	56	-83.69
64	58	-89.22
64	63	-88.92
64	65	-90.06
64	69	-91.68
64	70	-85.43
64	75	-88.57
64	77	-87.59
64	78	-83.64
64	80	-83.23
65	2	-64.75
65	4	-80.21
65	7	-87.93
65	8	-91.04
65	9	-87.04
65	10	-68.03
65	11	-89.17
65	12	-90.75
65	13	-87.48
65	14	-85.15
65	17	-93.82
65	18	-89.61
65	19	-89.43
65	20	-73.36
65	21	-91.83
65	22	-87.42
65	23	-86.11
65	24	-86.45
65	25	-85.89
65	26	-81.18
65	27	-92.38
65	28	-86.51
65	29	-86.36
65	30	-85.64
65	31	-94.87
65	33	-84.66
65	34	-83.99
65	35	-88.12
65	36	-91.46
65	37	-92.38
65	38	-91.28
65	39	-93.21
65	41	-93.51
65	43	-86.95
65	44	-86.97
65	47	-86.40
65	48	-94.55
65	50	-94.83
65	51	-93.48
65	53	-88.09
65	57	-85.99
65	58	-89.77
65	59	-88.43
65	63	-66.45
65	64	-90.06
65	68	-90.30
65	69	-65.83
65	72	-92.00
65	74	-90.92
65	77	-92.40
66	11	-88.81
66	12	-86.22
66	13	-88.90
66	14	-91.51
66	19	-90.68
66	23	-91.73
66	24	-87.57
66	30	-95.00
66	33	-94.70
66	35	-93.82
66	36	-84.38
66	38	-82.73
66	39	-84.78
66	40	-92.81
66	41	-76.20
66	50	-85.85
66	55	-76.46
66	57	-93.29
66	59	-88.41
66	72	-88.08
66	73	-87.51
66	79	-87.70
67	3	-88.80
67	5	-77.64
67	6	-74.55
67	15	-81.28
67	16	-79.98
67	18	-91.28
67	32	-71.07
67	34	-94.78
67	37	-92.42
67	40	-92.60
67	45	-79.07
67	46	-80.91
67	48	-85.69
67	54	-79.86
67	58	-94.24
67	60	-82.27
67	61	-68.87
67	62	-79.44
67	71	-82.51
67	74	-89.87
67	76	-86.05
68	2	-92.25
68	4	-83.18
68	7	-81.14
68	8	-61.48
68	9	-94.88
68	10	-86.89
68	11	-90.54
68	13	-90.77
68	19	-88.69
68	20	-86.25
68	21	-63.06
68	22	-80.70
68	23	-87.62
68	24	-94.22
68	25	-84.79
68	26	-80.84
68	28	-90.58
68	29	-69.87
68	30	-81.57
68	31	-76.46
68	33	-82.66
68	35	-83.90
68	36	-93.56
68	43	-71.79
68	51	-74.25
68	53	-75.76
68	63	-92.63
68	65	-90.30
68	69	-87.96
68	72	-91.56
69	2	-72.95
69	4	-73.69
69	7	-84.48
69	8	-89.05
69	9	-89.17
69	10	-58.93
69	11	-86.70
69	12	-90.73
69	13	-84.90
69	14	-85.99
69	18	-91.85
69	19	-86.71
69	20	-60.53
69	21	-89.59
69	22	-86.15
69	23	-82.61
69	24	-85.30
69	25	-85.32
69	26	-78.18
69	27	-94.23
69	28	-87.43
69	29	-83.20
69	30	-81.50
69	31	-93.26
69	33	-80.19
69	34	-87.19
69	35	-84.78
69	36	-89.71
69	37	-94.46
69	38	-90.81
69	39	-93.20
69	41	-92.39
69	43	-84.55
69	44	-89.90
69	47	-89.42
69	50	-94.93
69	51	-91.92
69	53	-86.33
69	57	-87.47
69	58	-92.23
69	59	-88.57
69	63	-76.04
69	64	-91.68
69	65	-65.83
69	68	-87.96
69	72	-89.93
69	74	-92.74
69	77	-94.47
70	1	-66.45
70	9	-88.23
70	17	-88.33
70	27	-82.06
70	28	-92.25
70	37	-93.47
70	42	-76.88
70	44	-91.64
70	47	-91.30
70	49	-70.80
70	52	-58.16
70	56	-58.16
70	58	-92.81
70	64	-85.43
70	75	-84.78
70	77	-89.24
70	78	-73.43
70	80	-58.61
71	2	-93.93
71	3	-85.44
71	5	-78.27
71	6	-77.66
71	12	-94.13
71	14	-91.89
71	15	-71.07
71	16	-57.15
71	17	-90.81
71	18	-80.08
71	32	-86.72
71	34	-86.93
71	37	-84.38
71	39	-94.61
71	40	-89.37
71	44	-90.06
71	45	-68.87
71	46	-70.98
71	47	-90.89
71	48	-74.66
71	50	-94.45
71	54	-78.51
71	57	-89.37
71	58	-86.68
71	59	-93.38
71	60	-73.51
71	61	-78.70
71	62	-83.90
71	63	-93.67
71	67	-82.51
71	74	-78.05
71	75	-93.69
71	76	-79.52
71	77	-90.03
71	79	-94.13
72	2	-92.03
72	4	-86.45
72	7	-82.28
72	8	-93.21
72	10	-90.94
72	11	-67.64
72	12	-90.06
72	13	-74.25
72	14	-91.04
72	19	-68.68
72	20	-88.39
72	21	-91.04
72	23	-77.03
72	24	-84.16
72	26	-92.22
72	29	-90.30
72	30	-83.25
72	31	-94.63
72	33	-83.13
72	35	-79.24
72	36	-70.14
72	38	-87.41
72	39	-91.53
72	41	-81.06
72	43	-92.58
72	50	-93.41
72	53	-94.28
72	55	-93.35
72	57	-93.31
72	59	-89.86
72	63	-93.83
72	65	-92.00
72	66	-88.08
72	68	-91.56
72	69	-89.93
73	3	-86.21
73	5	-93.29
73	12	-83.88
73	13	-94.51
73	14	-89.71
73	24	-90.70
73	36	-93.26
73	38	-85.23
73	39	-78.84
73	40	-80.36
73	41	-89.87
73	45	-94.20
73	48	-91.68
73	50	-72.35
73	54	-92.51
73	55	-85.62
73	57	-90.08
73	59	-86.75
73	62	-92.72
73	66	-87.51
73	74	-93.01
73	76	-89.95
73	79	-64.93
74	2	-88.62
74	3	-83.72
74	5	-84.67
74	6	-87.79
74	9	-94.42
74	10	-93.53
74	12	-89.30
74	14	-85.17
74	15	-84.26
74	16	-80.30
74	17	-91.01
74	18	-70.03
74	20	-93.93
74	24	-91.72
74	27	-94.17
74	32	-92.83
74	34	-78.20
74	37	-84.63
74	38	-91.89
74	39	-90.50
74	40	-86.04
74	44	-87.06
74	45	-80.99
74	46	-84.33
74	47	-87.89
74	48	-73.97
74	50	-90.85
74	54	-83.82
74	57	-80.86
74	58	-84.55
74	59	-87.85
74	60	-84.95
74	61	-86.84
74	62	-87.99
74	63	-88.69
74	65	-90.92
74	67	-89.87
74	69	-92.74
74	71	-78.05
74	73	-93.01
74	75	-94.16
74	76	-78.82
74	77	-89.63
74	79	-91.03
75	1	-80.70
75	6	-94.46
75	9	-88.81
75	15	-92.32
75	16	-94.56
75	17	-70.98
75	18	-91.36
75	27	-78.33
75	28	-94.14
75	34	-92.38
75	37	-83.94
75	42	-89.78
75	44	-85.38
75	46	-92.49
75	47	-85.64
75	49	-87.99
75	52	-83.31
75	56	-83.11
75	58	-84.59
75	60	-91.72
75	63	-94.12
75	64	-88.57
75	70	-84.78
75	71	-93.69
75	74	-94.16
75	77	-76.17
75	78	-89.41
75	80	-85.32
76	2	-93.66
76	3	-69.97
76	5	-74.86
76	6	-86.75
76	12	-89.82
76	14	-88.86
76	15	-85.55
76	16	-78.91
76	18	-84.71
76	24	-93.77
76	32	-90.34
76	34	-88.22
76	37	-90.87
76	38	-92.43
76	39	-89.73
76	40	-79.72
76	44	-93.38
76	45	-74.93
76	46	-85.43
76	47	-93.95
76	48	-63.90
76	50	-88.96
76	54	-71.81
76	57	-86.21
76	58	-91.50
76	59	-89.55
76	60	-86.59
76	61	-80.93
76	62	-78.82
76	63	-94.09
76	67	-86.05
76	71	-79.52
76	73	-89.95
76	74	-78.82
76	77	-94.60
76	79	-88.11
77	1	-85.97
77	2	-91.89
77	6	-92.26
77	9	-86.36
77	10	-94.33
77	14	-94.91
77	15	-89.23
77	16	-91.28
77	17	-60.53
77	18	-85.50
77	27	-78.48
77	28	-92.48
77	34	-86.82
77	37	-73.97
77	42	-91.69
77	44	-75.93
77	45	-92.97
77	46	-89.43
77	47	-77.09
77	48	-92.82
77	49	-90.61
77	52	-88.70
77	56	-87.64
77	57	-93.44
77	58	-73.01
77	60	-88.66
77	63	-89.99
77	64	-87.59
77	65	-92.40
77	69	-94.47
77	70	-89.24
77	71	-90.03
77	74	-89.63
77	75	-76.17
77	76	-94.60
77	78	-91.89
77	80	-89.02
78	1	-78.20
78	9	-87.41
78	17	-91.51
78	25	-94.19
78	27	-85.05
78	28	-90.20
78	42	-60.28
78	44	-92.93
78	47	-92.45
78	49	-56.73
78	52	-77.64
78	56	-74.88
78	58	-94.51
78	64	-83.64
78	70	-73.43
78	75	-89.41
78	77	-91.89
78	80	-69.69
79	2	-94.48
79	3	-84.18
79	5	-92.20
79	11	-94.14
79	12	-80.19
79	13	-93.26
79	14	-87.01
79	16	-94.12
79	18	-93.75
79	24	-88.74
79	34	-93.48
79	36	-92.27
79	38	-82.73
79	39	-73.89
79	40	-76.54
79	41	-89.00
79	45	-92.91
79	48	-89.88
79	50	-63.30
79	54	-91.32
79	55	-87.27
79	57	-87.36
79	59	-83.57
79	61	-94.41
79	62	-91.92
79	66	-87.70
79	71	-94.13
79	73	-64.93
79	74	-91.03
79	76	-88.11
80	1	-66.84
80	9	-86.59
80	17	-88.33
80	25	-94.87
80	27	-80.84
80	28	-90.84
80	37	-93.32
80	42	-72.95
80	44	-90.98
80	47	-90.55
80	49	-64.36
80	52	-67.73
80	56	-57.79
80	58	-92.44
80	64	-83.23
80	70	-58.61
80	75	-85.32
80	77	-89.02
80	78	-69.69
