1	2	-63.47
1	5	-86.40
1	8	-91.90
1	10	-87.85
2	1	-63.47
2	5	-84.48
2	8	-90.01
2	10	-86.02
3	4	-75.88
3	5	-92.97
3	9	-92.83
4	3	-75.88
4	5	-91.76
4	8	-93.42
4	9	-91.33
5	1	-86.40
5	2	-84.48
5	3	-92.97
5	4	-91.76
5	8	-92.11
5	10	-92.38
6	7	-67.76
6	8	-90.11
6	10	-94.68
7	6	-67.76
7	8	-86.79
7	10	-92.31
8	1	-91.90
8	2	-90.01
8	4	-93.42
8	5	-92.11
8	6	-90.11
8	7	-86.79
8	10	-78.66
9	3	-92.83
9	4	-91.33
10	1	-87.85
10	2	-86.02
10	5	-92.38
10	6	-94.68
10	7	-92.31
10	8	-78.66
