1	2	-90.65
1	3	-94.97
1	4	-88.76
1	5	-93.38
1	6	-94.56
1	9	-87.68
1	11	-91.85
1	12	-92.21
1	14	-90.33
1	15	-86.64
1	16	-93.28
1	17	-90.58
1	18	-93.08
1	19	-87.99
1	20	-90.80
1	21	-92.76
1	22	-93.05
1	23	-89.88
1	24	-93.32
1	25	-77.92
1	26	-90.19
1	28	-92.57
1	29	-73.64
1	31	-86.28
1	32	-93.28
1	34	-90.11
1	36	-84.89
1	37	-92.75
1	38	-90.87
1	39	-90.81
1	40	-92.67
1	41	-81.50
1	42	-90.83
1	43	-92.77
1	45	-94.44
1	47	-87.06
1	48	-86.61
1	50	-84.99
1	51	-90.39
1	52	-87.64
1	53	-91.51
1	54	-89.80
1	55	-84.21
1	56	-91.47
1	57	-91.34
1	58	-87.27
1	59	-84.19
1	60	-90.81
2	1	-90.65
2	4	-84.33
2	7	-80.95
2	8	-86.41
2	9	-67.54
2	10	-83.02
2	11	-89.59
2	13	-92.19
2	15	-70.43
2	20	-79.04
2	24	-68.00
2	25	-93.55
2	29	-92.64
2	30	-86.45
2	31	-89.09
2	32	-71.41
2	33	-82.74
2	34	-92.96
2	38	-87.90
2	40	-87.68
2	43	-91.32
2	52	-83.37
2	54	-77.45
2	57	-78.91
2	59	-88.06
2	60	-93.34
3	1	-94.97
3	5	-64.75
3	6	-59.44
3	14	-82.74
3	17	-94.12
3	18	-80.40
3	19	-86.82
3	23	-84.03
3	25	-91.68
3	26	-94.46
3	27	-89.17
3	28	-69.69
3	29	-92.60
3	35	-87.63
3	36	-88.00
3	37	-92.32
3	39	-85.64
3	41	-92.91
3	45	-88.77
3	46	-72.76
3	47	-87.89
3	48	-85.17
3	50	-89.31
3	51	-77.92
3	56	-84.19
3	58	-84.49
4	1	-88.76
4	2	-84.33
4	7	-92.65
4	8	-92.47
4	9	-84.08
4	10	-87.29
4	13	-82.91
4	14	-94.93
4	15	-82.33
4	20	-71.52
4	23	-94.35
4	24	-86.51
4	25	-88.51
4	26	-86.89
4	29	-88.09
4	31	-93.66
4	32	-89.10
4	33	-91.92
4	34	-81.97
4	36	-91.57
4	37	-91.79
4	38	-94.58
4	43	-78.37
4	44	-93.38
4	48	-93.47
4	49	-89.50
4	52	-53.53
4	54	-71.41
4	56	-94.91
4	57	-73.40
4	59	-92.44
4	60	-82.63
5	1	-93.38
5	3	-64.75
5	6	-68.26
5	14	-81.73
5	17	-92.24
5	18	-81.05
5	19	-83.38
5	23	-83.02
5	25	-90.08
5	26	-93.98
5	27	-89.91
5	28	-66.45
5	29	-90.98
5	35	-88.71
5	36	-86.33
5	37	-92.23
5	39	-82.13
5	41	-90.76
5	42	-93.37
5	45	-89.30
5	46	-78.06
5	47	-84.71
5	48	-83.06
5	50	-86.47
5	51	-70.74
5	56	-83.92
5	58	-80.36
6	1	-94.56
6	3	-59.44
6	5	-68.26
6	14	-80.11
6	17	-94.64
6	18	-76.68
6	19	-87.38
6	23	-81.66
6	25	-90.81
6	26	-93.29
6	27	-87.25
6	28	-65.24
6	29	-91.88
6	35	-85.52
6	36	-86.63
6	37	-90.84
6	39	-86.71
6	41	-92.99
6	45	-86.79
6	46	-68.00
6	47	-88.33
6	48	-83.58
6	50	-89.56
6	51	-78.43
6	56	-81.57
6	58	-84.71
7	2	-80.95
7	4	-92.65
7	8	-85.32
7	9	-83.41
7	10	-87.43
7	11	-87.30
7	15	-85.22
7	20	-89.61
7	24	-78.97
7	30	-71.38
7	31	-90.13
7	32	-70.98
7	33	-78.48
7	38	-85.99
7	40	-83.62
7	52	-92.14
7	54	-89.09
7	57	-89.38
7	59	-90.05
8	2	-86.41
8	4	-92.47
8	7	-85.32
8	9	-89.79
8	10	-76.55
8	13	-94.37
8	15	-90.42
8	20	-88.71
8	24	-81.78
8	30	-89.02
8	32	-84.03
8	33	-71.43
8	40	-94.35
8	52	-92.52
8	54	-89.13
8	57	-88.07
9	1	-87.68
9	2	-67.54
9	4	-84.08
9	7	-83.41
9	8	-89.79
9	10	-87.01
9	11	-87.75
9	13	-92.89
9	15	-55.13
9	20	-80.93
9	24	-77.64
9	25	-91.61
9	26	-94.34
9	29	-90.45
9	30	-87.47
9	31	-86.05
9	32	-77.36
9	33	-86.74
9	34	-92.30
9	36	-94.89
9	38	-85.74
9	40	-86.22
9	41	-94.10
9	43	-91.43
9	52	-82.66
9	53	-94.98
9	54	-78.86
9	55	-92.92
9	57	-81.28
9	59	-84.55
9	60	-92.76
10	2	-83.02
10	4	-87.29
10	7	-87.43
10	8	-76.55
10	9	-87.01
10	13	-89.57
10	15	-87.24
10	20	-81.82
10	24	-78.57
10	30	-91.35
10	32	-83.78
10	33	-79.75
10	34	-94.35
10	40	-94.70
10	43	-90.92
10	52	-87.59
10	54	-82.94
10	57	-80.68
10	60	-94.48
11	1	-91.85
11	2	-89.59
11	7	-87.30
11	9	-87.75
11	12	-87.41
11	15	-88.69
11	16	-94.26
11	20	-94.68
11	21	-89.64
11	22	-93.00
11	24	-91.25
11	30	-85.66
11	31	-76.34
11	32	-88.52
11	33	-93.36
11	38	-58.61
11	40	-66.52
11	41	-93.75
11	52	-94.97
11	53	-87.27
11	54	-93.91
11	55	-89.67
11	57	-94.80
11	59	-79.31
12	1	-92.21
12	11	-87.41
12	16	-81.37
12	17	-88.26
12	19	-94.05
12	21	-61.98
12	22	-77.64
12	31	-84.81
12	38	-88.32
12	40	-90.40
12	41	-88.96
12	42	-86.75
12	47	-93.35
12	50	-92.34
12	53	-49.00
12	55	-81.68
12	59	-86.28
13	2	-92.19
13	4	-82.91
13	8	-94.37
13	9	-92.89
13	10	-89.57
13	15	-92.14
13	20	-84.93
13	24	-92.42
13	25	-94.05
13	26	-88.42
13	29	-94.23
13	32	-94.70
13	34	-83.93
13	37	-92.16
13	43	-72.40
13	44	-86.57
13	49	-85.42
13	52	-84.64
13	54	-86.17
13	57	-84.96
13	60	-83.43
14	1	-90.33
14	3	-82.74
14	4	-94.93
14	5	-81.73
14	6	-80.11
14	17	-94.85
14	18	-68.12
14	19	-87.68
14	23	-49.00
14	25	-83.41
14	26	-86.14
14	27	-81.66
14	28	-75.94
14	29	-85.56
14	34	-89.99
14	35	-81.22
14	36	-74.49
14	37	-83.06
14	39	-88.84
14	41	-91.15
14	43	-94.50
14	45	-79.52
14	46	-81.28
14	47	-88.11
14	48	-69.52
14	49	-91.93
14	50	-88.44
14	51	-81.35
14	52	-94.72
14	56	-60.86
14	58	-84.09
14	60	-90.30
15	1	-86.64
15	2	-70.43
15	4	-82.33
15	7	-85.22
15	8	-90.42
15	9	-55.13
15	10	-87.24
15	11	-88.69
15	13	-92.14
15	20	-79.53
15	24	-79.17
15	25	-90.57
15	26	-93.38
15	29	-89.36
15	30	-88.90
15	31	-86.49
15	32	-79.80
15	33	-87.78
15	34	-91.21
15	36	-94.04
15	38	-86.82
15	40	-87.48
15	41	-93.64
15	43	-90.42
15	52	-80.63
15	54	-77.06
15	55	-92.72
15	57	-80.08
15	59	-84.84
15	60	-91.72
16	1	-93.28
16	11	-94.26
16	12	-81.37
16	17	-79.24
16	19	-90.38
16	21	-77.44
16	22	-60.53
16	31	-91.50
16	38	-94.62
16	39	-90.95
16	41	-86.75
16	42	-75.94
16	47	-89.71
16	50	-89.10
16	51	-94.98
16	53	-81.01
16	55	-82.88
16	58	-92.59
16	59	-91.92
17	1	-90.58
17	3	-94.12
17	5	-92.24
17	6	-94.64
17	12	-88.26
17	14	-94.85
17	16	-79.24
17	19	-81.85
17	21	-86.71
17	22	-81.78
17	23	-94.99
17	25	-92.87
17	28	-93.35
17	29	-92.26
17	31	-92.69
17	36	-93.53
17	39	-82.61
17	41	-79.84
17	42	-56.73
17	47	-80.86
17	48	-92.85
17	50	-80.53
17	51	-89.26
17	53	-87.62
17	55	-82.07
17	58	-85.83
17	59	-92.54
18	1	-93.08
18	3	-80.40
18	5	-81.05
18	6	-76.68
18	14	-68.12
18	19	-89.66
18	23	-70.59
18	25	-87.63
18	26	-88.31
18	27	-78.94
18	28	-74.83
18	29	-89.27
18	34	-91.89
18	35	-76.88
18	36	-81.55
18	37	-84.21
18	39	-90.18
18	41	-93.38
18	45	-77.45
18	46	-75.39
18	47	-90.20
18	48	-78.62
18	49	-92.74
18	50	-90.75
18	51	-83.14
18	56	-65.91
18	58	-86.70
18	60	-92.07
19	1	-87.99
19	3	-86.82
19	5	-83.38
19	6	-87.38
19	12	-94.05
19	14	-87.68
19	16	-90.38
19	17	-81.85
19	18	-89.66
19	21	-93.47
19	22	-91.35
19	23	-88.03
19	25	-87.48
19	26	-94.93
19	27	-94.89
19	28	-84.90
19	29	-87.43
19	31	-94.66
19	35	-94.53
19	36	-86.68
19	37	-94.87
19	39	-66.11
19	41	-78.99
19	42	-83.97
19	45	-94.11
19	46	-90.59
19	47	-51.76
19	48	-84.84
19	50	-65.95
19	51	-76.49
19	53	-93.49
19	55	-87.25
19	56	-89.73
19	58	-66.11
19	59	-94.04
20	1	-90.80
20	2	-79.04
20	4	-71.52
20	7	-89.61
20	8	-88.71
20	9	-80.93
20	10	-81.82
20	11	-94.68
20	13	-84.93
20	15	-79.53
20	24	-80.86
20	25	-91.73
20	26	-91.10
20	29	-91.16
20	30	-93.03
20	31	-93.30
20	32	-85.06
20	33	-88.02
20	34	-87.51
20	36	-94.46
20	37	-94.90
20	38	-93.47
20	40	-93.66
20	43	-83.65
20	49	-92.67
20	52	-71.81
20	54	-53.97
20	57	-45.20
20	59	-92.20
20	60	-87.89
21	1	-92.76
21	11	-89.64
21	12	-61.98
21	16	-77.44
21	17	-86.71
21	19	-93.47
21	22	-72.20
21	31	-87.09
21	38	-90.38
21	39	-94.44
21	40	-92.24
21	41	-88.66
21	42	-84.92
21	47	-92.78
21	50	-91.86
21	53	-63.30
21	55	-81.87
21	58	-94.99
21	59	-88.20
22	1	-93.05
22	11	-93.00
22	12	-77.64
22	16	-60.53
22	17	-81.78
22	19	-91.35
22	21	-72.20
22	31	-90.24
22	38	-93.45
22	39	-92.09
22	41	-87.14
22	42	-79.04
22	47	-90.66
22	50	-89.91
22	53	-77.31
22	55	-82.00
22	58	-93.34
22	59	-90.82
23	1	-89.88
23	3	-84.03
23	4	-94.35
23	5	-83.02
23	6	-81.66
23	14	-49.00
23	17	-94.99
23	18	-70.59
23	19	-88.03
23	25	-82.45
23	26	-85.05
23	27	-81.41
23	28	-77.91
23	29	-84.79
23	34	-89.15
23	35	-81.32
23	36	-72.65
23	37	-81.97
23	39	-89.31
23	41	-91.11
23	43	-93.89
23	45	-79.04
23	46	-82.61
23	47	-88.38
23	48	-68.46
23	49	-91.29
23	50	-88.59
23	51	-82.33
23	52	-94.15
23	56	-60.28
23	58	-84.53
23	60	-89.48
24	1	-93.32
24	2	-68.00
24	4	-86.51
24	7	-78.97
24	8	-81.78
24	9	-77.64
24	10	-78.57
24	11	-91.25
24	13	-92.42
24	15	-79.17
24	20	-80.86
24	29	-94.87
24	30	-85.59
24	31	-91.56
24	32	-68.12
24	33	-76.76
24	34	-94.35
24	38	-89.85
24	40	-89.15
24	43	-92.23
24	52	-86.02
24	54	-80.36
24	57	-80.25
24	59	-90.86
24	60	-94.63
25	1	-77.92
25	2	-93.55
25	3	-91.68
25	4	-88.51
25	5	-90.08
25	6	-90.81
25	9	-91.61
25	13	-94.05
25	14	-83.41
25	15	-90.57
25	17	-92.87
25	18	-87.63
25	19	-87.48
25	20	-91.73
25	23	-82.45
25	26	-83.83
25	27	-90.45
25	28	-88.26
25	29	-58.61
25	31	-92.61
25	34	-85.56
25	35	-91.08
25	36	-72.40
25	37	-86.71
25	39	-90.10
25	41	-85.99
25	42	-93.43
25	43	-90.52
25	45	-89.02
25	46	-92.12
25	47	-87.02
25	48	-77.64
25	49	-91.49
25	50	-85.79
25	51	-87.12
25	52	-87.81
25	54	-91.07
25	55	-90.26
25	56	-84.81
25	57	-92.27
25	58	-85.06
25	59	-91.28
25	60	-86.41
26	1	-90.19
26	3	-94.46
26	4	-86.89
26	5	-93.98
26	6	-93.29
26	9	-94.34
26	13	-88.42
26	14	-86.14
26	15	-93.38
26	18	-88.31
26	19	-94.93
26	20	-91.10
26	23	-85.05
26	25	-83.83
26	27	-85.61
26	28	-91.85
26	29	-85.52
26	34	-70.80
26	35	-87.60
26	36	-83.18
26	37	-74.00
26	41	-94.87
26	43	-83.24
26	44	-89.26
26	45	-84.03
26	46	-93.16
26	47	-94.84
26	48	-85.90
26	49	-78.94
26	50	-94.41
26	51	-93.11
26	52	-87.18
26	54	-91.02
26	56	-85.05
26	57	-91.58
26	58	-93.10
26	60	-71.13
27	3	-89.17
27	5	-89.91
27	6	-87.25
27	14	-81.66
27	18	-78.94
27	19	-94.89
27	23	-81.41
27	25	-90.45
27	26	-85.61
27	28	-86.95
27	29	-91.92
27	34	-89.89
27	35	-60.53
27	36	-86.42
27	37	-77.36
27	43	-94.07
27	44	-93.36
27	45	-56.73
27	46	-84.89
27	48	-86.15
27	49	-88.31
27	51	-91.01
27	56	-77.85
27	58	-92.84
27	60	-89.80
28	1	-92.57
28	3	-69.69
28	5	-66.45
28	6	-65.24
28	14	-75.94
28	17	-93.35
28	18	-74.83
28	19	-84.90
28	23	-77.91
28	25	-88.26
28	26	-91.85
28	27	-86.95
28	29	-89.49
28	34	-94.50
28	35	-85.62
28	36	-83.31
28	37	-89.66
28	39	-84.81
28	41	-91.00
28	42	-94.36
28	45	-86.11
28	46	-75.01
28	47	-85.91
28	48	-79.24
28	50	-87.15
28	51	-73.36
28	56	-78.91
28	58	-81.21
28	60	-94.74
29	1	-73.64
29	2	-92.64
29	3	-92.60
29	4	-88.09
29	5	-90.98
29	6	-91.88
29	9	-90.45
29	13	-94.23
29	14	-85.56
29	15	-89.36
29	17	-92.26
29	18	-89.27
29	19	-87.43
29	20	-91.16
29	23	-84.79
29	24	-94.87
29	25	-58.61
29	26	-85.52
29	27	-91.92
29	28	-89.49
29	31	-91.21
29	34	-86.49
29	35	-92.49
29	36	-76.78
29	37	-88.47
29	38	-94.48
29	39	-90.19
29	41	-84.71
29	42	-92.77
29	43	-90.83
29	45	-90.64
29	46	-93.23
29	47	-86.82
29	48	-80.45
29	49	-92.42
29	50	-85.30
29	51	-87.94
29	52	-87.24
29	53	-94.84
29	54	-90.39
29	55	-88.90
29	56	-86.88
29	57	-91.72
29	58	-85.42
29	59	-89.73
29	60	-87.33
30	2	-86.45
30	7	-71.38
30	8	-89.02
30	9	-87.47
30	10	-91.35
30	11	-85.66
30	15	-88.90
30	20	-93.03
30	24	-85.59
30	31	-90.19
30	32	-80.88
30	33	-84.21
30	38	-84.89
30	40	-81.32
30	52	-94.88
30	54	-92.55
30	57	-92.88
30	59	-90.54
31	1	-86.28
31	2	-89.09
31	4	-93.66
31	7	-90.13
31	9	-86.05
31	11	-76.34
31	12	-84.81
31	15	-86.49
31	16	-91.50
31	17	-92.69
31	19	-94.66
31	20	-93.30
31	21	-87.09
31	22	-90.24
31	24	-91.56
31	25	-92.61
31	29	-91.21
31	30	-90.19
31	32	-89.70
31	33	-94.72
31	38	-74.69
31	40	-80.40
31	41	-88.84
31	42	-92.11
31	47	-93.93
31	50	-92.60
31	52	-92.77
31	53	-84.11
31	54	-92.36
31	55	-83.45
31	57	-93.55
31	59	-58.93
32	1	-93.28
32	2	-71.41
32	4	-89.10
32	7	-70.98
32	8	-84.03
32	9	-77.36
32	10	-83.78
32	11	-88.52
32	13	-94.70
32	15	-79.80
32	20	-85.06
32	24	-68.12
32	30	-80.88
32	31	-89.70
32	33	-77.51
32	38	-86.93
32	40	-85.71
32	43	-94.30
32	52	-88.49
32	54	-84.33
32	57	-84.77
32	59	-89.17
33	2	-82.74
33	4	-91.92
33	7	-78.48
33	8	-71.43
33	9	-86.74
33	10	-79.75
33	11	-93.36
33	15	-87.78
33	20	-88.02
33	24	-76.76
33	30	-84.21
33	31	-94.72
33	32	-77.51
33	38	-92.40
33	40	-91.14
33	52	-91.75
33	54	-88.08
33	57	-87.48
33	59	-94.41
34	1	-90.11
34	2	-92.96
34	4	-81.97
34	9	-92.30
34	10	-94.35
34	13	-83.93
34	14	-89.99
34	15	-91.21
34	18	-91.89
34	20	-87.51
34	23	-89.15
34	24	-94.35
34	25	-85.56
34	26	-70.80
34	27	-89.89
34	28	-94.50
34	29	-86.49
34	35	-91.44
34	36	-86.78
34	37	-82.17
34	43	-75.76
34	44	-88.39
34	45	-88.79
34	48	-89.21
34	49	-78.91
34	52	-82.71
34	54	-87.58
34	56	-89.37
34	57	-88.07
34	58	-94.84
34	60	-47.08
35	3	-87.63
35	5	-88.71
35	6	-85.52
35	14	-81.22
35	18	-76.88
35	19	-94.53
35	23	-81.32
35	25	-91.08
35	26	-87.60
35	27	-60.53
35	28	-85.62
35	29	-92.49
35	34	-91.44
35	36	-86.94
35	37	-80.93
35	39	-94.95
35	44	-94.70
35	45	-65.95
35	46	-82.39
35	47	-94.87
35	48	-86.21
35	49	-90.24
35	51	-90.29
35	56	-77.57
35	58	-92.45
35	60	-91.39
36	1	-84.89
36	3	-88.00
36	4	-91.57
36	5	-86.33
36	6	-86.63
36	9	-94.89
36	14	-74.49
36	15	-94.04
36	17	-93.53
36	18	-81.55
36	19	-86.68
36	20	-94.46
36	23	-72.65
36	25	-72.40
36	26	-83.18
36	27	-86.42
36	28	-83.31
36	29	-76.78
36	34	-86.78
36	35	-86.94
36	37	-83.51
36	39	-88.90
36	41	-88.09
36	42	-94.26
36	43	-92.03
36	45	-84.55
36	46	-88.06
36	47	-86.64
36	48	-63.58
36	49	-90.98
36	50	-86.17
36	51	-83.60
36	52	-91.19
36	54	-94.02
36	55	-92.63
36	56	-77.16
36	57	-94.91
36	58	-83.17
36	59	-94.48
36	60	-87.38
37	1	-92.75
37	3	-92.32
37	4	-91.79
37	5	-92.23
37	6	-90.84
37	13	-92.16
37	14	-83.06
37	18	-84.21
37	19	-94.87
37	20	-94.90
37	23	-81.97
37	25	-86.71
37	26	-74.00
37	27	-77.36
37	28	-89.66
37	29	-88.47
37	34	-82.17
37	35	-80.93
37	36	-83.51
37	43	-88.75
37	44	-89.95
37	45	-74.86
37	46	-90.06
37	47	-94.96
37	48	-85.05
37	49	-81.25
37	50	-94.81
37	51	-92.07
37	52	-91.97
37	54	-94.83
37	56	-80.49
37	58	-92.86
37	60	-82.00
38	1	-90.87
38	2	-87.90
38	4	-94.58
38	7	-85.99
38	9	-85.74
38	11	-58.61
38	12	-88.32
38	15	-86.82
38	16	-94.62
38	20	-93.47
38	21	-90.38
38	22	-93.45
38	24	-89.85
38	29	-94.48
38	30	-84.89
38	31	-74.69
38	32	-86.93
38	33	-92.40
38	40	-64.56
38	41	-93.38
38	52	-93.81
38	53	-88.08
38	54	-92.64
38	55	-89.51
38	57	-93.60
38	59	-77.29
39	1	-90.81
39	3	-85.64
39	5	-82.13
39	6	-86.71
39	14	-88.84
39	16	-90.95
39	17	-82.61
39	18	-90.18
39	19	-66.11
39	21	-94.44
39	22	-92.09
39	23	-89.31
39	25	-90.10
39	28	-84.81
39	29	-90.19
39	35	-94.95
39	36	-88.90
39	41	-83.36
39	42	-84.78
39	45	-94.79
39	46	-90.14
39	47	-70.03
39	48	-86.97
39	50	-75.62
39	51	-76.61
39	53	-94.66
39	55	-89.51
39	56	-90.71
39	58	-73.09
40	1	-92.67
40	2	-87.68
40	7	-83.62
40	8	-94.35
40	9	-86.22
40	10	-94.70
40	11	-66.52
40	12	-90.40
40	15	-87.48
40	20	-93.66
40	21	-92.24
40	24	-89.15
40	30	-81.32
40	31	-80.40
40	32	-85.71
40	33	-91.14
40	38	-64.56
40	52	-94.37
40	53	-90.27
40	54	-92.90
40	55	-91.83
40	57	-93.73
40	59	-82.00
41	1	-81.50
41	3	-92.91
41	5	-90.76
41	6	-92.99
41	9	-94.10
41	11	-93.75
41	12	-88.96
41	14	-91.15
41	15	-93.64
41	16	-86.75
41	17	-79.84
41	18	-93.38
41	19	-78.99
41	21	-88.66
41	22	-87.14
41	23	-91.11
41	25	-85.99
41	26	-94.87
41	28	-91.00
41	29	-84.71
41	31	-88.84
41	36	-88.09
41	38	-93.38
41	39	-83.36
41	42	-80.73
41	47	-76.67
41	48	-87.87
41	50	-71.81
41	51	-86.70
41	52	-94.83
41	53	-88.08
41	55	-76.28
41	56	-92.68
41	58	-81.28
41	59	-87.99
42	1	-90.83
42	5	-93.37
42	12	-86.75
42	16	-75.94
42	17	-56.73
42	19	-83.97
42	21	-84.92
42	22	-79.04
42	25	-93.43
42	28	-94.36
42	29	-92.77
42	31	-92.11
42	36	-94.26
42	39	-84.78
42	41	-80.73
42	47	-83.02
42	48	-93.70
42	50	-82.45
42	51	-90.60
42	53	-86.08
42	55	-81.07
42	58	-87.40
42	59	-92.06
43	1	-92.77
43	2	-91.32
43	4	-78.37
43	9	-91.43
43	10	-90.92
43	13	-72.40
43	14	-94.50
43	15	-90.42
43	20	-83.65
43	23	-93.89
43	24	-92.23
43	25	-90.52
43	26	-83.24
43	27	-94.07
43	29	-90.83
43	32	-94.30
43	34	-75.76
43	36	-92.03
43	37	-88.75
43	44	-87.19
43	45	-93.36
43	48	-93.81
43	49	-82.14
43	52	-80.45
43	54	-84.47
43	56	-94.05
43	57	-84.08
43	60	-75.19
44	4	-93.38
44	13	-86.57
44	26	-89.26
44	27	-93.36
44	34	-88.39
44	35	-94.70
44	37	-89.95
44	43	-87.19
44	45	-93.29
44	49	-79.75
44	52	-94.12
44	60	-87.57
45	1	-94.44
45	3	-88.77
45	5	-89.30
45	6	-86.79
45	14	-79.52
45	18	-77.45
45	19	-94.11
45	23	-79.04
45	25	-89.02
45	26	-84.03
45	27	-56.73
45	28	-86.11
45	29	-90.64
45	34	-88.79
45	35	-65.95
45	36	-84.55
45	37	-74.86
45	39	-94.79
45	43	-93.36
45	44	-93.29
45	46	-84.84
45	47	-94.37
45	48	-84.39
45	49	-87.77
45	50	-94.53
45	51	-90.16
45	56	-74.97
45	58	-91.92
45	60	-88.75
46	3	-72.76
46	5	-78.06
46	6	-68.00
46	14	-81.28
46	18	-75.39
46	19	-90.59
46	23	-82.61
46	25	-92.12
46	26	-93.16
46	27	-84.89
46	28	-75.01
46	29	-93.23
46	35	-82.39
46	36	-88.06
46	37	-90.06
46	39	-90.14
46	45	-84.84
46	47	-91.32
46	48	-85.67
46	50	-92.25
46	51	-83.88
46	56	-81.35
46	58	-88.35
47	1	-87.06
47	3	-87.89
47	5	-84.71
47	6	-88.33
47	12	-93.35
47	14	-88.11
47	16	-89.71
47	17	-80.86
47	18	-90.20
47	19	-51.76
47	21	-92.78
47	22	-90.66
47	23	-88.38
47	25	-87.02
47	26	-94.84
47	28	-85.91
47	29	-86.82
47	31	-93.93
47	35	-94.87
47	36	-86.64
47	37	-94.96
47	39	-70.03
47	41	-76.67
47	42	-83.02
47	45	-94.37
47	46	-91.32
47	48	-85.05
47	50	-59.54
47	51	-78.37
47	53	-92.75
47	55	-86.02
47	56	-90.10
47	58	-68.26
47	59	-93.28
48	1	-86.61
48	3	-85.17
48	4	-93.47
48	5	-83.06
48	6	-83.58
48	14	-69.52
48	17	-92.85
48	18	-78.62
48	19	-84.84
48	23	-68.46
48	25	-77.64
48	26	-85.90
48	27	-86.15
48	28	-79.24
48	29	-80.45
48	34	-89.21
48	35	-86.21
48	36	-63.58
48	37	-85.05
48	39	-86.97
48	41	-87.87
48	42	-93.70
48	43	-93.81
48	45	-84.39
48	46	-85.67
48	47	-85.05
48	49	-92.44
48	50	-84.98
48	51	-79.86
48	52	-93.12
48	55	-92.80
48	56	-74.88
48	58	-80.45
48	60	-89.68
49	4	-89.50
49	13	-85.42
49	14	-91.93
49	18	-92.74
49	20	-92.67
49	23	-91.29
49	25	-91.49
49	26	-78.94
49	27	-88.31
49	29	-92.42
49	34	-78.91
49	35	-90.24
49	36	-90.98
49	37	-81.25
49	43	-82.14
49	44	-79.75
49	45	-87.77
49	48	-92.44
49	52	-90.22
49	54	-92.97
49	56	-90.76
49	57	-92.96
49	60	-77.36
50	1	-84.99
50	3	-89.31
50	5	-86.47
50	6	-89.56
50	12	-92.34
50	14	-88.44
50	16	-89.10
50	17	-80.53
50	18	-90.75
50	19	-65.95
50	21	-91.86
50	22	-89.91
50	23	-88.59
50	25	-85.79
50	26	-94.41
50	28	-87.15
50	29	-85.30
50	31	-92.60
50	36	-86.17
50	37	-94.81
50	39	-75.62
50	41	-71.81
50	42	-82.45
50	45	-94.53
50	46	-92.25
50	47	-59.54
50	48	-84.98
50	51	-80.78
50	53	-91.69
50	55	-83.93
50	56	-90.37
50	58	-71.70
50	59	-91.87
51	1	-90.39
51	3	-77.92
51	5	-70.74
51	6	-78.43
51	14	-81.35
51	16	-94.98
51	17	-89.26
51	18	-83.14
51	19	-76.49
51	23	-82.33
51	25	-87.12
51	26	-93.11
51	27	-91.01
51	28	-73.36
51	29	-87.94
51	35	-90.29
51	36	-83.60
51	37	-92.07
51	39	-76.61
51	41	-86.70
51	42	-90.60
51	45	-90.16
51	46	-83.88
51	47	-78.37
51	48	-79.86
51	50	-80.78
51	55	-92.33
51	56	-84.26
51	58	-70.14
52	1	-87.64
52	2	-83.37
52	4	-53.53
52	7	-92.14
52	8	-92.52
52	9	-82.66
52	10	-87.59
52	11	-94.97
52	13	-84.64
52	14	-94.72
52	15	-80.63
52	20	-71.81
52	23	-94.15
52	24	-86.02
52	25	-87.81
52	26	-87.18
52	29	-87.24
52	30	-94.88
52	31	-92.77
52	32	-88.49
52	33	-91.75
52	34	-82.71
52	36	-91.19
52	37	-91.97
52	38	-93.81
52	40	-94.37
52	41	-94.83
52	43	-80.45
52	44	-94.12
52	48	-93.12
52	49	-90.22
52	54	-70.47
52	56	-94.78
52	57	-73.84
52	59	-91.47
52	60	-83.45
53	1	-91.51
53	9	-94.98
53	11	-87.27
53	12	-49.00
53	16	-81.01
53	17	-87.62
53	19	-93.49
53	21	-63.30
53	22	-77.31
53	29	-94.84
53	31	-84.11
53	38	-88.08
53	39	-94.66
53	40	-90.27
53	41	-88.08
53	42	-86.08
53	47	-92.75
53	50	-91.69
53	55	-80.14
53	58	-94.86
53	59	-85.54
54	1	-89.80
54	2	-77.45
54	4	-71.41
54	7	-89.09
54	8	-89.13
54	9	-78.86
54	10	-82.94
54	11	-93.91
54	13	-86.17
54	15	-77.06
54	20	-53.97
54	24	-80.36
54	25	-91.07
54	26	-91.02
54	29	-90.39
54	30	-92.55
54	31	-92.36
54	32	-84.33
54	33	-88.08
54	34	-87.58
54	36	-94.02
54	37	-94.83
54	38	-92.64
54	40	-92.90
54	43	-84.47
54	49	-92.97
54	52	-70.47
54	57	-58.93
54	59	-91.18
54	60	-88.02
55	1	-84.21
55	9	-92.92
55	11	-89.67
55	12	-81.68
55	15	-92.72
55	16	-82.88
55	17	-82.07
55	19	-87.25
55	21	-81.87
55	22	-82.00
55	25	-90.26
55	29	-88.90
55	31	-83.45
55	36	-92.63
55	38	-89.51
55	39	-89.51
55	40	-91.83
55	41	-76.28
55	42	-81.07
55	47	-86.02
55	48	-92.80
55	50	-83.93
55	51	-92.33
55	53	-80.14
55	58	-88.91
55	59	-83.14
56	1	-91.47
56	3	-84.19
56	4	-94.91
56	5	-83.92
56	6	-81.57
56	14	-60.86
56	18	-65.91
56	19	-89.73
56	23	-60.28
56	25	-84.81
56	26	-85.05
56	27	-77.85
56	28	-78.91
56	29	-86.88
56	34	-89.37
56	35	-77.57
56	36	-77.16
56	37	-80.49
56	39	-90.71
56	41	-92.68
56	43	-94.05
56	45	-74.97
56	46	-81.35
56	47	-90.10
56	48	-74.88
56	49	-90.76
56	50	-90.37
56	51	-84.26
56	52	-94.78
56	58	-86.68
56	60	-89.61
57	1	-91.34
57	2	-78.91
57	4	-73.40
57	7	-89.38
57	8	-88.07
57	9	-81.28
57	10	-80.68
57	11	-94.80
57	13	-84.96
57	15	-80.08
57	20	-45.20
57	24	-80.25
57	25	-92.27
57	26	-91.58
57	29	-91.72
57	30	-92.88
57	31	-93.55
57	32	-84.77
57	33	-87.48
57	34	-88.07
57	36	-94.91
57	38	-93.60
57	40	-93.73
57	43	-84.08
57	49	-92.96
57	52	-73.84
57	54	-58.93
57	59	-92.50
57	60	-88.41
58	1	-87.27
58	3	-84.49
58	5	-80.36
58	6	-84.71
58	14	-84.09
58	16	-92.59
58	17	-85.83
58	18	-86.70
58	19	-66.11
58	21	-94.99
58	22	-93.34
58	23	-84.53
58	25	-85.06
58	26	-93.10
58	27	-92.84
58	28	-81.21
58	29	-85.42
58	34	-94.84
58	35	-92.45
58	36	-83.17
58	37	-92.86
58	39	-73.09
58	41	-81.28
58	42	-87.40
58	45	-91.92
58	46	-88.35
58	47	-68.26
58	48	-80.45
58	50	-71.70
58	51	-70.14
58	53	-94.86
58	55	-88.91
58	56	-86.68
58	59	-94.42
59	1	-84.19
59	2	-88.06
59	4	-92.44
59	7	-90.05
59	9	-84.55
59	11	-79.31
59	12	-86.28
59	15	-84.84
59	16	-91.92
59	17	-92.54
59	19	-94.04
59	20	-92.20
59	21	-88.20
59	22	-90.82
59	24	-90.86
59	25	-91.28
59	29	-89.73
59	30	-90.54
59	31	-58.93
59	32	-89.17
59	33	-94.41
59	36	-94.48
59	38	-77.29
59	40	-82.00
59	41	-87.99
59	42	-92.06
59	47	-93.28
59	50	-91.87
59	52	-91.47
59	53	-85.54
59	54	-91.18
59	55	-83.14
59	57	-92.50
59	58	-94.42
60	1	-90.81
60	2	-93.34
60	4	-82.63
60	9	-92.76
60	10	-94.48
60	13	-83.43
60	14	-90.30
60	15	-91.72
60	18	-92.07
60	20	-87.89
60	23	-89.48
60	24	-94.63
60	25	-86.41
60	26	-71.13
60	27	-89.80
60	28	-94.74
60	29	-87.33
60	34	-47.08
60	35	-91.39
60	36	-87.38
60	37	-82.00
60	43	-75.19
60	44	-87.57
60	45	-88.75
60	48	-89.68
60	49	-77.36
60	52	-83.45
60	54	-88.02
60	56	-89.61
60	57	-88.41
