1	4	-92.06
1	12	-92.09
1	14	-93.05
1	16	-79.75
1	19	-91.18
1	21	-92.78
1	25	-80.70
1	29	-91.02
1	30	-76.17
1	31	-92.51
1	33	-91.57
1	36	-92.06
1	39	-67.79
1	40	-87.70
1	42	-67.51
1	43	-88.37
1	48	-60.53
1	49	-94.18
1	50	-86.08
1	53	-90.30
1	55	-82.32
1	57	-88.97
1	58	-71.43
1	59	-91.36
1	60	-76.46
1	62	-89.43
1	63	-81.20
1	64	-76.60
1	65	-88.00
1	66	-83.17
1	68	-55.31
1	70	-81.17
2	3	-85.42
2	4	-93.50
2	5	-94.44
2	7	-91.63
2	8	-90.55
2	9	-90.18
2	10	-86.50
2	12	-93.51
2	15	-76.76
2	17	-86.93
2	20	-87.76
2	22	-90.78
2	23	-87.84
2	24	-85.96
2	26	-86.68
2	27	-78.62
2	28	-90.97
2	31	-94.91
2	32	-93.38
2	34	-80.49
2	35	-92.84
2	37	-89.22
2	38	-93.80
2	45	-89.36
2	49	-91.26
2	52	-83.78
2	56	-93.60
2	59	-94.37
2	61	-93.11
2	67	-90.19
2	69	-93.94
3	2	-85.42
3	4	-90.97
3	5	-89.26
3	7	-77.94
3	8	-78.80
3	9	-75.97
3	10	-88.76
3	12	-92.13
3	13	-91.47
3	14	-90.05
3	15	-74.49
3	17	-91.68
3	18	-92.10
3	20	-61.48
3	22	-85.07
3	23	-76.67
3	24	-77.29
3	26	-81.05
3	27	-71.52
3	28	-93.74
3	29	-91.14
3	32	-86.74
3	34	-91.17
3	36	-94.15
3	37	-80.99
3	38	-87.60
3	45	-80.30
3	46	-90.70
3	49	-88.83
3	51	-89.15
3	52	-53.97
3	53	-92.35
3	54	-85.97
3	56	-81.68
3	59	-91.04
3	61	-85.46
3	67	-85.42
3	69	-86.58
4	1	-92.06
4	2	-93.50
4	3	-90.97
4	7	-94.27
4	8	-85.43
4	9	-87.36
4	10	-82.26
4	12	-63.58
4	13	-92.95
4	14	-82.14
4	15	-92.24
4	16	-89.16
4	17	-86.82
4	19	-93.13
4	20	-90.46
4	21	-93.63
4	25	-84.78
4	27	-91.58
4	28	-85.02
4	29	-72.51
4	30	-86.41
4	31	-81.01
4	34	-91.99
4	35	-94.46
4	36	-88.57
4	39	-94.23
4	40	-84.93
4	42	-93.03
4	43	-89.93
4	45	-82.22
4	46	-93.80
4	48	-91.99
4	49	-65.83
4	50	-89.58
4	52	-91.24
4	53	-80.08
4	55	-94.10
4	56	-92.96
4	57	-89.62
4	58	-89.50
4	59	-61.55
4	63	-84.09
4	65	-91.27
4	67	-74.69
4	68	-91.12
4	70	-85.34
5	2	-94.44
5	3	-89.26
5	7	-84.71
5	8	-93.72
5	9	-92.48
5	15	-90.73
5	18	-93.19
5	20	-89.51
5	22	-73.06
5	23	-81.96
5	24	-83.38
5	26	-81.94
5	27	-90.71
5	32	-64.36
5	37	-78.27
5	38	-59.54
5	46	-94.69
5	51	-82.41
5	52	-89.40
5	54	-87.81
5	56	-88.98
5	61	-70.59
5	69	-70.14
6	8	-94.83
6	11	-79.12
6	13	-85.64
6	14	-89.99
6	18	-90.69
6	19	-77.45
6	21	-72.59
6	25	-92.76
6	29	-93.06
6	33	-79.75
6	36	-83.34
6	41	-73.65
6	43	-84.04
6	44	-76.24
6	46	-87.84
6	47	-76.04
6	48	-94.59
6	53	-90.48
6	54	-94.70
6	55	-90.01
6	56	-94.56
6	57	-83.72
6	58	-93.37
6	59	-94.78
6	62	-84.59
6	65	-83.62
6	70	-92.02
7	2	-91.63
7	3	-77.94
7	4	-94.27
7	5	-84.71
7	8	-83.24
7	9	-80.53
7	10	-93.98
7	13	-88.74
7	14	-91.21
7	15	-85.37
7	18	-87.06
7	20	-75.40
7	22	-82.26
7	23	-76.04
7	24	-79.99
7	26	-82.33
7	27	-84.41
7	29	-93.43
7	32	-80.76
7	36	-94.03
7	37	-78.37
7	38	-82.00
7	45	-86.27
7	46	-86.99
7	49	-93.02
7	51	-80.50
7	52	-79.84
7	53	-93.75
7	54	-75.61
7	56	-71.65
7	59	-93.90
7	61	-78.02
7	67	-90.29
7	69	-78.94
8	2	-90.55
8	3	-78.80
8	4	-85.43
8	5	-93.72
8	6	-94.83
8	7	-83.24
8	9	-58.16
8	10	-87.47
8	12	-87.77
8	13	-86.55
8	14	-81.31
8	15	-85.42
8	17	-91.38
8	18	-90.04
8	19	-93.82
8	20	-75.36
8	21	-93.49
8	22	-91.54
8	23	-86.97
8	24	-87.81
8	25	-92.68
8	26	-89.74
8	27	-83.96
8	28	-92.42
8	29	-84.01
8	30	-94.76
8	31	-92.75
8	32	-91.76
8	34	-92.94
8	36	-88.30
8	37	-89.10
8	38	-92.38
8	43	-92.18
8	45	-65.63
8	46	-86.49
8	49	-83.48
8	51	-91.12
8	52	-80.58
8	53	-85.42
8	54	-85.89
8	56	-80.53
8	57	-91.61
8	59	-84.66
8	61	-90.63
8	63	-94.10
8	65	-93.47
8	67	-77.57
8	69	-91.14
8	70	-92.58
9	2	-90.18
9	3	-75.97
9	4	-87.36
9	5	-92.48
9	7	-80.53
9	8	-58.16
9	10	-88.47
9	12	-89.37
9	13	-86.61
9	14	-83.53
9	15	-84.33
9	17	-92.06
9	18	-89.36
9	19	-94.56
9	20	-70.88
9	21	-94.15
9	22	-90.12
9	23	-85.05
9	24	-86.14
9	25	-93.87
9	26	-88.28
9	27	-82.74
9	28	-93.28
9	29	-86.17
9	31	-93.83
9	32	-90.32
9	34	-93.16
9	36	-89.42
9	37	-87.43
9	38	-91.00
9	43	-93.16
9	45	-71.07
9	46	-86.17
9	49	-85.50
9	51	-89.76
9	52	-78.37
9	53	-87.27
9	54	-84.19
9	56	-77.92
9	57	-92.62
9	59	-86.75
9	61	-89.06
9	65	-94.36
9	67	-80.49
9	69	-89.63
9	70	-93.77
10	2	-86.50
10	3	-88.76
10	4	-82.26
10	7	-93.98
10	8	-87.47
10	9	-88.47
10	12	-80.85
10	14	-90.51
10	15	-87.43
10	16	-94.44
10	17	-71.21
10	20	-89.39
10	23	-93.51
10	24	-93.04
10	25	-93.39
10	26	-94.14
10	27	-87.04
10	28	-76.17
10	29	-87.48
10	30	-93.78
10	31	-83.40
10	34	-81.85
10	35	-88.69
10	36	-94.99
10	37	-94.92
10	40	-90.03
10	45	-84.04
10	49	-77.66
10	50	-93.56
10	52	-88.37
10	53	-90.60
10	56	-94.02
10	59	-84.93
10	63	-91.99
10	67	-80.11
10	70	-93.76
11	6	-79.12
11	13	-85.97
11	14	-93.47
11	18	-87.61
11	19	-88.14
11	21	-85.89
11	33	-89.09
11	36	-89.63
11	41	-74.49
11	43	-91.35
11	44	-77.64
11	46	-86.97
11	47	-75.11
11	53	-94.54
11	54	-93.49
11	56	-94.23
11	57	-91.03
11	62	-91.84
11	65	-91.33
12	1	-92.09
12	2	-93.51
12	3	-92.13
12	4	-63.58
12	8	-87.77
12	9	-89.37
12	10	-80.85
12	13	-94.69
12	14	-85.58
12	15	-92.83
12	16	-88.19
12	17	-85.04
12	19	-94.51
12	20	-91.85
12	25	-85.80
12	27	-92.29
12	28	-82.06
12	29	-78.33
12	30	-86.36
12	31	-76.02
12	34	-91.18
12	35	-93.01
12	36	-90.69
12	39	-94.37
12	40	-82.41
12	42	-92.75
12	43	-91.54
12	45	-84.81
12	48	-92.24
12	49	-69.47
12	50	-87.99
12	52	-92.26
12	53	-83.64
12	55	-94.83
12	56	-94.48
12	57	-91.32
12	58	-90.00
12	59	-72.05
12	63	-83.43
12	65	-92.67
12	67	-78.46
12	68	-91.25
12	70	-86.52
13	3	-91.47
13	4	-92.95
13	6	-85.64
13	7	-88.74
13	8	-86.55
13	9	-86.61
13	11	-85.97
13	12	-94.69
13	14	-84.23
13	18	-78.66
13	19	-87.88
13	20	-89.59
13	21	-86.13
13	23	-93.56
13	24	-94.70
13	25	-93.60
13	27	-94.53
13	29	-89.66
13	32	-94.51
13	33	-91.52
13	36	-82.62
13	37	-94.41
13	38	-94.90
13	41	-89.10
13	43	-88.45
13	44	-90.48
13	45	-89.03
13	46	-62.57
13	47	-89.85
13	49	-93.14
13	51	-90.20
13	52	-92.47
13	53	-87.66
13	54	-84.11
13	56	-83.57
13	57	-87.67
13	59	-91.54
13	61	-93.53
13	62	-93.41
13	65	-89.59
13	67	-91.12
13	69	-93.42
13	70	-93.11
14	1	-93.05
14	3	-90.05
14	4	-82.14
14	6	-89.99
14	7	-91.21
14	8	-81.31
14	9	-83.53
14	10	-90.51
14	11	-93.47
14	12	-85.58
14	13	-84.23
14	15	-93.20
14	16	-93.23
14	17	-93.72
14	18	-91.10
14	19	-86.82
14	20	-88.49
14	21	-86.84
14	23	-94.21
14	24	-94.83
14	25	-85.29
14	27	-92.39
14	28	-93.35
14	29	-73.13
14	30	-89.30
14	31	-91.39
14	33	-91.22
14	36	-76.57
14	39	-94.44
14	40	-92.22
14	41	-93.84
14	42	-94.76
14	43	-83.27
14	44	-94.62
14	45	-81.61
14	46	-86.17
14	47	-94.47
14	48	-92.26
14	49	-83.60
14	50	-94.67
14	52	-90.86
14	53	-68.26
14	54	-90.77
14	55	-91.84
14	56	-88.08
14	57	-82.27
14	58	-89.61
14	59	-78.62
14	62	-92.03
14	63	-89.17
14	65	-85.61
14	67	-81.37
14	68	-91.98
14	70	-84.82
15	2	-76.76
15	3	-74.49
15	4	-92.24
15	5	-90.73
15	7	-85.37
15	8	-85.42
15	9	-84.33
15	10	-87.43
15	12	-92.83
15	14	-93.20
15	17	-89.63
15	20	-79.29
15	22	-86.02
15	23	-80.08
15	24	-77.64
15	26	-80.21
15	27	-52.05
15	28	-92.59
15	29	-93.32
15	32	-88.96
15	34	-87.27
15	37	-82.99
15	38	-89.61
15	45	-84.90
15	46	-94.70
15	49	-89.90
15	51	-92.66
15	52	-70.59
15	53	-94.76
15	54	-91.04
15	56	-88.40
15	59	-92.75
15	61	-88.33
15	67	-87.60
15	69	-89.43
16	1	-79.75
16	4	-89.16
16	10	-94.44
16	12	-88.19
16	14	-93.23
16	19	-94.79
16	25	-82.93
16	28	-92.63
16	29	-89.93
16	30	-74.88
16	31	-86.53
16	36	-94.00
16	39	-84.66
16	40	-76.96
16	42	-77.17
16	43	-92.01
16	48	-82.42
16	49	-91.47
16	50	-71.49
16	53	-90.56
16	55	-90.42
16	57	-92.28
16	58	-82.13
16	59	-89.22
16	60	-85.37
16	62	-94.62
16	63	-73.23
16	64	-87.19
16	65	-92.27
16	66	-85.58
16	67	-93.60
16	68	-79.80
16	70	-84.19
17	2	-86.93
17	3	-91.68
17	4	-86.82
17	8	-91.38
17	9	-92.06
17	10	-71.21
17	12	-85.04
17	14	-93.72
17	15	-89.63
17	20	-92.43
17	24	-94.76
17	27	-89.56
17	28	-71.21
17	29	-91.08
17	31	-84.12
17	34	-77.48
17	35	-83.73
17	40	-90.76
17	45	-88.88
17	49	-84.18
17	50	-93.92
17	52	-91.18
17	53	-93.60
17	59	-88.98
17	63	-93.50
17	67	-86.25
18	3	-92.10
18	5	-93.19
18	6	-90.69
18	7	-87.06
18	8	-90.04
18	9	-89.36
18	11	-87.61
18	13	-78.66
18	14	-91.10
18	19	-93.50
18	20	-90.45
18	21	-92.15
18	22	-93.83
18	23	-92.44
18	24	-93.87
18	26	-94.69
18	29	-94.60
18	32	-91.72
18	36	-90.70
18	37	-92.85
18	38	-92.04
18	41	-91.89
18	43	-94.24
18	44	-93.05
18	45	-92.38
18	46	-73.69
18	47	-92.32
18	51	-84.38
18	52	-93.05
18	53	-93.53
18	54	-78.68
18	56	-82.65
18	57	-93.73
18	61	-90.68
18	65	-94.94
18	67	-94.65
18	69	-90.21
19	1	-91.18
19	4	-93.13
19	6	-77.45
19	8	-93.82
19	9	-94.56
19	11	-88.14
19	12	-94.51
19	13	-87.88
19	14	-86.82
19	16	-94.79
19	18	-93.50
19	21	-60.94
19	25	-87.06
19	29	-89.40
19	30	-90.76
19	33	-72.35
19	36	-77.51
19	39	-91.12
19	41	-85.04
19	42	-93.69
19	43	-71.21
19	44	-85.68
19	45	-94.33
19	46	-90.12
19	47	-86.05
19	48	-89.48
19	49	-94.55
19	53	-85.92
19	55	-83.18
19	57	-71.49
19	58	-87.64
19	59	-91.48
19	60	-94.46
19	62	-77.22
19	63	-92.32
19	64	-92.99
19	65	-68.68
19	67	-94.14
19	68	-90.19
19	70	-85.93
20	2	-87.76
20	3	-61.48
20	4	-90.46
20	5	-89.51
20	7	-75.40
20	8	-75.36
20	9	-70.88
20	10	-89.39
20	12	-91.85
20	13	-89.59
20	14	-88.49
20	15	-79.29
20	17	-92.43
20	18	-90.45
20	22	-86.04
20	23	-78.57
20	24	-80.08
20	26	-83.24
20	27	-77.16
20	28	-94.16
20	29	-90.15
20	32	-86.89
20	34	-92.44
20	36	-92.82
20	37	-82.27
20	38	-87.75
20	45	-78.66
20	46	-88.71
20	49	-88.50
20	51	-88.08
20	52	-68.12
20	53	-91.19
20	54	-83.73
20	56	-78.10
20	59	-90.30
20	61	-85.42
20	67	-84.74
20	69	-86.37
21	1	-92.78
21	4	-93.63
21	6	-72.59
21	8	-93.49
21	9	-94.15
21	11	-85.89
21	13	-86.13
21	14	-86.84
21	18	-92.15
21	19	-60.94
21	25	-88.76
21	29	-89.96
21	30	-92.19
21	33	-75.00
21	36	-77.22
21	39	-92.76
21	41	-82.76
21	43	-75.53
21	44	-83.77
21	45	-94.20
21	46	-88.61
21	47	-84.01
21	48	-91.28
21	49	-94.88
21	53	-86.60
21	55	-85.90
21	56	-94.41
21	57	-75.11
21	58	-89.59
21	59	-92.02
21	62	-80.30
21	63	-93.51
21	64	-94.44
21	65	-74.83
21	67	-94.27
21	68	-91.88
21	70	-87.77
22	2	-90.78
22	3	-85.07
22	5	-73.06
22	7	-82.26
22	8	-91.54
22	9	-90.12
22	15	-86.02
22	18	-93.83
22	20	-86.04
22	23	-73.43
22	24	-74.45
22	26	-70.90
22	27	-86.14
22	32	-69.97
22	37	-65.16
22	38	-71.07
22	45	-92.70
22	46	-94.56
22	51	-85.37
22	52	-84.90
22	54	-87.94
22	56	-87.80
22	61	-71.81
22	69	-74.74
23	2	-87.84
23	3	-76.67
23	5	-81.96
23	7	-76.04
23	8	-86.97
23	9	-85.05
23	10	-93.51
23	13	-93.56
23	14	-94.21
23	15	-80.08
23	18	-92.44
23	20	-78.57
23	22	-73.43
23	24	-60.53
23	26	-67.64
23	27	-79.70
23	32	-78.03
23	34	-94.04
23	37	-61.70
23	38	-79.46
23	45	-88.40
23	46	-92.42
23	49	-93.93
23	51	-85.74
23	52	-76.55
23	54	-85.54
23	56	-83.73
23	61	-76.49
23	67	-91.63
23	69	-78.91
24	2	-85.96
24	3	-77.29
24	5	-83.38
24	7	-79.99
24	8	-87.81
24	9	-86.14
24	10	-93.04
24	13	-94.70
24	14	-94.83
24	15	-77.64
24	17	-94.76
24	18	-93.87
24	20	-80.08
24	22	-74.45
24	23	-60.53
24	26	-60.10
24	27	-77.76
24	32	-80.50
24	34	-93.04
24	37	-66.56
24	38	-81.57
24	45	-88.81
24	46	-93.72
24	49	-93.93
24	51	-87.95
24	52	-76.24
24	54	-87.79
24	56	-86.02
24	61	-79.72
24	67	-91.76
24	69	-81.75
25	1	-80.70
25	4	-84.78
25	6	-92.76
25	8	-92.68
25	9	-93.87
25	10	-93.39
25	12	-85.80
25	13	-93.60
25	14	-85.29
25	16	-82.93
25	19	-87.06
25	21	-88.76
25	28	-93.58
25	29	-81.66
25	30	-70.98
25	31	-88.87
25	33	-89.67
25	36	-85.18
25	39	-84.40
25	40	-85.52
25	42	-84.36
25	43	-81.51
25	45	-91.83
25	46	-94.97
25	48	-79.42
25	49	-88.12
25	50	-87.30
25	53	-80.11
25	55	-84.01
25	57	-81.92
25	58	-71.81
25	59	-82.91
25	60	-88.66
25	62	-88.59
25	63	-75.39
25	64	-88.19
25	65	-82.58
25	66	-91.61
25	67	-89.57
25	68	-78.10
25	70	-50.17
26	2	-86.68
26	3	-81.05
26	5	-81.94
26	7	-82.33
26	8	-89.74
26	9	-88.28
26	10	-94.14
26	15	-80.21
26	18	-94.69
26	20	-83.24
26	22	-70.90
26	23	-67.64
26	24	-60.10
26	27	-80.68
26	32	-79.56
26	34	-93.68
26	37	-65.95
26	38	-80.49
26	45	-90.61
26	46	-94.76
26	51	-88.39
26	52	-80.15
26	54	-89.01
26	56	-87.77
26	61	-79.44
26	67	-93.21
26	69	-81.50
27	2	-78.62
27	3	-71.52
27	4	-91.58
27	5	-90.71
27	7	-84.41
27	8	-83.96
27	9	-82.74
27	10	-87.04
27	12	-92.29
27	13	-94.53
27	14	-92.39
27	15	-52.05
27	17	-89.56
27	20	-77.16
27	22	-86.14
27	23	-79.70
27	24	-77.76
27	26	-80.68
27	28	-92.41
27	29	-92.59
27	31	-94.98
27	32	-88.82
27	34	-87.71
27	37	-82.91
27	38	-89.50
27	45	-83.48
27	46	-93.99
27	49	-89.17
27	51	-92.22
27	52	-66.67
27	53	-94.07
27	54	-90.31
27	56	-87.40
27	59	-92.06
27	61	-88.08
27	67	-86.59
27	69	-89.17
28	2	-90.97
28	3	-93.74
28	4	-85.02
28	8	-92.42
28	9	-93.28
28	10	-76.17
28	12	-82.06
28	14	-93.35
28	15	-92.59
28	16	-92.63
28	17	-71.21
28	20	-94.16
28	25	-93.58
28	27	-92.41
28	29	-90.02
28	30	-93.07
28	31	-77.47
28	34	-84.43
28	35	-84.03
28	40	-86.86
28	45	-90.03
28	49	-83.34
28	50	-90.75
28	52	-93.45
28	53	-92.70
28	59	-87.57
28	63	-90.89
28	67	-86.70
28	70	-94.09
29	1	-91.02
29	3	-91.14
29	4	-72.51
29	6	-93.06
29	7	-93.43
29	8	-84.01
29	9	-86.17
29	10	-87.48
29	12	-78.33
29	13	-89.66
29	14	-73.13
29	15	-93.32
29	16	-89.93
29	17	-91.08
29	18	-94.60
29	19	-89.40
29	20	-90.15
29	21	-89.96
29	25	-81.66
29	27	-92.59
29	28	-90.02
29	30	-85.61
29	31	-86.79
29	33	-92.89
29	34	-94.78
29	36	-82.91
29	39	-93.03
29	40	-87.94
29	42	-92.61
29	43	-85.33
29	45	-82.13
29	46	-90.95
29	48	-90.51
29	49	-77.43
29	50	-91.34
29	52	-91.67
29	53	-67.51
29	54	-93.81
29	55	-91.69
29	56	-91.37
29	57	-84.79
29	58	-87.48
29	59	-63.58
29	62	-93.07
29	63	-84.59
29	65	-87.25
29	67	-77.94
29	68	-89.86
29	70	-81.74
30	1	-76.17
30	4	-86.41
30	8	-94.76
30	10	-93.78
30	12	-86.36
30	14	-89.30
30	16	-74.88
30	19	-90.76
30	21	-92.19
30	25	-70.98
30	28	-93.07
30	29	-85.61
30	31	-87.48
30	33	-92.38
30	36	-89.70
30	39	-82.28
30	40	-81.50
30	42	-79.07
30	43	-86.86
30	45	-93.75
30	48	-77.09
30	49	-89.44
30	50	-82.32
30	53	-85.56
30	55	-86.08
30	57	-87.24
30	58	-72.20
30	59	-85.60
30	60	-85.93
30	62	-91.07
30	63	-65.46
30	64	-86.32
30	65	-87.32
30	66	-88.54
30	67	-91.37
30	68	-73.64
30	70	-73.64
31	1	-92.51
31	2	-94.91
31	4	-81.01
31	8	-92.75
31	9	-93.83
31	10	-83.40
31	12	-76.02
31	14	-91.39
31	16	-86.53
31	17	-84.12
31	25	-88.87
31	27	-94.98
31	28	-77.47
31	29	-86.79
31	30	-87.48
31	34	-91.12
31	35	-90.01
31	36	-94.68
31	39	-94.86
31	40	-76.54
31	42	-92.38
31	43	-94.77
31	45	-90.57
31	48	-93.11
31	49	-82.13
31	50	-84.00
31	53	-89.72
31	57	-94.70
31	58	-91.57
31	59	-83.83
31	63	-84.04
31	67	-86.66
31	68	-91.99
31	70	-89.68
32	2	-93.38
32	3	-86.74
32	5	-64.36
32	7	-80.76
32	8	-91.76
32	9	-90.32
32	13	-94.51
32	15	-88.96
32	18	-91.72
32	20	-86.89
32	22	-69.97
32	23	-78.03
32	24	-80.50
32	26	-79.56
32	27	-88.82
32	37	-73.69
32	38	-47.08
32	45	-93.26
32	46	-93.10
32	51	-79.99
32	52	-87.02
32	54	-85.18
32	56	-86.25
32	61	-55.98
32	69	-58.93
33	1	-91.57
33	6	-79.75
33	11	-89.09
33	13	-91.52
33	14	-91.22
33	19	-72.35
33	21	-75.00
33	25	-89.67
33	29	-92.89
33	30	-92.38
33	36	-85.09
33	39	-90.76
33	41	-84.33
33	42	-93.99
33	43	-80.15
33	44	-84.18
33	46	-93.24
33	47	-85.09
33	48	-89.83
33	53	-90.29
33	55	-81.57
33	57	-80.86
33	58	-88.93
33	59	-94.47
33	60	-94.01
33	62	-66.84
33	63	-94.07
33	64	-92.20
33	65	-77.16
33	68	-90.84
33	70	-88.76
34	2	-80.49
34	3	-91.17
34	4	-91.99
34	8	-92.94
34	9	-93.16
34	10	-81.85
34	12	-91.18
34	15	-87.27
34	17	-77.48
34	20	-92.44
34	23	-94.04
34	24	-93.04
34	26	-93.68
34	27	-87.71
34	28	-84.43
34	29	-94.78
34	31	-91.12
34	35	-84.99
34	45	-91.12
34	49	-89.77
34	52	-90.32
34	59	-93.38
34	67	-90.18
35	2	-92.84
35	4	-94.46
35	10	-88.69
35	12	-93.01
35	17	-83.73
35	28	-84.03
35	31	-90.01
35	34	-84.99
35	40	-94.01
35	49	-93.43
35	67	-94.87
36	1	-92.06
36	3	-94.15
36	4	-88.57
36	6	-83.34
36	7	-94.03
36	8	-88.30
36	9	-89.42
36	10	-94.99
36	11	-89.63
36	12	-90.69
36	13	-82.62
36	14	-76.57
36	16	-94.00
36	18	-90.70
36	19	-77.51
36	20	-92.82
36	21	-77.22
36	25	-85.18
36	29	-82.91
36	30	-89.70
36	31	-94.68
36	33	-85.09
36	39	-92.90
36	40	-94.34
36	41	-89.20
36	42	-94.25
36	43	-73.65
36	44	-90.16
36	45	-89.06
36	46	-85.67
36	47	-90.06
36	48	-90.79
36	49	-90.08
36	52	-94.85
36	53	-77.16
36	54	-92.44
36	55	-88.13
36	56	-90.94
36	57	-71.21
36	58	-88.20
36	59	-86.21
36	62	-86.82
36	63	-90.59
36	64	-94.94
36	65	-77.43
36	67	-89.07
36	68	-90.95
36	70	-84.14
37	2	-89.22
37	3	-80.99
37	5	-78.27
37	7	-78.37
37	8	-89.10
37	9	-87.43
37	10	-94.92
37	13	-94.41
37	15	-82.99
37	18	-92.85
37	20	-82.27
37	22	-65.16
37	23	-61.70
37	24	-66.56
37	26	-65.95
37	27	-82.91
37	32	-73.69
37	38	-75.39
37	45	-90.44
37	46	-93.23
37	51	-85.03
37	52	-80.86
37	54	-86.22
37	56	-85.33
37	61	-72.70
37	67	-93.30
37	69	-75.89
38	2	-93.80
38	3	-87.60
38	5	-59.54
38	7	-82.00
38	8	-92.38
38	9	-91.00
38	13	-94.90
38	15	-89.61
38	18	-92.04
38	20	-87.75
38	22	-71.07
38	23	-79.46
38	24	-81.57
38	26	-80.49
38	27	-89.50
38	32	-47.08
38	37	-75.39
38	45	-93.82
38	46	-93.50
38	51	-80.33
38	52	-87.84
38	54	-85.85
38	56	-87.04
38	61	-61.70
38	69	-61.77
39	1	-67.79
39	4	-94.23
39	12	-94.37
39	14	-94.44
39	16	-84.66
39	19	-91.12
39	21	-92.76
39	25	-84.40
39	29	-93.03
39	30	-82.28
39	31	-94.86
39	33	-90.76
39	36	-92.90
39	40	-90.87
39	42	-73.90
39	43	-88.98
39	48	-66.84
39	50	-89.34
39	53	-92.07
39	55	-80.06
39	57	-89.65
39	58	-76.78
39	59	-93.51
39	60	-72.07
39	62	-88.14
39	63	-85.89
39	64	-67.28
39	65	-88.23
39	66	-82.70
39	68	-70.98
39	70	-84.44
40	1	-87.70
40	4	-84.93
40	10	-90.03
40	12	-82.41
40	14	-92.22
40	16	-76.96
40	17	-90.76
40	25	-85.52
40	28	-86.86
40	29	-87.94
40	30	-81.50
40	31	-76.54
40	35	-94.01
40	36	-94.34
40	39	-90.87
40	42	-86.94
40	43	-93.45
40	45	-93.53
40	48	-88.88
40	49	-87.29
40	50	-72.00
40	53	-89.83
40	55	-93.91
40	57	-93.53
40	58	-87.52
40	59	-86.08
40	60	-91.70
40	63	-76.24
40	64	-92.78
40	65	-94.04
40	66	-91.59
40	67	-90.47
40	68	-87.26
40	70	-86.68
41	6	-73.65
41	11	-74.49
41	13	-89.10
41	14	-93.84
41	18	-91.89
41	19	-85.04
41	21	-82.76
41	33	-84.33
41	36	-89.20
41	43	-89.51
41	44	-56.59
41	46	-90.47
41	47	-49.41
41	53	-94.33
41	55	-92.92
41	57	-89.37
41	62	-87.93
41	65	-89.00
42	1	-67.51
42	4	-93.03
42	12	-92.75
42	14	-94.76
42	16	-77.17
42	19	-93.69
42	25	-84.36
42	29	-92.61
42	30	-79.07
42	31	-92.38
42	33	-93.99
42	36	-94.25
42	39	-73.90
42	40	-86.94
42	43	-91.29
42	48	-74.29
42	49	-94.98
42	50	-83.88
42	53	-92.31
42	55	-86.47
42	57	-91.76
42	58	-79.04
42	59	-92.63
42	60	-73.65
42	62	-92.14
42	63	-82.19
42	64	-77.48
42	65	-91.05
42	66	-78.37
42	68	-71.91
42	70	-84.98
43	1	-88.37
43	4	-89.93
43	6	-84.04
43	8	-92.18
43	9	-93.16
43	11	-91.35
43	12	-91.54
43	13	-88.45
43	14	-83.27
43	16	-92.01
43	18	-94.24
43	19	-71.21
43	21	-75.53
43	25	-81.51
43	29	-85.33
43	30	-86.86
43	31	-94.77
43	33	-80.15
43	36	-73.65
43	39	-88.98
43	40	-93.45
43	41	-89.51
43	42	-91.29
43	44	-90.08
43	45	-92.37
43	46	-90.61
43	47	-90.29
43	48	-86.47
43	49	-91.84
43	50	-94.62
43	53	-80.70
43	55	-81.65
43	56	-94.68
43	57	-47.08
43	58	-83.43
43	59	-87.89
43	60	-92.81
43	62	-80.91
43	63	-88.70
43	64	-91.48
43	65	-58.50
43	67	-91.68
43	68	-87.01
43	70	-79.83
44	6	-76.24
44	11	-77.64
44	13	-90.48
44	14	-94.62
44	18	-93.05
44	19	-85.68
44	21	-83.77
44	33	-84.18
44	36	-90.16
44	41	-56.59
44	43	-90.08
44	46	-91.75
44	47	-51.76
44	53	-94.98
44	55	-92.87
44	57	-90.00
44	62	-87.68
44	65	-89.44
45	2	-89.36
45	3	-80.30
45	4	-82.22
45	7	-86.27
45	8	-65.63
45	9	-71.07
45	10	-84.04
45	12	-84.81
45	13	-89.03
45	14	-81.61
45	15	-84.90
45	17	-88.88
45	18	-92.38
45	19	-94.33
45	20	-78.66
45	21	-94.20
45	22	-92.70
45	23	-88.40
45	24	-88.81
45	25	-91.83
45	26	-90.61
45	27	-83.48
45	28	-90.03
45	29	-82.13
45	30	-93.75
45	31	-90.57
45	32	-93.26
45	34	-91.12
45	36	-89.06
45	37	-90.44
45	38	-93.82
45	40	-93.53
45	43	-92.37
45	46	-89.23
45	49	-79.04
45	51	-93.19
45	52	-81.33
45	53	-84.77
45	54	-88.96
45	56	-84.78
45	57	-91.86
45	58	-94.98
45	59	-81.93
45	61	-92.30
45	63	-92.82
45	65	-93.66
45	67	-70.14
45	69	-92.84
45	70	-91.84
46	3	-90.70
46	4	-93.80
46	5	-94.69
46	6	-87.84
46	7	-86.99
46	8	-86.49
46	9	-86.17
46	11	-86.97
46	13	-62.57
46	14	-86.17
46	15	-94.70
46	18	-73.69
46	19	-90.12
46	20	-88.71
46	21	-88.61
46	22	-94.56
46	23	-92.42
46	24	-93.72
46	25	-94.97
46	26	-94.76
46	27	-93.99
46	29	-90.95
46	32	-93.10
46	33	-93.24
46	36	-85.67
46	37	-93.23
46	38	-93.50
46	41	-90.47
46	43	-90.61
46	44	-91.75
46	45	-89.23
46	47	-91.10
46	49	-93.76
46	51	-88.00
46	52	-91.76
46	53	-89.43
46	54	-80.86
46	56	-81.14
46	57	-89.93
46	59	-92.57
46	61	-92.03
46	62	-94.96
46	65	-91.61
46	67	-91.64
46	69	-91.85
46	70	-94.55
47	6	-76.04
47	11	-75.11
47	13	-89.85
47	14	-94.47
47	18	-92.32
47	19	-86.05
47	21	-84.01
47	33	-85.09
47	36	-90.06
47	41	-49.41
47	43	-90.29
47	44	-51.76
47	46	-91.10
47	53	-94.94
47	55	-93.37
47	57	-90.17
47	62	-88.47
47	65	-89.77
48	1	-60.53
48	4	-91.99
48	6	-94.59
48	12	-92.24
48	14	-92.26
48	16	-82.42
48	19	-89.48
48	21	-91.28
48	25	-79.42
48	29	-90.51
48	30	-77.09
48	31	-93.11
48	33	-89.83
48	36	-90.79
48	39	-66.84
48	40	-88.88
48	42	-74.29
48	43	-86.47
48	49	-94.13
48	50	-87.90
48	53	-89.42
48	55	-78.85
48	57	-87.19
48	58	-66.95
48	59	-91.10
48	60	-78.66
48	62	-87.40
48	63	-82.26
48	64	-76.99
48	65	-85.90
48	66	-85.38
48	68	-57.01
48	70	-79.52
49	1	-94.18
49	2	-91.26
49	3	-88.83
49	4	-65.83
49	7	-93.02
49	8	-83.48
49	9	-85.50
49	10	-77.66
49	12	-69.47
49	13	-93.14
49	14	-83.60
49	15	-89.90
49	16	-91.47
49	17	-84.18
49	19	-94.55
49	20	-88.50
49	21	-94.88
49	23	-93.93
49	24	-93.93
49	25	-88.12
49	27	-89.17
49	28	-83.34
49	29	-77.43
49	30	-89.44
49	31	-82.13
49	34	-89.77
49	35	-93.43
49	36	-90.08
49	40	-87.29
49	42	-94.98
49	43	-91.84
49	45	-79.04
49	46	-93.76
49	48	-94.13
49	50	-91.47
49	52	-89.02
49	53	-83.18
49	54	-94.64
49	56	-92.01
49	57	-91.51
49	58	-92.01
49	59	-71.91
49	63	-87.48
49	65	-93.08
49	67	-68.00
49	68	-93.38
49	70	-88.53
50	1	-86.08
50	4	-89.58
50	10	-93.56
50	12	-87.99
50	14	-94.67
50	16	-71.49
50	17	-93.92
50	25	-87.30
50	28	-90.75
50	29	-91.34
50	30	-82.32
50	31	-84.00
50	39	-89.34
50	40	-72.00
50	42	-83.88
50	43	-94.62
50	48	-87.90
50	49	-91.47
50	53	-92.47
50	55	-93.79
50	57	-94.79
50	58	-87.55
50	59	-90.19
50	60	-89.26
50	63	-79.34
50	64	-90.97
50	65	-94.96
50	66	-88.14
50	67	-93.86
50	68	-86.17
50	70	-88.31
51	3	-89.15
51	5	-82.41
51	7	-80.50
51	8	-91.12
51	9	-89.76
51	13	-90.20
51	15	-92.66
51	18	-84.38
51	20	-88.08
51	22	-85.37
51	23	-85.74
51	24	-87.95
51	26	-88.39
51	27	-92.22
51	32	-79.99
51	37	-85.03
51	38	-80.33
51	45	-93.19
51	46	-88.00
51	52	-89.95
51	54	-76.28
51	56	-82.14
51	61	-78.33
51	69	-76.32
52	2	-83.78
52	3	-53.97
52	4	-91.24
52	5	-89.40
52	7	-79.84
52	8	-80.58
52	9	-78.37
52	10	-88.37
52	12	-92.26
52	13	-92.47
52	14	-90.86
52	15	-70.59
52	17	-91.18
52	18	-93.05
52	20	-68.12
52	22	-84.90
52	23	-76.55
52	24	-76.24
52	26	-80.15
52	27	-66.67
52	28	-93.45
52	29	-91.67
52	32	-87.02
52	34	-90.32
52	36	-94.85
52	37	-80.86
52	38	-87.84
52	45	-81.33
52	46	-91.76
52	49	-89.02
52	51	-89.95
52	53	-92.95
52	54	-87.29
52	56	-83.56
52	59	-91.43
52	61	-85.90
52	67	-85.84
52	69	-87.06
53	1	-90.30
53	3	-92.35
53	4	-80.08
53	6	-90.48
53	7	-93.75
53	8	-85.42
53	9	-87.27
53	10	-90.60
53	11	-94.54
53	12	-83.64
53	13	-87.66
53	14	-68.26
53	15	-94.76
53	16	-90.56
53	17	-93.60
53	18	-93.53
53	19	-85.92
53	20	-91.19
53	21	-86.60
53	25	-80.11
53	27	-94.07
53	28	-92.70
53	29	-67.51
53	30	-85.56
53	31	-89.72
53	33	-90.29
53	36	-77.16
53	39	-92.07
53	40	-89.83
53	41	-94.33
53	42	-92.31
53	43	-80.70
53	44	-94.98
53	45	-84.77
53	46	-89.43
53	47	-94.94
53	48	-89.42
53	49	-83.18
53	50	-92.47
53	52	-92.95
53	54	-93.47
53	55	-89.59
53	56	-91.27
53	57	-79.84
53	58	-86.08
53	59	-75.49
53	60	-94.89
53	62	-90.67
53	63	-85.57
53	64	-94.40
53	65	-83.37
53	67	-82.79
53	68	-89.00
53	70	-79.53
54	3	-85.97
54	5	-87.81
54	6	-94.70
54	7	-75.61
54	8	-85.89
54	9	-84.19
54	11	-93.49
54	13	-84.11
54	14	-90.77
54	15	-91.04
54	18	-78.68
54	20	-83.73
54	22	-87.94
54	23	-85.54
54	24	-87.79
54	26	-89.01
54	27	-90.31
54	29	-93.81
54	32	-85.18
54	36	-92.44
54	37	-86.22
54	38	-85.85
54	45	-88.96
54	46	-80.86
54	49	-94.64
54	51	-76.28
54	52	-87.29
54	53	-93.47
54	56	-69.33
54	59	-94.69
54	61	-83.31
54	67	-92.25
54	69	-82.91
55	1	-82.32
55	4	-94.10
55	6	-90.01
55	12	-94.83
55	14	-91.84
55	16	-90.42
55	19	-83.18
55	21	-85.90
55	25	-84.01
55	29	-91.69
55	30	-86.08
55	33	-81.57
55	36	-88.13
55	39	-80.06
55	40	-93.91
55	41	-92.92
55	42	-86.47
55	43	-81.65
55	44	-92.87
55	47	-93.37
55	48	-78.85
55	50	-93.79
55	53	-89.59
55	57	-82.88
55	58	-79.26
55	59	-92.90
55	60	-86.25
55	62	-76.17
55	63	-89.05
55	64	-83.14
55	65	-79.22
55	66	-91.34
55	68	-81.37
55	70	-83.06
56	2	-93.60
56	3	-81.68
56	4	-92.96
56	5	-88.98
56	6	-94.56
56	7	-71.65
56	8	-80.53
56	9	-77.92
56	10	-94.02
56	11	-94.23
56	12	-94.48
56	13	-83.57
56	14	-88.08
56	15	-88.40
56	18	-82.65
56	20	-78.10
56	21	-94.41
56	22	-87.80
56	23	-83.73
56	24	-86.02
56	26	-87.77
56	27	-87.40
56	29	-91.37
56	32	-86.25
56	36	-90.94
56	37	-85.33
56	38	-87.04
56	43	-94.68
56	45	-84.78
56	46	-81.14
56	49	-92.01
56	51	-82.14
56	52	-83.56
56	53	-91.27
56	54	-69.33
56	57	-94.15
56	59	-92.25
56	61	-84.40
56	67	-89.06
56	69	-84.59
57	1	-88.97
57	4	-89.62
57	6	-83.72
57	8	-91.61
57	9	-92.62
57	11	-91.03
57	12	-91.32
57	13	-87.67
57	14	-82.27
57	16	-92.28
57	18	-93.73
57	19	-71.49
57	21	-75.11
57	25	-81.92
57	29	-84.79
57	30	-87.24
57	31	-94.70
57	33	-80.86
57	36	-71.21
57	39	-89.65
57	40	-93.53
57	41	-89.37
57	42	-91.76
57	43	-47.08
57	44	-90.00
57	45	-91.86
57	46	-89.93
57	47	-90.17
57	48	-87.19
57	49	-91.51
57	50	-94.79
57	53	-79.84
57	55	-82.88
57	56	-94.15
57	58	-84.19
57	59	-87.51
57	60	-93.32
57	62	-81.94
57	63	-88.91
57	64	-92.07
57	65	-63.30
57	67	-91.24
57	68	-87.64
57	70	-80.32
58	1	-71.43
58	4	-89.50
58	6	-93.37
58	12	-90.00
58	14	-89.61
58	16	-82.13
58	19	-87.64
58	21	-89.59
58	25	-71.81
58	29	-87.48
58	30	-72.20
58	31	-91.57
58	33	-88.93
58	36	-88.20
58	39	-76.78
58	40	-87.52
58	42	-79.04
58	43	-83.43
58	45	-94.98
58	48	-66.95
58	49	-92.01
58	50	-87.55
58	53	-86.08
58	55	-79.26
58	57	-84.19
58	59	-88.31
58	60	-83.78
58	62	-86.89
58	63	-79.07
58	64	-82.74
58	65	-83.26
58	66	-88.39
58	67	-93.21
58	68	-65.91
58	70	-71.81
59	1	-91.36
59	2	-94.37
59	3	-91.04
59	4	-61.55
59	6	-94.78
59	7	-93.90
59	8	-84.66
59	9	-86.75
59	10	-84.93
59	12	-72.05
59	13	-91.54
59	14	-78.62
59	15	-92.75
59	16	-89.22
59	17	-88.98
59	19	-91.48
59	20	-90.30
59	21	-92.02
59	25	-82.91
59	27	-92.06
59	28	-87.57
59	29	-63.58
59	30	-85.60
59	31	-83.83
59	33	-94.47
59	34	-93.38
59	36	-86.21
59	39	-93.51
59	40	-86.08
59	42	-92.63
59	43	-87.89
59	45	-81.93
59	46	-92.57
59	48	-91.10
59	49	-71.91
59	50	-90.19
59	52	-91.43
59	53	-75.49
59	54	-94.69
59	55	-92.90
59	56	-92.25
59	57	-87.51
59	58	-88.31
59	62	-94.51
59	63	-83.78
59	65	-89.45
59	67	-75.61
59	68	-90.29
59	70	-83.34
60	1	-76.46
60	16	-85.37
60	19	-94.46
60	25	-88.66
60	30	-85.93
60	33	-94.01
60	39	-72.07
60	40	-91.70
60	42	-73.65
60	43	-92.81
60	48	-78.66
60	50	-89.26
60	53	-94.89
60	55	-86.25
60	57	-93.32
60	58	-83.78
60	62	-91.86
60	63	-88.31
60	64	-65.46
60	65	-92.25
60	66	-74.36
60	68	-79.32
60	70	-88.87
61	2	-93.11
61	3	-85.46
61	5	-70.59
61	7	-78.02
61	8	-90.63
61	9	-89.06
61	13	-93.53
61	15	-88.33
61	18	-90.68
61	20	-85.42
61	22	-71.81
61	23	-76.49
61	24	-79.72
61	26	-79.44
61	27	-88.08
61	32	-55.98
61	37	-72.70
61	38	-61.70
61	45	-92.30
61	46	-92.03
61	51	-78.33
61	52	-85.90
61	54	-83.31
61	56	-84.40
61	69	-52.83
62	1	-89.43
62	6	-84.59
62	11	-91.84
62	13	-93.41
62	14	-92.03
62	16	-94.62
62	19	-77.22
62	21	-80.30
62	25	-88.59
62	29	-93.07
62	30	-91.07
62	33	-66.84
62	36	-86.82
62	39	-88.14
62	41	-87.93
62	42	-92.14
62	43	-80.91
62	44	-87.68
62	46	-94.96
62	47	-88.47
62	48	-87.40
62	53	-90.67
62	55	-76.17
62	57	-81.94
62	58	-86.89
62	59	-94.51
62	60	-91.86
62	63	-93.06
62	64	-89.66
62	65	-77.57
62	68	-88.73
62	70	-87.67
63	1	-81.20
63	4	-84.09
63	8	-94.10
63	10	-91.99
63	12	-83.43
63	14	-89.17
63	16	-73.23
63	17	-93.50
63	19	-92.32
63	21	-93.51
63	25	-75.39
63	28	-90.89
63	29	-84.59
63	30	-65.46
63	31	-84.04
63	33	-94.07
63	36	-90.59
63	39	-85.89
63	40	-76.24
63	42	-82.19
63	43	-88.70
63	45	-92.82
63	48	-82.26
63	49	-87.48
63	50	-79.34
63	53	-85.57
63	55	-89.05
63	57	-88.91
63	58	-79.07
63	59	-83.78
63	60	-88.31
63	62	-93.06
63	64	-88.98
63	65	-89.35
63	66	-89.85
63	67	-89.99
63	68	-79.80
63	70	-77.66
64	1	-76.60
64	16	-87.19
64	19	-92.99
64	21	-94.44
64	25	-88.19
64	30	-86.32
64	33	-92.20
64	36	-94.94
64	39	-67.28
64	40	-92.78
64	42	-77.48
64	43	-91.48
64	48	-76.99
64	50	-90.97
64	53	-94.40
64	55	-83.14
64	57	-92.07
64	58	-82.74
64	60	-65.46
64	62	-89.66
64	63	-88.98
64	65	-90.70
64	66	-80.40
64	68	-78.91
64	70	-88.22
65	1	-88.00
65	4	-91.27
65	6	-83.62
65	8	-93.47
65	9	-94.36
65	11	-91.33
65	12	-92.67
65	13	-89.59
65	14	-85.61
65	16	-92.27
65	18	-94.94
65	19	-68.68
65	21	-74.83
65	25	-82.58
65	29	-87.25
65	30	-87.32
65	33	-77.16
65	36	-77.43
65	39	-88.23
65	40	-94.04
65	41	-89.00
65	42	-91.05
65	43	-58.50
65	44	-89.44
65	45	-93.66
65	46	-91.61
65	47	-89.77
65	48	-85.90
65	49	-93.08
65	50	-94.96
65	53	-83.37
65	55	-79.22
65	57	-63.30
65	58	-83.26
65	59	-89.45
65	60	-92.25
65	62	-77.57
65	63	-89.35
65	64	-90.70
65	67	-93.00
65	68	-86.70
65	70	-81.01
66	1	-83.17
66	16	-85.58
66	25	-91.61
66	30	-88.54
66	39	-82.70
66	40	-91.59
66	42	-78.37
66	48	-85.38
66	50	-88.14
66	55	-91.34
66	58	-88.39
66	60	-74.36
66	63	-89.85
66	64	-80.40
66	68	-85.05
66	70	-91.97
67	2	-90.19
67	3	-85.42
67	4	-74.69
67	7	-90.29
67	8	-77.57
67	9	-80.49
67	10	-80.11
67	12	-78.46
67	13	-91.12
67	14	-81.37
67	15	-87.60
67	16	-93.60
67	17	-86.25
67	18	-94.65
67	19	-94.14
67	20	-84.74
67	21	-94.27
67	23	-91.63
67	24	-91.76
67	25	-89.57
67	26	-93.21
67	27	-86.59
67	28	-86.70
67	29	-77.94
67	30	-91.37
67	31	-86.66
67	34	-90.18
67	35	-94.87
67	36	-89.07
67	37	-93.30
67	40	-90.47
67	43	-91.68
67	45	-70.14
67	46	-91.64
67	49	-68.00
67	50	-93.86
67	52	-85.84
67	53	-82.79
67	54	-92.25
67	56	-89.06
67	57	-91.24
67	58	-93.21
67	59	-75.61
67	63	-89.99
67	65	-93.00
67	68	-94.69
67	70	-89.76
68	1	-55.31
68	4	-91.12
68	12	-91.25
68	14	-91.98
68	16	-79.80
68	19	-90.19
68	21	-91.88
68	25	-78.10
68	29	-89.86
68	30	-73.64
68	31	-91.99
68	33	-90.84
68	36	-90.95
68	39	-70.98
68	40	-87.26
68	42	-71.91
68	43	-87.01
68	48	-57.01
68	49	-93.38
68	50	-86.17
68	53	-89.00
68	55	-81.37
68	57	-87.64
68	58	-65.91
68	59	-90.29
68	60	-79.32
68	62	-88.73
68	63	-79.80
68	64	-78.91
68	65	-86.70
68	66	-85.05
68	67	-94.69
68	70	-78.60
69	2	-93.94
69	3	-86.58
69	5	-70.14
69	7	-78.94
69	8	-91.14
69	9	-89.63
69	13	-93.42
69	15	-89.43
69	18	-90.21
69	20	-86.37
69	22	-74.74
69	23	-78.91
69	24	-81.75
69	26	-81.50
69	27	-89.17
69	32	-58.93
69	37	-75.89
69	38	-61.77
69	45	-92.84
69	46	-91.85
69	51	-76.32
69	52	-87.06
69	54	-82.91
69	56	-84.59
69	61	-52.83
70	1	-81.17
70	4	-85.34
70	6	-92.02
70	8	-92.58
70	9	-93.77
70	10	-93.76
70	12	-86.52
70	13	-93.11
70	14	-84.82
70	16	-84.19
70	19	-85.93
70	21	-87.77
70	25	-50.17
70	28	-94.09
70	29	-81.74
70	30	-73.64
70	31	-89.68
70	33	-88.76
70	36	-84.14
70	39	-84.44
70	40	-86.68
70	42	-84.98
70	43	-79.83
70	45	-91.84
70	46	-94.55
70	48	-79.52
70	49	-88.53
70	50	-88.31
70	53	-79.53
70	55	-83.06
70	57	-80.32
70	58	-71.81
70	59	-83.34
70	60	-88.87
70	62	-87.67
70	63	-77.66
70	64	-88.22
70	65	-81.01
70	66	-91.97
70	67	-89.76
70	68	-78.60
