1	3	-78.76
1	5	-93.65
1	9	-89.96
1	10	-93.69
1	11	-85.61
1	16	-94.10
1	18	-84.59
1	20	-91.68
1	21	-93.99
1	25	-85.80
1	30	-89.31
1	31	-89.80
1	33	-93.49
1	37	-70.74
1	41	-54.57
1	42	-92.78
1	43	-92.30
1	52	-72.07
1	56	-94.05
1	61	-76.45
1	67	-84.93
1	70	-82.00
2	4	-65.95
2	7	-70.47
2	13	-85.66
2	14	-89.05
2	17	-79.04
2	19	-80.58
2	26	-90.51
2	36	-90.47
2	39	-54.57
2	40	-85.91
2	45	-90.70
2	47	-70.43
2	49	-91.03
2	54	-92.23
2	55	-94.59
2	63	-68.79
2	65	-87.83
3	1	-78.76
3	5	-89.66
3	6	-94.37
3	9	-84.48
3	10	-89.57
3	11	-85.71
3	16	-88.31
3	18	-70.59
3	20	-89.43
3	21	-93.95
3	22	-92.88
3	25	-73.06
3	30	-90.08
3	31	-81.01
3	33	-88.26
3	35	-94.29
3	37	-74.11
3	41	-81.17
3	42	-86.29
3	43	-92.15
3	46	-91.13
3	52	-84.79
3	56	-91.71
3	61	-79.80
3	62	-94.68
3	67	-87.33
3	70	-59.54
4	2	-65.95
4	7	-52.83
4	13	-88.25
4	14	-87.95
4	17	-81.32
4	19	-77.64
4	26	-88.30
4	36	-89.91
4	39	-60.10
4	40	-83.53
4	45	-89.11
4	47	-51.76
4	49	-92.84
4	54	-91.28
4	57	-94.00
4	58	-94.42
4	63	-45.20
4	65	-88.70
5	1	-93.65
5	3	-89.66
5	6	-93.06
5	9	-72.70
5	10	-40.23
5	11	-86.70
5	14	-93.38
5	16	-91.58
5	18	-85.72
5	20	-77.91
5	21	-88.69
5	22	-93.94
5	23	-94.74
5	24	-94.34
5	25	-89.61
5	27	-79.42
5	28	-89.59
5	29	-88.47
5	30	-88.55
5	31	-88.56
5	32	-85.29
5	33	-72.51
5	34	-90.70
5	35	-76.54
5	36	-91.21
5	37	-90.45
5	38	-90.15
5	41	-94.27
5	42	-82.54
5	43	-87.19
5	45	-94.70
5	46	-85.66
5	50	-85.50
5	51	-90.30
5	52	-94.45
5	54	-91.62
5	56	-75.62
5	58	-92.70
5	59	-94.69
5	60	-92.60
5	61	-89.73
5	62	-81.35
5	64	-89.83
5	65	-92.96
5	66	-90.87
5	67	-89.99
5	68	-92.66
5	69	-94.99
5	70	-88.29
6	3	-94.37
6	5	-93.06
6	8	-71.07
6	9	-92.96
6	10	-92.69
6	12	-84.04
6	14	-92.39
6	15	-85.05
6	16	-80.62
6	18	-92.26
6	22	-71.81
6	25	-90.98
6	26	-92.14
6	27	-94.42
6	31	-87.25
6	33	-89.26
6	36	-92.28
6	40	-94.30
6	42	-85.37
6	44	-83.27
6	45	-90.66
6	46	-80.08
6	53	-82.27
6	54	-89.38
6	57	-85.60
6	58	-83.29
6	60	-80.86
6	62	-90.29
6	69	-65.46
6	70	-93.16
7	2	-70.47
7	4	-52.83
7	13	-89.41
7	14	-88.21
7	17	-82.97
7	19	-78.10
7	26	-87.88
7	36	-90.29
7	39	-66.84
7	40	-83.47
7	45	-89.05
7	47	-33.67
7	49	-93.68
7	54	-91.43
7	57	-93.78
7	58	-94.37
7	63	-49.00
7	65	-89.57
8	6	-71.07
8	12	-84.62
8	14	-94.99
8	15	-83.47
8	16	-81.64
8	18	-93.72
8	22	-68.55
8	25	-91.92
8	26	-94.09
8	31	-88.74
8	33	-92.35
8	42	-88.79
8	44	-81.20
8	45	-93.28
8	46	-85.80
8	53	-84.55
8	54	-92.61
8	57	-88.28
8	58	-87.62
8	60	-85.87
8	62	-93.60
8	69	-64.75
8	70	-94.26
9	1	-89.96
9	3	-84.48
9	5	-72.70
9	6	-92.96
9	10	-72.65
9	11	-82.74
9	16	-89.78
9	18	-78.82
9	20	-77.67
9	21	-88.75
9	22	-93.12
9	25	-85.17
9	27	-86.37
9	28	-91.76
9	29	-92.08
9	30	-86.53
9	31	-84.90
9	32	-88.83
9	33	-74.68
9	34	-93.31
9	35	-84.26
9	36	-94.14
9	37	-85.71
9	38	-91.72
9	41	-90.81
9	42	-80.36
9	43	-86.59
9	46	-86.19
9	50	-90.39
9	51	-93.66
9	52	-91.27
9	54	-94.07
9	56	-80.15
9	58	-94.24
9	60	-93.93
9	61	-85.16
9	62	-86.60
9	64	-93.35
9	66	-93.29
9	67	-86.90
9	69	-94.92
9	70	-82.64
10	1	-93.69
10	3	-89.57
10	5	-40.23
10	6	-92.69
10	9	-72.65
10	11	-87.04
10	14	-93.17
10	16	-91.23
10	18	-85.54
10	20	-78.82
10	21	-89.15
10	22	-93.61
10	23	-94.96
10	24	-94.55
10	25	-89.39
10	27	-79.46
10	28	-90.02
10	29	-88.79
10	30	-88.94
10	31	-88.21
10	32	-85.82
10	33	-70.98
10	34	-91.05
10	35	-77.17
10	36	-90.98
10	37	-90.50
10	38	-90.58
10	41	-94.32
10	42	-81.85
10	43	-87.68
10	45	-94.46
10	46	-85.05
10	50	-85.64
10	51	-90.54
10	52	-94.55
10	54	-91.33
10	56	-76.78
10	58	-92.37
10	59	-94.92
10	60	-92.25
10	61	-89.87
10	62	-80.84
10	64	-90.06
10	65	-92.90
10	66	-91.23
10	67	-90.27
10	68	-92.96
10	69	-94.68
10	70	-88.16
11	1	-85.61
11	3	-85.71
11	5	-86.70
11	9	-82.74
11	10	-87.04
11	18	-85.22
11	20	-78.72
11	21	-82.61
11	25	-89.67
11	27	-92.74
11	28	-90.96
11	29	-94.11
11	30	-70.98
11	31	-91.43
11	32	-90.07
11	33	-89.18
11	34	-93.67
11	35	-90.04
11	37	-80.59
11	38	-89.66
11	41	-85.91
11	42	-91.03
11	43	-78.37
11	46	-94.41
11	50	-94.72
11	52	-84.21
11	56	-84.18
11	61	-74.88
11	62	-94.20
11	66	-93.26
11	67	-67.38
11	70	-86.00
12	6	-84.04
12	8	-84.62
12	14	-91.05
12	15	-70.43
12	16	-92.29
12	19	-93.98
12	22	-88.08
12	26	-86.45
12	36	-92.31
12	40	-91.20
12	42	-94.00
12	44	-71.65
12	45	-87.48
12	46	-90.39
12	53	-66.11
12	54	-89.03
12	57	-76.55
12	58	-82.54
12	60	-81.50
12	62	-94.00
12	69	-81.35
13	2	-85.66
13	4	-88.25
13	7	-89.41
13	14	-90.37
13	17	-77.67
13	19	-88.25
13	23	-92.01
13	24	-90.79
13	26	-94.85
13	27	-92.51
13	29	-91.77
13	34	-94.60
13	35	-94.36
13	36	-89.71
13	39	-86.16
13	40	-90.90
13	45	-93.32
13	47	-89.26
13	49	-74.36
13	50	-89.51
13	51	-89.83
13	54	-92.76
13	55	-83.58
13	59	-92.89
13	62	-93.74
13	63	-88.64
13	64	-89.34
13	65	-80.45
13	68	-94.09
14	2	-89.05
14	4	-87.95
14	5	-93.38
14	6	-92.39
14	7	-88.21
14	8	-94.99
14	10	-93.17
14	12	-91.05
14	13	-90.37
14	15	-94.08
14	17	-84.29
14	19	-78.46
14	26	-79.95
14	27	-89.09
14	29	-94.65
14	33	-92.42
14	35	-92.51
14	36	-66.56
14	39	-87.90
14	40	-72.95
14	42	-93.63
14	44	-94.08
14	45	-70.47
14	46	-90.35
14	47	-87.89
14	49	-92.96
14	50	-89.56
14	51	-94.23
14	53	-88.59
14	54	-69.10
14	57	-84.59
14	58	-82.03
14	60	-84.23
14	62	-85.29
14	63	-87.49
14	64	-93.56
14	65	-82.42
14	69	-93.23
15	6	-85.05
15	8	-83.47
15	12	-70.43
15	14	-94.08
15	16	-92.35
15	22	-87.70
15	26	-90.38
15	40	-94.20
15	44	-55.98
15	45	-91.28
15	46	-92.06
15	53	-77.82
15	54	-92.37
15	57	-83.73
15	58	-87.24
15	60	-86.21
15	69	-81.37
16	1	-94.10
16	3	-88.31
16	5	-91.58
16	6	-80.62
16	8	-81.64
16	9	-89.78
16	10	-91.23
16	12	-92.29
16	15	-92.35
16	18	-86.02
16	20	-94.90
16	22	-74.29
16	25	-82.33
16	27	-94.96
16	31	-75.56
16	33	-87.38
16	37	-92.72
16	41	-94.98
16	42	-80.73
16	44	-91.20
16	46	-81.92
16	53	-91.39
16	54	-93.99
16	57	-93.05
16	58	-90.92
16	60	-89.68
16	61	-94.14
16	62	-91.96
16	69	-83.53
16	70	-86.66
17	2	-79.04
17	4	-81.32
17	7	-82.97
17	13	-77.67
17	14	-84.29
17	19	-78.94
17	24	-94.44
17	26	-89.85
17	27	-92.11
17	29	-93.87
17	35	-94.58
17	36	-84.66
17	39	-78.49
17	40	-83.84
17	45	-88.13
17	47	-82.62
17	49	-85.42
17	50	-90.20
17	51	-92.59
17	54	-88.30
17	55	-90.07
17	57	-94.04
17	58	-93.14
17	60	-94.19
17	62	-91.92
17	63	-81.58
17	64	-91.99
17	65	-76.76
18	1	-84.59
18	3	-70.59
18	5	-85.72
18	6	-92.26
18	8	-93.72
18	9	-78.82
18	10	-85.54
18	11	-85.22
18	16	-86.02
18	20	-86.94
18	21	-92.98
18	22	-91.10
18	25	-71.81
18	27	-92.67
18	30	-89.63
18	31	-76.69
18	32	-94.48
18	33	-83.34
18	35	-91.70
18	37	-79.72
18	41	-86.15
18	42	-80.86
18	43	-91.12
18	46	-87.57
18	52	-88.21
18	56	-89.15
18	61	-82.28
18	62	-91.73
18	67	-87.85
18	69	-94.12
18	70	-62.76
19	2	-80.58
19	4	-77.64
19	7	-78.10
19	12	-93.98
19	13	-88.25
19	14	-78.46
19	17	-78.94
19	26	-81.54
19	27	-93.63
19	36	-82.48
19	39	-78.18
19	40	-69.33
19	45	-80.95
19	47	-77.44
19	49	-92.35
19	50	-93.07
19	53	-92.45
19	54	-84.29
19	57	-89.25
19	58	-89.26
19	60	-90.67
19	62	-91.85
19	63	-76.61
19	65	-84.26
20	1	-91.68
20	3	-89.43
20	5	-77.91
20	9	-77.67
20	10	-78.82
20	11	-78.72
20	16	-94.90
20	18	-86.94
20	21	-80.15
20	23	-94.12
20	24	-94.03
20	25	-91.19
20	27	-86.25
20	28	-85.80
20	29	-88.52
20	30	-79.70
20	31	-91.55
20	32	-82.62
20	33	-84.49
20	34	-88.80
20	35	-81.42
20	37	-88.03
20	38	-85.22
20	41	-92.12
20	42	-88.82
20	43	-76.68
20	46	-91.84
20	48	-94.69
20	50	-89.03
20	51	-90.81
20	52	-91.51
20	56	-67.76
20	59	-93.82
20	61	-85.89
20	62	-89.36
20	64	-90.69
20	66	-88.51
20	67	-83.57
20	68	-91.19
20	70	-88.76
21	1	-93.99
21	3	-93.95
21	5	-88.69
21	9	-88.75
21	10	-89.15
21	11	-82.61
21	18	-92.98
21	20	-80.15
21	23	-92.90
21	24	-93.24
21	27	-91.61
21	28	-81.35
21	29	-89.30
21	30	-75.93
21	32	-83.20
21	33	-92.38
21	34	-86.82
21	35	-87.93
21	37	-91.56
21	38	-77.26
21	41	-94.03
21	43	-63.30
21	48	-91.94
21	50	-92.37
21	51	-91.49
21	52	-92.55
21	56	-81.94
21	59	-92.29
21	61	-89.10
21	62	-94.70
21	64	-91.74
21	66	-85.79
21	67	-83.57
21	68	-89.20
21	70	-93.86
22	3	-92.88
22	5	-93.94
22	6	-71.81
22	8	-68.55
22	9	-93.12
22	10	-93.61
22	12	-88.08
22	15	-87.70
22	16	-74.29
22	18	-91.10
22	25	-88.80
22	31	-84.78
22	33	-90.30
22	42	-85.67
22	44	-86.05
22	45	-94.05
22	46	-83.34
22	53	-87.43
22	54	-92.91
22	57	-90.13
22	58	-88.58
22	60	-86.95
22	62	-92.69
22	69	-74.00
22	70	-91.68
23	5	-94.74
23	10	-94.96
23	13	-92.01
23	20	-94.12
23	21	-92.90
23	24	-56.73
23	27	-91.23
23	28	-84.43
23	29	-79.99
23	32	-85.60
23	34	-77.94
23	35	-90.15
23	38	-87.27
23	43	-94.09
23	48	-75.40
23	49	-87.36
23	50	-87.74
23	51	-77.67
23	55	-81.07
23	56	-92.06
23	59	-52.83
23	64	-79.51
23	65	-92.49
23	66	-79.46
23	68	-71.72
24	5	-94.34
24	10	-94.55
24	13	-90.79
24	17	-94.44
24	20	-94.03
24	21	-93.24
24	23	-56.73
24	27	-90.37
24	28	-85.08
24	29	-78.70
24	32	-85.45
24	34	-78.66
24	35	-89.51
24	38	-87.95
24	43	-94.31
24	48	-78.84
24	49	-85.72
24	50	-86.45
24	51	-75.14
24	55	-78.66
24	56	-91.85
24	59	-64.36
24	62	-94.41
24	64	-77.16
24	65	-91.27
24	66	-80.41
24	68	-73.85
25	1	-85.80
25	3	-73.06
25	5	-89.61
25	6	-90.98
25	8	-91.92
25	9	-85.17
25	10	-89.39
25	11	-89.67
25	16	-82.33
25	18	-71.81
25	20	-91.19
25	22	-88.80
25	27	-94.93
25	30	-93.09
25	31	-70.03
25	33	-86.71
25	35	-94.44
25	37	-83.48
25	41	-87.34
25	42	-82.33
25	43	-94.40
25	46	-87.90
25	52	-89.99
25	56	-92.75
25	61	-86.47
25	62	-93.47
25	67	-91.37
25	69	-92.75
25	70	-68.92
26	2	-90.51
26	4	-88.30
26	6	-92.14
26	7	-87.88
26	8	-94.09
26	12	-86.45
26	13	-94.85
26	14	-79.95
26	15	-90.38
26	17	-89.85
26	19	-81.54
26	27	-94.84
26	36	-84.48
26	39	-89.30
26	40	-74.49
26	44	-90.81
26	45	-71.65
26	46	-92.80
26	47	-87.63
26	53	-84.29
26	54	-81.32
26	57	-78.37
26	58	-82.17
26	60	-84.07
26	62	-91.69
26	63	-87.61
26	65	-90.71
26	69	-92.11
27	5	-79.42
27	6	-94.42
27	9	-86.37
27	10	-79.46
27	11	-92.74
27	13	-92.51
27	14	-89.09
27	16	-94.96
27	17	-92.11
27	18	-92.67
27	19	-93.63
27	20	-86.25
27	21	-91.61
27	23	-91.23
27	24	-90.37
27	25	-94.93
27	26	-94.84
27	28	-88.76
27	29	-82.89
27	30	-93.18
27	31	-93.68
27	32	-83.45
27	33	-83.26
27	34	-88.00
27	35	-70.32
27	36	-85.76
27	38	-90.41
27	40	-93.00
27	42	-88.73
27	43	-91.22
27	45	-91.69
27	46	-88.41
27	48	-94.14
27	49	-91.72
27	50	-71.70
27	51	-84.29
27	54	-87.94
27	55	-91.39
27	56	-82.28
27	57	-94.51
27	58	-91.28
27	59	-91.47
27	60	-91.68
27	62	-75.29
27	64	-83.17
27	65	-86.17
27	66	-88.71
27	67	-94.87
27	68	-89.76
27	70	-94.34
28	5	-89.59
28	9	-91.76
28	10	-90.02
28	11	-90.96
28	20	-85.80
28	21	-81.35
28	23	-84.43
28	24	-85.08
28	27	-88.76
28	29	-79.70
28	30	-88.52
28	32	-72.07
28	33	-93.38
28	34	-70.59
28	35	-84.92
28	38	-64.56
28	43	-83.97
28	48	-83.73
28	49	-94.35
28	50	-87.61
28	51	-83.18
28	55	-91.62
28	56	-83.41
28	59	-83.32
28	61	-94.98
28	62	-93.35
28	64	-84.01
28	66	-66.84
28	67	-92.16
28	68	-76.85
29	5	-88.47
29	9	-92.08
29	10	-88.79
29	11	-94.11
29	13	-91.77
29	14	-94.65
29	17	-93.87
29	20	-88.52
29	21	-89.30
29	23	-79.99
29	24	-78.70
29	27	-82.89
29	28	-79.70
29	30	-93.12
29	32	-74.49
29	33	-92.03
29	34	-73.13
29	35	-80.45
29	36	-92.60
29	38	-83.88
29	43	-90.15
29	48	-85.46
29	49	-88.55
29	50	-77.66
29	51	-63.90
29	54	-94.69
29	55	-85.30
29	56	-84.95
29	59	-80.20
29	62	-89.45
29	64	-65.24
29	65	-89.27
29	66	-75.94
29	68	-76.17
30	1	-89.31
30	3	-90.08
30	5	-88.55
30	9	-86.53
30	10	-88.94
30	11	-70.98
30	18	-89.63
30	20	-79.70
30	21	-75.93
30	25	-93.09
30	27	-93.18
30	28	-88.52
30	29	-93.12
30	31	-94.37
30	32	-88.57
30	33	-91.50
30	34	-91.95
30	35	-90.18
30	37	-86.14
30	38	-86.47
30	41	-89.30
30	42	-93.60
30	43	-69.90
30	50	-94.62
30	51	-94.87
30	52	-87.17
30	56	-84.19
30	61	-82.19
30	64	-94.96
30	66	-91.34
30	67	-70.92
30	68	-93.76
30	70	-90.30
31	1	-89.80
31	3	-81.01
31	5	-88.56
31	6	-87.25
31	8	-88.74
31	9	-84.90
31	10	-88.21
31	11	-91.43
31	16	-75.56
31	18	-76.69
31	20	-91.55
31	22	-84.78
31	25	-70.03
31	27	-93.68
31	30	-94.37
31	33	-84.23
31	35	-93.64
31	37	-87.61
31	41	-90.98
31	42	-76.78
31	46	-83.51
31	52	-92.94
31	53	-94.66
31	56	-92.61
31	58	-93.28
31	60	-92.42
31	61	-89.56
31	62	-91.43
31	67	-93.26
31	69	-89.59
31	70	-77.92
32	5	-85.29
32	9	-88.83
32	10	-85.82
32	11	-90.07
32	18	-94.48
32	20	-82.62
32	21	-83.20
32	23	-85.60
32	24	-85.45
32	27	-83.45
32	28	-72.07
32	29	-74.49
32	30	-88.57
32	33	-90.11
32	34	-74.45
32	35	-77.45
32	36	-94.27
32	38	-76.97
32	42	-93.91
32	43	-84.30
32	46	-94.98
32	48	-87.36
32	49	-93.09
32	50	-82.52
32	51	-80.08
32	55	-90.78
32	56	-77.72
32	59	-85.12
32	61	-94.13
32	62	-89.66
32	64	-80.40
32	65	-92.64
32	66	-74.66
32	67	-91.90
32	68	-80.11
33	1	-93.49
33	3	-88.26
33	5	-72.51
33	6	-89.26
33	8	-92.35
33	9	-74.68
33	10	-70.98
33	11	-89.18
33	14	-92.42
33	16	-87.38
33	18	-83.34
33	20	-84.49
33	21	-92.38
33	22	-90.30
33	25	-86.71
33	27	-83.26
33	28	-93.38
33	29	-92.03
33	30	-91.50
33	31	-84.23
33	32	-90.11
33	34	-94.11
33	35	-83.60
33	36	-90.43
33	37	-90.48
33	38	-93.81
33	41	-94.25
33	42	-73.23
33	43	-91.02
33	45	-93.24
33	46	-78.76
33	50	-88.54
33	51	-93.27
33	52	-94.91
33	53	-93.83
33	54	-89.96
33	56	-84.01
33	57	-93.62
33	58	-90.03
33	60	-89.64
33	61	-90.54
33	62	-80.08
33	64	-92.79
33	65	-93.61
33	66	-94.29
33	67	-91.99
33	69	-91.75
33	70	-86.37
34	5	-90.70
34	9	-93.31
34	10	-91.05
34	11	-93.67
34	13	-94.60
34	20	-88.80
34	21	-86.82
34	23	-77.94
34	24	-78.66
34	27	-88.00
34	28	-70.59
34	29	-73.13
34	30	-91.95
34	32	-74.45
34	33	-94.11
34	35	-85.05
34	38	-77.64
34	43	-88.49
34	48	-79.99
34	49	-91.48
34	50	-85.38
34	51	-76.89
34	55	-87.90
34	56	-86.08
34	59	-76.54
34	62	-92.94
34	64	-78.54
34	65	-93.21
34	66	-52.83
34	67	-94.84
34	68	-64.36
35	3	-94.29
35	5	-76.54
35	9	-84.26
35	10	-77.17
35	11	-90.04
35	13	-94.36
35	14	-92.51
35	17	-94.58
35	18	-91.70
35	20	-81.42
35	21	-87.93
35	23	-90.15
35	24	-89.51
35	25	-94.44
35	27	-70.32
35	28	-84.92
35	29	-80.45
35	30	-90.18
35	31	-93.64
35	32	-77.45
35	33	-83.60
35	34	-85.05
35	36	-89.96
35	37	-94.36
35	38	-86.71
35	42	-89.26
35	43	-87.51
35	45	-94.55
35	46	-90.16
35	48	-92.60
35	49	-93.02
35	50	-76.46
35	51	-83.38
35	54	-91.52
35	55	-91.96
35	56	-74.83
35	58	-93.90
35	59	-90.17
35	60	-94.11
35	61	-93.41
35	62	-81.85
35	64	-82.62
35	65	-89.71
35	66	-85.62
35	67	-92.47
35	68	-87.62
35	70	-93.40
36	2	-90.47
36	4	-89.91
36	5	-91.21
36	6	-92.28
36	7	-90.29
36	9	-94.14
36	10	-90.98
36	12	-92.31
36	13	-89.71
36	14	-66.56
36	17	-84.66
36	19	-82.48
36	26	-84.48
36	27	-85.76
36	29	-92.60
36	32	-94.27
36	33	-90.43
36	35	-89.96
36	39	-89.56
36	40	-79.83
36	42	-92.24
36	44	-94.92
36	45	-77.48
36	46	-89.03
36	47	-90.01
36	49	-91.83
36	50	-86.46
36	51	-92.23
36	53	-89.91
36	54	-69.71
36	55	-93.75
36	56	-93.91
36	57	-86.71
36	58	-83.02
36	60	-84.86
36	62	-81.35
36	63	-89.59
36	64	-91.45
36	65	-79.79
36	69	-93.42
37	1	-70.74
37	3	-74.11
37	5	-90.45
37	9	-85.71
37	10	-90.50
37	11	-80.59
37	16	-92.72
37	18	-79.72
37	20	-88.03
37	21	-91.56
37	25	-83.48
37	30	-86.14
37	31	-87.61
37	33	-90.48
37	35	-94.36
37	41	-73.51
37	42	-90.11
37	43	-89.46
37	46	-94.03
37	52	-76.69
37	56	-90.98
37	61	-66.11
37	67	-81.28
37	70	-77.45
38	5	-90.15
38	9	-91.72
38	10	-90.58
38	11	-89.66
38	20	-85.22
38	21	-77.26
38	23	-87.27
38	24	-87.95
38	27	-90.41
38	28	-64.56
38	29	-83.88
38	30	-86.47
38	32	-76.97
38	33	-93.81
38	34	-77.64
38	35	-86.71
38	43	-81.21
38	48	-85.62
38	50	-89.86
38	51	-86.63
38	55	-93.60
38	56	-83.80
38	59	-86.25
38	61	-94.03
38	62	-94.42
38	64	-87.25
38	66	-75.18
38	67	-90.64
38	68	-81.37
39	2	-54.57
39	4	-60.10
39	7	-66.84
39	13	-86.16
39	14	-87.90
39	17	-78.49
39	19	-78.18
39	26	-89.30
39	36	-89.56
39	40	-84.26
39	45	-89.56
39	47	-66.41
39	49	-91.36
39	54	-91.31
39	55	-94.82
39	57	-94.55
39	58	-94.70
39	63	-63.58
39	65	-87.36
40	2	-85.91
40	4	-83.53
40	6	-94.30
40	7	-83.47
40	12	-91.20
40	13	-90.90
40	14	-72.95
40	15	-94.20
40	17	-83.84
40	19	-69.33
40	26	-74.49
40	27	-93.00
40	36	-79.83
40	39	-84.26
40	44	-94.42
40	45	-72.89
40	46	-93.53
40	47	-83.06
40	49	-94.08
40	50	-93.03
40	53	-89.27
40	54	-79.80
40	57	-85.15
40	58	-85.38
40	60	-87.19
40	62	-90.34
40	63	-82.71
40	65	-85.79
40	69	-94.68
41	1	-54.57
41	3	-81.17
41	5	-94.27
41	9	-90.81
41	10	-94.32
41	11	-85.91
41	16	-94.98
41	18	-86.15
41	20	-92.12
41	21	-94.03
41	25	-87.34
41	30	-89.30
41	31	-90.98
41	33	-94.25
41	37	-73.51
41	42	-93.68
41	43	-92.38
41	52	-68.26
41	56	-94.46
41	61	-77.26
41	67	-84.77
41	70	-83.93
42	1	-92.78
42	3	-86.29
42	5	-82.54
42	6	-85.37
42	8	-88.79
42	9	-80.36
42	10	-81.85
42	11	-91.03
42	12	-94.00
42	14	-93.63
42	16	-80.73
42	18	-80.86
42	20	-88.82
42	22	-85.67
42	25	-82.33
42	27	-88.73
42	30	-93.60
42	31	-76.78
42	32	-93.91
42	33	-73.23
42	35	-89.26
42	36	-92.24
42	37	-90.11
42	41	-93.68
42	43	-93.74
42	44	-94.24
42	45	-93.74
42	46	-73.54
42	50	-92.53
42	52	-94.84
42	53	-92.42
42	54	-91.00
42	56	-89.15
42	57	-92.87
42	58	-89.45
42	60	-88.61
42	61	-90.93
42	62	-85.05
42	67	-93.35
42	69	-88.52
42	70	-83.88
43	1	-92.30
43	3	-92.15
43	5	-87.19
43	9	-86.59
43	10	-87.68
43	11	-78.37
43	18	-91.12
43	20	-76.68
43	21	-63.30
43	23	-94.09
43	24	-94.31
43	25	-94.40
43	27	-91.22
43	28	-83.97
43	29	-90.15
43	30	-69.90
43	32	-84.30
43	33	-91.02
43	34	-88.49
43	35	-87.51
43	37	-89.46
43	38	-81.21
43	41	-92.38
43	42	-93.74
43	48	-93.52
43	50	-92.44
43	51	-92.27
43	52	-90.86
43	56	-80.40
43	59	-93.57
43	61	-86.61
43	62	-94.06
43	64	-92.42
43	66	-87.71
43	67	-80.25
43	68	-90.76
43	70	-92.07
44	6	-83.27
44	8	-81.20
44	12	-71.65
44	14	-94.08
44	15	-55.98
44	16	-91.20
44	22	-86.05
44	26	-90.81
44	36	-94.92
44	40	-94.42
44	42	-94.24
44	45	-91.39
44	46	-91.17
44	53	-77.66
44	54	-92.21
44	57	-83.92
44	58	-86.84
44	60	-85.62
44	69	-78.87
45	2	-90.70
45	4	-89.11
45	5	-94.70
45	6	-90.66
45	7	-89.05
45	8	-93.28
45	10	-94.46
45	12	-87.48
45	13	-93.32
45	14	-70.47
45	15	-91.28
45	17	-88.13
45	19	-80.95
45	22	-94.05
45	26	-71.65
45	27	-91.69
45	33	-93.24
45	35	-94.55
45	36	-77.48
45	39	-89.56
45	40	-72.89
45	42	-93.74
45	44	-91.39
45	46	-90.03
45	47	-88.77
45	50	-92.56
45	53	-84.49
45	54	-71.21
45	57	-78.51
45	58	-77.62
45	60	-80.59
45	62	-87.66
45	63	-88.56
45	65	-87.57
45	69	-91.19
46	3	-91.13
46	5	-85.66
46	6	-80.08
46	8	-85.80
46	9	-86.19
46	10	-85.05
46	11	-94.41
46	12	-90.39
46	14	-90.35
46	15	-92.06
46	16	-81.92
46	18	-87.57
46	20	-91.84
46	22	-83.34
46	25	-87.90
46	26	-92.80
46	27	-88.41
46	31	-83.51
46	32	-94.98
46	33	-78.76
46	35	-90.16
46	36	-89.03
46	37	-94.03
46	40	-93.53
46	42	-73.54
46	44	-91.17
46	45	-90.03
46	50	-92.07
46	53	-88.14
46	54	-86.76
46	56	-91.44
46	57	-88.57
46	58	-83.77
46	60	-82.45
46	61	-94.62
46	62	-82.42
46	65	-94.14
46	69	-84.44
46	70	-89.45
47	2	-70.43
47	4	-51.76
47	7	-33.67
47	13	-89.26
47	14	-87.89
47	17	-82.62
47	19	-77.44
47	26	-87.63
47	36	-90.01
47	39	-66.41
47	40	-83.06
47	45	-88.77
47	49	-93.57
47	54	-91.18
47	57	-93.60
47	58	-94.18
47	63	-44.44
47	65	-89.31
48	20	-94.69
48	21	-91.94
48	23	-75.40
48	24	-78.84
48	27	-94.14
48	28	-83.73
48	29	-85.46
48	32	-87.36
48	34	-79.99
48	35	-92.60
48	38	-85.62
48	43	-93.52
48	49	-92.40
48	50	-91.87
48	51	-85.29
48	55	-88.16
48	56	-93.17
48	59	-72.48
48	64	-86.48
48	66	-79.84
48	68	-75.11
49	2	-91.03
49	4	-92.84
49	7	-93.68
49	13	-74.36
49	14	-92.96
49	17	-85.42
49	19	-92.35
49	23	-87.36
49	24	-85.72
49	27	-91.72
49	28	-94.35
49	29	-88.55
49	32	-93.09
49	34	-91.48
49	35	-93.02
49	36	-91.83
49	39	-91.36
49	40	-94.08
49	47	-93.57
49	48	-92.40
49	50	-87.87
49	51	-85.80
49	54	-94.61
49	55	-73.01
49	59	-88.58
49	62	-94.00
49	63	-93.11
49	64	-85.46
49	65	-83.77
49	66	-92.39
49	68	-90.51
50	5	-85.50
50	9	-90.39
50	10	-85.64
50	11	-94.72
50	13	-89.51
50	14	-89.56
50	17	-90.20
50	19	-93.07
50	20	-89.03
50	21	-92.37
50	23	-87.74
50	24	-86.45
50	27	-71.70
50	28	-87.61
50	29	-77.66
50	30	-94.62
50	32	-82.52
50	33	-88.54
50	34	-85.38
50	35	-76.46
50	36	-86.46
50	38	-89.86
50	40	-93.03
50	42	-92.53
50	43	-92.44
50	45	-92.56
50	46	-92.07
50	48	-91.87
50	49	-87.87
50	51	-77.96
50	54	-89.48
50	55	-87.21
50	56	-85.42
50	58	-93.26
50	59	-88.24
50	60	-93.79
50	62	-82.22
50	64	-75.88
50	65	-83.17
50	66	-86.52
50	68	-86.82
51	5	-90.30
51	9	-93.66
51	10	-90.54
51	13	-89.83
51	14	-94.23
51	17	-92.59
51	20	-90.81
51	21	-91.49
51	23	-77.67
51	24	-75.14
51	27	-84.29
51	28	-83.18
51	29	-63.90
51	30	-94.87
51	32	-80.08
51	33	-93.27
51	34	-76.89
51	35	-83.38
51	36	-92.23
51	38	-86.63
51	43	-92.27
51	48	-85.29
51	49	-85.80
51	50	-77.96
51	54	-94.55
51	55	-81.68
51	56	-87.76
51	59	-78.66
51	62	-90.11
51	64	-50.17
51	65	-87.85
51	66	-79.32
51	68	-77.17
52	1	-72.07
52	3	-84.79
52	5	-94.45
52	9	-91.27
52	10	-94.55
52	11	-84.21
52	18	-88.21
52	20	-91.51
52	21	-92.55
52	25	-89.99
52	30	-87.17
52	31	-92.94
52	33	-94.91
52	37	-76.69
52	41	-68.26
52	42	-94.84
52	43	-90.86
52	56	-94.01
52	61	-76.24
52	67	-81.61
52	70	-86.78
53	6	-82.27
53	8	-84.55
53	12	-66.11
53	14	-88.59
53	15	-77.82
53	16	-91.39
53	19	-92.45
53	22	-87.43
53	26	-84.29
53	31	-94.66
53	33	-93.83
53	36	-89.91
53	40	-89.27
53	42	-92.42
53	44	-77.66
53	45	-84.49
53	46	-88.14
53	54	-85.92
53	57	-69.40
53	58	-77.06
53	60	-75.61
53	62	-91.83
53	69	-80.62
54	2	-92.23
54	4	-91.28
54	5	-91.62
54	6	-89.38
54	7	-91.43
54	8	-92.61
54	9	-94.07
54	10	-91.33
54	12	-89.03
54	13	-92.76
54	14	-69.10
54	15	-92.37
54	16	-93.99
54	17	-88.30
54	19	-84.29
54	22	-92.91
54	26	-81.32
54	27	-87.94
54	29	-94.69
54	33	-89.96
54	35	-91.52
54	36	-69.71
54	39	-91.31
54	40	-79.80
54	42	-91.00
54	44	-92.21
54	45	-71.21
54	46	-86.76
54	47	-91.18
54	49	-94.61
54	50	-89.48
54	51	-94.55
54	53	-85.92
54	56	-94.78
54	57	-81.73
54	58	-75.89
54	60	-78.91
54	62	-82.19
54	63	-90.89
54	64	-93.89
54	65	-85.54
54	69	-90.57
55	2	-94.59
55	13	-83.58
55	17	-90.07
55	23	-81.07
55	24	-78.66
55	27	-91.39
55	28	-91.62
55	29	-85.30
55	32	-90.78
55	34	-87.90
55	35	-91.96
55	36	-93.75
55	38	-93.60
55	39	-94.82
55	48	-88.16
55	49	-73.01
55	50	-87.21
55	51	-81.68
55	56	-94.92
55	59	-82.94
55	62	-94.46
55	64	-81.85
55	65	-87.45
55	66	-89.00
55	68	-86.19
56	1	-94.05
56	3	-91.71
56	5	-75.62
56	9	-80.15
56	10	-76.78
56	11	-84.18
56	18	-89.15
56	20	-67.76
56	21	-81.94
56	23	-92.06
56	24	-91.85
56	25	-92.75
56	27	-82.28
56	28	-83.41
56	29	-84.95
56	30	-84.19
56	31	-92.61
56	32	-77.72
56	33	-84.01
56	34	-86.08
56	35	-74.83
56	36	-93.91
56	37	-90.98
56	38	-83.80
56	41	-94.46
56	42	-89.15
56	43	-80.40
56	46	-91.44
56	48	-93.17
56	50	-85.42
56	51	-87.76
56	52	-94.01
56	54	-94.78
56	55	-94.92
56	59	-91.81
56	61	-89.40
56	62	-87.15
56	64	-87.55
56	65	-94.05
56	66	-85.98
56	67	-87.57
56	68	-88.90
56	70	-90.94
57	4	-94.00
57	6	-85.60
57	7	-93.78
57	8	-88.28
57	12	-76.55
57	14	-84.59
57	15	-83.73
57	16	-93.05
57	17	-94.04
57	19	-89.25
57	22	-90.13
57	26	-78.37
57	27	-94.51
57	33	-93.62
57	36	-86.71
57	39	-94.55
57	40	-85.15
57	42	-92.87
57	44	-83.92
57	45	-78.51
57	46	-88.57
57	47	-93.60
57	53	-69.40
57	54	-81.73
57	58	-72.35
57	60	-73.51
57	62	-90.42
57	63	-93.56
57	65	-93.41
57	69	-85.22
58	4	-94.42
58	5	-92.70
58	6	-83.29
58	7	-94.37
58	8	-87.62
58	9	-94.24
58	10	-92.37
58	12	-82.54
58	14	-82.03
58	15	-87.24
58	16	-90.92
58	17	-93.14
58	19	-89.26
58	22	-88.58
58	26	-82.17
58	27	-91.28
58	31	-93.28
58	33	-90.03
58	35	-93.90
58	36	-83.02
58	39	-94.70
58	40	-85.38
58	42	-89.45
58	44	-86.84
58	45	-77.62
58	46	-83.77
58	47	-94.18
58	50	-93.26
58	53	-77.06
58	54	-75.89
58	57	-72.35
58	60	-56.73
58	62	-85.80
58	63	-94.04
58	65	-91.43
58	69	-84.49
59	5	-94.69
59	10	-94.92
59	13	-92.89
59	20	-93.82
59	21	-92.29
59	23	-52.83
59	24	-64.36
59	27	-91.47
59	28	-83.32
59	29	-80.20
59	32	-85.12
59	34	-76.54
59	35	-90.17
59	38	-86.25
59	43	-93.57
59	48	-72.48
59	49	-88.58
59	50	-88.24
59	51	-78.66
59	55	-82.94
59	56	-91.81
59	64	-80.45
59	65	-93.19
59	66	-77.94
59	68	-68.87
60	5	-92.60
60	6	-80.86
60	8	-85.87
60	9	-93.93
60	10	-92.25
60	12	-81.50
60	14	-84.23
60	15	-86.21
60	16	-89.68
60	17	-94.19
60	19	-90.67
60	22	-86.95
60	26	-84.07
60	27	-91.68
60	31	-92.42
60	33	-89.64
60	35	-94.11
60	36	-84.86
60	40	-87.19
60	42	-88.61
60	44	-85.62
60	45	-80.59
60	46	-82.45
60	50	-93.79
60	53	-75.61
60	54	-78.91
60	57	-73.51
60	58	-56.73
60	62	-86.25
60	65	-92.47
60	69	-82.30
61	1	-76.45
61	3	-79.80
61	5	-89.73
61	9	-85.16
61	10	-89.87
61	11	-74.88
61	16	-94.14
61	18	-82.28
61	20	-85.89
61	21	-89.10
61	25	-86.47
61	28	-94.98
61	30	-82.19
61	31	-89.56
61	32	-94.13
61	33	-90.54
61	35	-93.41
61	37	-66.11
61	38	-94.03
61	41	-77.26
61	42	-90.93
61	43	-86.61
61	46	-94.62
61	52	-76.24
61	56	-89.40
61	67	-75.18
61	70	-81.51
62	3	-94.68
62	5	-81.35
62	6	-90.29
62	8	-93.60
62	9	-86.60
62	10	-80.84
62	11	-94.20
62	12	-94.00
62	13	-93.74
62	14	-85.29
62	16	-91.96
62	17	-91.92
62	18	-91.73
62	19	-91.85
62	20	-89.36
62	21	-94.70
62	22	-92.69
62	24	-94.41
62	25	-93.47
62	26	-91.69
62	27	-75.29
62	28	-93.35
62	29	-89.45
62	31	-91.43
62	32	-89.66
62	33	-80.08
62	34	-92.94
62	35	-81.85
62	36	-81.35
62	38	-94.42
62	40	-90.34
62	42	-85.05
62	43	-94.06
62	45	-87.66
62	46	-82.42
62	49	-94.00
62	50	-82.22
62	51	-90.11
62	53	-91.83
62	54	-82.19
62	55	-94.46
62	56	-87.15
62	57	-90.42
62	58	-85.80
62	60	-86.25
62	64	-89.30
62	65	-86.78
62	66	-93.44
62	68	-94.19
62	69	-92.31
62	70	-93.49
63	2	-68.79
63	4	-45.20
63	7	-49.00
63	13	-88.64
63	14	-87.49
63	17	-81.58
63	19	-76.61
63	26	-87.61
63	36	-89.59
63	39	-63.58
63	40	-82.71
63	45	-88.56
63	47	-44.44
63	49	-93.11
63	54	-90.89
63	57	-93.56
63	58	-94.04
63	65	-88.70
64	5	-89.83
64	9	-93.35
64	10	-90.06
64	13	-89.34
64	14	-93.56
64	17	-91.99
64	20	-90.69
64	21	-91.74
64	23	-79.51
64	24	-77.16
64	27	-83.17
64	28	-84.01
64	29	-65.24
64	30	-94.96
64	32	-80.40
64	33	-92.79
64	34	-78.54
64	35	-82.62
64	36	-91.45
64	38	-87.25
64	43	-92.42
64	48	-86.48
64	49	-85.46
64	50	-75.88
64	51	-50.17
64	54	-93.89
64	55	-81.85
64	56	-87.55
64	59	-80.45
64	62	-89.30
64	65	-86.89
64	66	-80.70
64	68	-79.12
65	2	-87.83
65	4	-88.70
65	5	-92.96
65	7	-89.57
65	10	-92.90
65	13	-80.45
65	14	-82.42
65	17	-76.76
65	19	-84.26
65	23	-92.49
65	24	-91.27
65	26	-90.71
65	27	-86.17
65	29	-89.27
65	32	-92.64
65	33	-93.61
65	34	-93.21
65	35	-89.71
65	36	-79.79
65	39	-87.36
65	40	-85.79
65	45	-87.57
65	46	-94.14
65	47	-89.31
65	49	-83.77
65	50	-83.17
65	51	-87.85
65	54	-85.54
65	55	-87.45
65	56	-94.05
65	57	-93.41
65	58	-91.43
65	59	-93.19
65	60	-92.47
65	62	-86.78
65	63	-88.70
65	64	-86.89
65	66	-94.00
65	68	-93.39
66	5	-90.87
66	9	-93.29
66	10	-91.23
66	11	-93.26
66	20	-88.51
66	21	-85.79
66	23	-79.46
66	24	-80.41
66	27	-88.71
66	28	-66.84
66	29	-75.94
66	30	-91.34
66	32	-74.66
66	33	-94.29
66	34	-52.83
66	35	-85.62
66	38	-75.18
66	43	-87.71
66	48	-79.84
66	49	-92.39
66	50	-86.52
66	51	-79.32
66	55	-89.00
66	56	-85.98
66	59	-77.94
66	62	-93.44
66	64	-80.70
66	65	-94.00
66	67	-94.37
66	68	-67.08
67	1	-84.93
67	3	-87.33
67	5	-89.99
67	9	-86.90
67	10	-90.27
67	11	-67.38
67	18	-87.85
67	20	-83.57
67	21	-83.57
67	25	-91.37
67	27	-94.87
67	28	-92.16
67	30	-70.92
67	31	-93.26
67	32	-91.90
67	33	-91.99
67	34	-94.84
67	35	-92.47
67	37	-81.28
67	38	-90.64
67	41	-84.77
67	42	-93.35
67	43	-80.25
67	52	-81.61
67	56	-87.57
67	61	-75.18
67	66	-94.37
67	70	-88.02
68	5	-92.66
68	10	-92.96
68	13	-94.09
68	20	-91.19
68	21	-89.20
68	23	-71.72
68	24	-73.85
68	27	-89.76
68	28	-76.85
68	29	-76.17
68	30	-93.76
68	32	-80.11
68	34	-64.36
68	35	-87.62
68	38	-81.37
68	43	-90.76
68	48	-75.11
68	49	-90.51
68	50	-86.82
68	51	-77.17
68	55	-86.19
68	56	-88.90
68	59	-68.87
68	62	-94.19
68	64	-79.12
68	65	-93.39
68	66	-67.08
69	5	-94.99
69	6	-65.46
69	8	-64.75
69	9	-94.92
69	10	-94.68
69	12	-81.35
69	14	-93.23
69	15	-81.37
69	16	-83.53
69	18	-94.12
69	22	-74.00
69	25	-92.75
69	26	-92.11
69	31	-89.59
69	33	-91.75
69	36	-93.42
69	40	-94.68
69	42	-88.52
69	44	-78.87
69	45	-91.19
69	46	-84.44
69	53	-80.62
69	54	-90.57
69	57	-85.22
69	58	-84.49
69	60	-82.30
69	62	-92.31
69	70	-94.82
70	1	-82.00
70	3	-59.54
70	5	-88.29
70	6	-93.16
70	8	-94.26
70	9	-82.64
70	10	-88.16
70	11	-86.00
70	16	-86.66
70	18	-62.76
70	20	-88.76
70	21	-93.86
70	22	-91.68
70	25	-68.92
70	27	-94.34
70	30	-90.30
70	31	-77.92
70	33	-86.37
70	35	-93.40
70	37	-77.45
70	41	-83.93
70	42	-83.88
70	43	-92.07
70	46	-89.45
70	52	-86.78
70	56	-90.94
70	61	-81.51
70	62	-93.49
70	67	-88.02
70	69	-94.82
