1	5	-86.86
1	9	-77.36
1	19	-79.24
1	20	-91.10
1	27	-92.29
1	29	-89.85
1	31	-89.80
1	36	-91.29
1	44	-84.53
1	47	-93.46
1	56	-94.60
1	61	-84.96
1	62	-91.13
1	71	-91.14
1	75	-83.90
1	78	-82.09
1	82	-94.90
1	89	-87.42
1	90	-94.96
1	91	-79.32
1	94	-94.10
1	100	-92.94
2	3	-93.63
2	4	-84.04
2	12	-84.71
2	13	-89.36
2	18	-85.99
2	27	-94.91
2	30	-83.20
2	31	-91.93
2	39	-74.83
2	40	-71.81
2	46	-76.49
2	47	-91.18
2	50	-86.82
2	56	-84.84
2	57	-82.63
2	59	-54.57
2	60	-94.98
2	63	-85.58
2	64	-86.97
2	70	-88.28
2	71	-89.79
2	72	-73.64
2	73	-73.80
2	74	-68.92
2	76	-81.01
2	81	-81.14
2	82	-84.29
2	83	-87.81
2	85	-77.92
2	86	-88.66
2	92	-78.99
2	97	-93.00
2	99	-88.26
2	100	-87.89
3	2	-93.63
3	4	-90.29
3	5	-92.23
3	6	-92.38
3	7	-88.39
3	8	-89.45
3	9	-92.74
3	10	-94.51
3	11	-92.98
3	12	-93.78
3	13	-77.51
3	14	-94.46
3	17	-94.90
3	18	-85.58
3	19	-93.55
3	20	-81.82
3	21	-93.33
3	22	-94.86
3	23	-93.48
3	25	-90.20
3	26	-79.99
3	27	-78.70
3	29	-90.58
3	30	-84.18
3	31	-87.16
3	32	-90.05
3	33	-85.11
3	36	-84.03
3	38	-91.75
3	39	-90.43
3	43	-94.79
3	44	-89.13
3	47	-79.04
3	50	-92.19
3	53	-94.38
3	54	-94.01
3	55	-93.83
3	56	-91.36
3	57	-87.42
3	59	-93.21
3	60	-64.51
3	61	-91.10
3	62	-81.37
3	63	-82.88
3	64	-88.31
3	65	-90.86
3	66	-67.64
3	67	-86.34
3	68	-75.18
3	69	-84.90
3	70	-77.03
3	71	-90.48
3	72	-90.72
3	73	-94.72
3	74	-92.59
3	75	-90.95
3	76	-91.85
3	77	-91.27
3	78	-91.51
3	80	-91.30
3	81	-89.26
3	82	-91.57
3	83	-90.06
3	86	-88.66
3	87	-89.93
3	88	-86.11
3	89	-91.15
3	90	-70.92
3	91	-94.70
3	92	-87.23
3	95	-93.15
3	96	-91.46
3	97	-90.60
3	98	-90.52
3	99	-76.99
3	100	-87.89
4	2	-84.04
4	3	-90.29
4	6	-92.22
4	7	-92.44
4	12	-71.81
4	13	-88.53
4	18	-72.07
4	21	-90.35
4	25	-88.57
4	27	-94.21
4	30	-82.09
4	31	-94.05
4	33	-88.79
4	39	-85.62
4	40	-85.72
4	46	-83.82
4	47	-91.16
4	49	-94.99
4	50	-66.84
4	53	-92.80
4	56	-91.55
4	57	-87.38
4	59	-84.86
4	60	-92.44
4	63	-78.43
4	64	-65.91
4	66	-92.91
4	67	-88.57
4	68	-94.22
4	70	-85.62
4	71	-93.87
4	72	-75.36
4	73	-80.49
4	74	-78.10
4	76	-90.02
4	81	-88.03
4	82	-91.39
4	83	-66.84
4	85	-81.17
4	86	-71.07
4	87	-86.40
4	88	-87.85
4	90	-93.36
4	92	-81.05
4	97	-82.07
4	99	-84.58
4	100	-91.59
5	1	-86.86
5	3	-92.23
5	9	-81.62
5	10	-91.01
5	11	-86.97
5	13	-92.78
5	14	-83.90
5	17	-93.59
5	19	-87.81
5	20	-83.60
5	23	-89.06
5	26	-91.33
5	27	-86.15
5	29	-66.95
5	31	-89.85
5	34	-93.57
5	36	-80.32
5	38	-85.05
5	42	-94.44
5	44	-81.43
5	47	-90.61
5	48	-87.71
5	51	-88.64
5	60	-90.14
5	61	-65.95
5	62	-84.58
5	66	-89.56
5	68	-90.60
5	69	-91.23
5	70	-94.50
5	71	-93.19
5	75	-87.19
5	77	-94.42
5	78	-86.11
5	84	-87.71
5	89	-54.57
5	90	-88.59
5	91	-89.56
5	94	-83.07
5	96	-86.33
5	100	-93.44
6	3	-92.38
6	4	-92.22
6	7	-75.56
6	8	-90.03
6	12	-93.79
6	15	-88.28
6	16	-87.10
6	18	-91.04
6	21	-70.59
6	22	-94.47
6	25	-70.92
6	26	-92.49
6	28	-87.33
6	30	-94.92
6	32	-84.20
6	33	-79.21
6	43	-93.59
6	49	-71.41
6	50	-91.47
6	53	-66.84
6	54	-93.61
6	55	-93.41
6	58	-81.73
6	60	-93.69
6	63	-92.49
6	64	-90.00
6	65	-85.48
6	66	-94.07
6	67	-77.36
6	68	-92.82
6	69	-93.67
6	70	-93.91
6	77	-94.57
6	80	-86.51
6	83	-89.66
6	86	-88.53
6	87	-76.49
6	88	-78.20
6	90	-94.80
6	93	-87.43
6	95	-85.38
6	97	-82.98
6	98	-83.82
6	99	-93.20
7	3	-88.39
7	4	-92.44
7	6	-75.56
7	8	-84.21
7	12	-94.68
7	13	-93.05
7	15	-86.15
7	16	-88.31
7	18	-90.16
7	20	-94.97
7	21	-82.13
7	22	-91.14
7	24	-94.61
7	25	-77.03
7	26	-87.33
7	27	-94.04
7	28	-85.37
7	30	-93.43
7	32	-75.88
7	33	-71.70
7	41	-94.15
7	43	-90.21
7	47	-94.22
7	49	-81.74
7	50	-92.47
7	53	-81.78
7	54	-89.96
7	55	-89.68
7	58	-85.97
7	60	-89.73
7	62	-94.96
7	63	-90.96
7	64	-90.01
7	65	-78.60
7	66	-90.16
7	67	-71.81
7	68	-88.02
7	69	-88.91
7	70	-91.56
7	77	-90.47
7	80	-80.36
7	83	-90.34
7	86	-88.90
7	87	-80.40
7	88	-73.89
7	90	-91.11
7	92	-94.70
7	93	-86.21
7	95	-81.01
7	97	-85.62
7	98	-75.88
7	99	-90.84
8	3	-89.45
8	6	-90.03
8	7	-84.21
8	10	-89.43
8	11	-90.45
8	13	-94.63
8	14	-93.75
8	15	-83.83
8	16	-90.73
8	17	-87.27
8	20	-93.36
8	21	-93.07
8	22	-79.29
8	23	-89.56
8	24	-85.17
8	25	-90.95
8	26	-81.41
8	27	-92.95
8	28	-84.20
8	29	-94.45
8	32	-74.84
8	33	-87.33
8	34	-94.30
8	35	-86.34
8	36	-92.52
8	37	-89.40
8	38	-90.34
8	41	-84.82
8	42	-89.91
8	43	-78.35
8	47	-94.85
8	48	-93.49
8	49	-91.35
8	51	-93.50
8	52	-86.02
8	53	-92.47
8	54	-76.34
8	55	-75.62
8	58	-91.78
8	60	-89.00
8	62	-93.66
8	65	-73.51
8	66	-89.06
8	67	-88.13
8	68	-84.71
8	69	-79.32
8	70	-94.19
8	77	-75.97
8	79	-92.81
8	80	-72.35
8	84	-93.49
8	87	-92.15
8	88	-88.70
8	90	-89.79
8	93	-85.99
8	95	-79.29
8	96	-89.26
8	97	-94.48
8	98	-76.02
8	99	-93.91
9	1	-77.36
9	3	-92.74
9	5	-81.62
9	11	-94.15
9	13	-90.81
9	14	-92.72
9	19	-72.97
9	20	-84.21
9	26	-94.40
9	27	-86.04
9	29	-84.84
9	30	-94.53
9	31	-83.58
9	36	-84.92
9	38	-92.87
9	44	-71.21
9	47	-88.13
9	48	-94.90
9	56	-91.62
9	57	-92.57
9	60	-91.36
9	61	-76.60
9	62	-84.23
9	66	-90.97
9	68	-93.19
9	70	-93.06
9	71	-87.11
9	75	-74.66
9	76	-93.56
9	78	-70.74
9	81	-93.05
9	82	-92.01
9	84	-94.90
9	89	-81.43
9	90	-90.01
9	91	-77.31
9	94	-92.22
9	96	-93.50
9	99	-93.80
9	100	-88.69
10	3	-94.51
10	5	-91.01
10	8	-89.43
10	11	-70.92
10	14	-79.80
10	17	-69.47
10	20	-93.03
10	22	-87.81
10	23	-61.77
10	24	-80.45
10	26	-88.80
10	27	-93.70
10	29	-88.53
10	32	-93.85
10	34	-77.85
10	35	-83.50
10	36	-90.72
10	37	-82.66
10	38	-76.02
10	41	-85.50
10	42	-72.35
10	43	-89.23
10	45	-87.68
10	48	-75.53
10	51	-74.66
10	52	-80.93
10	54	-88.00
10	55	-88.09
10	60	-92.93
10	61	-92.71
10	62	-93.66
10	65	-93.47
10	66	-92.58
10	68	-90.35
10	69	-85.43
10	77	-82.52
10	79	-83.84
10	80	-93.07
10	84	-75.53
10	89	-90.77
10	90	-92.49
10	94	-84.53
10	95	-94.83
10	96	-74.27
10	98	-94.18
11	3	-92.98
11	5	-86.97
11	8	-90.45
11	9	-94.15
11	10	-70.92
11	14	-71.63
11	17	-79.56
11	20	-90.18
11	22	-90.57
11	23	-60.53
11	24	-85.78
11	26	-87.48
11	27	-91.18
11	29	-83.58
11	32	-94.48
11	34	-82.22
11	35	-88.11
11	36	-87.18
11	37	-87.84
11	38	-60.10
11	41	-89.37
11	42	-81.57
11	43	-91.62
11	44	-92.88
11	45	-91.22
11	47	-94.89
11	48	-70.98
11	51	-72.25
11	52	-86.27
11	54	-90.46
11	55	-90.48
11	60	-91.02
11	61	-89.18
11	62	-90.97
11	65	-94.27
11	66	-90.55
11	68	-88.65
11	69	-84.49
11	77	-84.98
11	79	-88.63
11	80	-94.00
11	84	-70.98
11	89	-86.64
11	90	-90.27
11	94	-79.75
11	96	-60.10
11	98	-94.84
12	2	-84.71
12	3	-93.78
12	4	-71.81
12	6	-93.79
12	7	-94.68
12	13	-92.22
12	18	-81.87
12	21	-91.57
12	25	-90.75
12	30	-87.17
12	33	-91.83
12	39	-88.22
12	40	-84.04
12	46	-80.50
12	47	-94.27
12	50	-66.84
12	53	-93.88
12	56	-93.53
12	57	-90.50
12	59	-86.00
12	63	-85.32
12	64	-78.10
12	67	-91.49
12	70	-90.13
12	72	-79.61
12	73	-77.76
12	74	-79.21
12	76	-91.92
12	81	-90.70
12	82	-93.33
12	83	-75.61
12	85	-76.49
12	86	-79.26
12	87	-88.83
12	88	-90.92
12	92	-85.76
12	97	-84.69
12	99	-89.43
12	100	-94.10
13	2	-89.36
13	3	-77.51
13	4	-88.53
13	5	-92.78
13	7	-93.05
13	8	-94.63
13	9	-90.81
13	12	-92.22
13	18	-83.90
13	19	-90.45
13	20	-82.29
13	25	-93.18
13	26	-88.42
13	27	-79.07
13	29	-92.01
13	30	-75.70
13	31	-80.11
13	32	-94.86
13	33	-90.03
13	36	-86.14
13	38	-94.79
13	39	-83.88
13	40	-92.90
13	44	-86.90
13	46	-93.38
13	47	-65.63
13	50	-91.21
13	56	-84.50
13	57	-77.85
13	59	-88.54
13	60	-79.79
13	61	-91.00
13	62	-80.95
13	63	-78.97
13	64	-87.53
13	66	-80.34
13	67	-90.71
13	68	-85.73
13	69	-91.21
13	70	-65.46
13	71	-83.76
13	72	-86.64
13	73	-91.76
13	74	-88.88
13	75	-87.09
13	76	-85.38
13	78	-88.20
13	81	-81.20
13	82	-84.84
13	83	-89.56
13	85	-92.93
13	86	-88.63
13	87	-92.48
13	88	-90.35
13	89	-91.82
13	90	-80.21
13	91	-91.58
13	92	-80.34
13	96	-94.76
13	97	-92.03
13	99	-70.03
13	100	-78.80
14	3	-94.46
14	5	-83.90
14	8	-93.75
14	9	-92.72
14	10	-79.80
14	11	-71.63
14	17	-85.46
14	20	-90.46
14	22	-93.93
14	23	-76.28
14	24	-90.01
14	26	-90.58
14	27	-91.75
14	29	-81.01
14	34	-83.37
14	35	-91.70
14	36	-87.45
14	37	-91.11
14	38	-71.91
14	41	-92.81
14	42	-85.97
14	43	-94.78
14	44	-91.99
14	45	-92.63
14	48	-66.84
14	51	-70.47
14	52	-90.30
14	54	-93.87
14	55	-93.89
14	60	-92.60
14	61	-87.17
14	62	-91.26
14	66	-92.13
14	68	-91.12
14	69	-88.69
14	77	-89.73
14	78	-94.74
14	79	-91.03
14	84	-66.84
14	89	-84.11
14	90	-91.68
14	94	-67.76
14	96	-75.00
15	6	-88.28
15	7	-86.15
15	8	-83.83
15	16	-78.49
15	17	-93.70
15	21	-91.87
15	22	-84.33
15	24	-90.97
15	25	-91.30
15	26	-92.30
15	28	-50.17
15	32	-79.80
15	33	-90.57
15	35	-90.59
15	37	-93.03
15	41	-88.74
15	43	-82.07
15	49	-86.89
15	52	-91.25
15	53	-89.93
15	54	-83.45
15	55	-83.23
15	58	-84.14
15	65	-77.94
15	67	-90.63
15	68	-93.74
15	69	-91.69
15	77	-88.82
15	80	-77.03
15	87	-92.90
15	88	-91.22
15	93	-60.53
15	95	-70.14
15	98	-78.87
16	6	-87.10
16	7	-88.31
16	8	-90.73
16	15	-78.49
16	21	-90.26
16	22	-91.61
16	25	-91.05
16	28	-77.03
16	32	-86.60
16	33	-92.06
16	41	-94.34
16	43	-90.29
16	49	-82.89
16	53	-87.38
16	54	-91.12
16	55	-90.99
16	58	-74.29
16	65	-86.17
16	67	-91.77
16	77	-94.40
16	80	-86.21
16	87	-92.67
16	88	-92.26
16	93	-73.69
16	95	-82.22
16	98	-85.88
17	3	-94.90
17	5	-93.59
17	8	-87.27
17	10	-69.47
17	11	-79.56
17	14	-85.46
17	15	-93.70
17	20	-94.46
17	22	-83.59
17	23	-75.19
17	24	-71.52
17	26	-88.85
17	27	-94.90
17	28	-94.20
17	29	-91.41
17	32	-92.25
17	34	-80.84
17	35	-76.78
17	36	-92.56
17	37	-76.45
17	38	-82.13
17	41	-79.84
17	42	-65.50
17	43	-85.55
17	45	-86.19
17	48	-82.65
17	51	-81.96
17	52	-72.40
17	54	-84.11
17	55	-84.29
17	60	-93.57
17	61	-94.89
17	65	-91.68
17	66	-93.30
17	68	-90.73
17	69	-85.23
17	77	-78.62
17	79	-80.53
17	80	-91.14
17	84	-82.65
17	89	-93.29
17	90	-93.36
17	94	-88.83
17	95	-92.96
17	96	-80.50
17	98	-92.56
18	2	-85.99
18	3	-85.58
18	4	-72.07
18	6	-91.04
18	7	-90.16
18	12	-81.87
18	13	-83.90
18	20	-92.55
18	21	-89.91
18	25	-87.06
18	26	-92.23
18	27	-90.96
18	30	-76.62
18	31	-91.59
18	32	-93.99
18	33	-85.54
18	36	-94.24
18	39	-84.76
18	40	-88.81
18	46	-88.00
18	47	-87.43
18	49	-94.23
18	50	-78.40
18	53	-92.23
18	56	-90.19
18	57	-84.86
18	59	-86.13
18	60	-88.49
18	62	-92.03
18	63	-66.45
18	64	-66.11
18	65	-94.83
18	66	-89.10
18	67	-85.64
18	68	-90.83
18	69	-94.53
18	70	-79.39
18	71	-92.04
18	72	-78.27
18	73	-85.37
18	74	-82.07
18	76	-89.07
18	81	-86.25
18	82	-90.12
18	83	-73.51
18	85	-86.41
18	86	-71.21
18	87	-85.03
18	88	-84.79
18	90	-89.71
18	92	-78.05
18	97	-82.06
18	98	-94.18
18	99	-77.47
18	100	-89.26
19	1	-79.24
19	3	-93.55
19	5	-87.81
19	9	-72.97
19	13	-90.45
19	20	-86.97
19	27	-87.91
19	29	-89.76
19	30	-93.61
19	31	-81.17
19	36	-88.55
19	39	-93.36
19	44	-77.64
19	47	-87.99
19	56	-88.63
19	57	-90.79
19	60	-92.67
19	61	-84.57
19	62	-86.59
19	66	-92.41
19	68	-94.79
19	70	-92.72
19	71	-82.95
19	75	-68.09
19	76	-91.05
19	78	-64.93
19	81	-90.98
19	82	-89.09
19	89	-87.55
19	90	-91.61
19	91	-60.28
19	92	-94.23
19	99	-93.52
19	100	-86.06
20	1	-91.10
20	3	-81.82
20	5	-83.60
20	7	-94.97
20	8	-93.36
20	9	-84.21
20	10	-93.03
20	11	-90.18
20	13	-82.29
20	14	-90.46
20	17	-94.46
20	18	-92.55
20	19	-86.97
20	23	-91.44
20	26	-85.22
20	27	-60.19
20	29	-81.87
20	30	-89.30
20	31	-81.28
20	33	-93.39
20	36	-66.67
20	38	-88.32
20	39	-92.40
20	44	-77.16
20	47	-77.86
20	48	-92.59
20	51	-93.18
20	56	-90.66
20	57	-88.96
20	60	-78.10
20	61	-80.70
20	62	-49.41
20	63	-90.27
20	64	-94.55
20	66	-76.99
20	67	-94.12
20	68	-82.45
20	69	-87.30
20	70	-85.49
20	71	-87.42
20	72	-94.56
20	75	-83.29
20	76	-92.14
20	77	-92.87
20	78	-83.53
20	81	-90.32
20	82	-91.03
20	84	-92.59
20	88	-94.02
20	89	-81.64
20	90	-74.29
20	91	-88.97
20	92	-91.21
20	94	-91.55
20	96	-88.61
20	99	-86.45
20	100	-86.19
21	3	-93.33
21	4	-90.35
21	6	-70.59
21	7	-82.13
21	8	-93.07
21	12	-91.57
21	15	-91.87
21	16	-90.26
21	18	-89.91
21	25	-70.03
21	26	-94.41
21	28	-91.12
21	30	-94.45
21	32	-88.73
21	33	-81.96
21	49	-77.36
21	50	-88.96
21	53	-66.56
21	58	-85.27
21	60	-94.79
21	63	-91.88
21	64	-88.15
21	65	-89.73
21	67	-80.08
21	68	-94.44
21	70	-93.94
21	72	-94.51
21	80	-90.51
21	83	-87.27
21	86	-86.33
21	87	-72.60
21	88	-80.15
21	93	-91.10
21	95	-89.75
21	97	-78.54
21	98	-88.50
21	99	-93.18
22	3	-94.86
22	6	-94.47
22	7	-91.14
22	8	-79.29
22	10	-87.81
22	11	-90.57
22	14	-93.93
22	15	-84.33
22	16	-91.61
22	17	-83.59
22	23	-89.02
22	24	-76.78
22	26	-89.04
22	28	-85.39
22	32	-85.14
22	33	-93.60
22	34	-91.85
22	35	-76.09
22	37	-82.13
22	38	-91.21
22	41	-70.88
22	42	-85.83
22	43	-56.73
22	45	-91.59
22	48	-92.87
22	49	-94.69
22	51	-92.63
22	52	-77.51
22	54	-55.31
22	55	-58.16
22	58	-93.97
22	60	-94.24
22	65	-83.61
22	66	-94.19
22	67	-94.04
22	68	-91.23
22	69	-86.41
22	77	-76.69
22	79	-87.61
22	80	-82.29
22	84	-92.87
22	88	-94.45
22	90	-94.58
22	93	-86.82
22	95	-84.26
22	96	-90.15
22	98	-85.32
23	3	-93.48
23	5	-89.06
23	8	-89.56
23	10	-61.77
23	11	-60.53
23	14	-76.28
23	17	-75.19
23	20	-91.44
23	22	-89.02
23	24	-83.18
23	26	-87.64
23	27	-92.25
23	29	-86.13
23	32	-93.89
23	34	-80.45
23	35	-85.90
23	36	-88.79
23	37	-85.54
23	38	-69.40
23	41	-87.43
23	42	-77.94
23	43	-90.24
23	44	-94.16
23	45	-89.74
23	48	-73.09
23	51	-73.13
23	52	-83.73
23	54	-89.00
23	55	-89.05
23	60	-91.69
23	61	-90.95
23	62	-92.15
23	65	-93.60
23	66	-91.27
23	68	-89.09
23	69	-84.26
23	77	-83.18
23	79	-86.61
23	80	-93.27
23	84	-73.09
23	89	-88.75
23	90	-91.10
23	94	-82.42
23	96	-66.84
23	98	-94.24
24	7	-94.61
24	8	-85.17
24	10	-80.45
24	11	-85.78
24	14	-90.01
24	15	-90.97
24	17	-71.52
24	22	-76.78
24	23	-83.18
24	26	-89.65
24	28	-91.63
24	29	-94.19
24	32	-90.45
24	34	-85.72
24	35	-61.77
24	36	-94.58
24	37	-70.43
24	38	-87.25
24	41	-68.09
24	42	-75.00
24	43	-79.93
24	45	-86.48
24	48	-88.07
24	51	-87.57
24	52	-47.08
24	54	-78.37
24	55	-78.81
24	60	-94.54
24	65	-89.61
24	66	-94.36
24	68	-91.67
24	69	-86.36
24	77	-76.62
24	79	-80.15
24	80	-88.85
24	84	-88.07
24	90	-94.56
24	93	-92.59
24	94	-92.57
24	95	-90.61
24	96	-85.97
24	98	-90.71
25	3	-90.20
25	4	-88.57
25	6	-70.92
25	7	-77.03
25	8	-90.95
25	12	-90.75
25	13	-93.18
25	15	-91.30
25	16	-91.05
25	18	-87.06
25	21	-70.03
25	26	-91.72
25	28	-90.61
25	30	-92.14
25	32	-86.34
25	33	-73.97
25	43	-94.98
25	47	-94.76
25	49	-80.86
25	50	-87.77
25	53	-75.73
25	54	-94.83
25	55	-94.64
25	58	-87.24
25	60	-91.99
25	63	-89.09
25	64	-85.60
25	65	-87.67
25	66	-92.45
25	67	-70.47
25	68	-91.64
25	69	-93.37
25	70	-91.21
25	72	-92.91
25	73	-94.98
25	74	-94.11
25	80	-88.62
25	83	-85.22
25	86	-83.58
25	87	-60.94
25	88	-70.43
25	90	-93.25
25	92	-93.11
25	93	-90.87
25	95	-88.45
25	97	-75.61
25	98	-86.25
25	99	-90.31
26	3	-79.99
26	5	-91.33
26	6	-92.49
26	7	-87.33
26	8	-81.41
26	9	-94.40
26	10	-88.80
26	11	-87.48
26	13	-88.42
26	14	-90.58
26	15	-92.30
26	17	-88.85
26	18	-92.23
26	20	-85.22
26	21	-94.41
26	22	-89.04
26	23	-87.64
26	24	-89.65
26	25	-91.72
26	27	-84.48
26	28	-92.35
26	29	-88.71
26	30	-92.16
26	31	-92.40
26	32	-85.62
26	33	-86.89
26	34	-94.27
26	35	-91.27
26	36	-84.12
26	37	-92.90
26	38	-86.19
26	41	-90.98
26	42	-91.38
26	43	-89.17
26	44	-91.59
26	47	-88.19
26	48	-91.40
26	49	-94.66
26	51	-91.72
26	52	-90.37
26	53	-94.70
26	54	-87.86
26	55	-87.62
26	57	-94.00
26	60	-77.26
26	61	-91.23
26	62	-85.72
26	63	-91.10
26	64	-93.62
26	65	-86.13
26	66	-77.03
26	67	-88.08
26	68	-63.30
26	69	-67.38
26	70	-88.52
26	75	-94.18
26	77	-82.63
26	78	-94.33
26	80	-86.33
26	83	-94.66
26	84	-91.40
26	86	-93.52
26	87	-92.21
26	88	-88.30
26	89	-90.31
26	90	-78.37
26	92	-93.98
26	93	-93.34
26	94	-92.91
26	95	-89.34
26	96	-85.27
26	97	-93.77
26	98	-86.36
26	99	-88.44
26	100	-93.80
27	1	-92.29
27	2	-94.91
27	3	-78.70
27	4	-94.21
27	5	-86.15
27	7	-94.04
27	8	-92.95
27	9	-86.04
27	10	-93.70
27	11	-91.18
27	13	-79.07
27	14	-91.75
27	17	-94.90
27	18	-90.96
27	19	-87.91
27	20	-60.19
27	23	-92.25
27	26	-84.48
27	29	-84.57
27	30	-87.42
27	31	-80.53
27	32	-94.47
27	33	-92.17
27	36	-72.65
27	38	-89.49
27	39	-91.16
27	44	-79.81
27	47	-73.90
27	48	-93.61
27	51	-94.14
27	56	-89.73
27	57	-87.41
27	59	-94.29
27	60	-74.74
27	61	-83.73
27	62	-55.98
27	63	-88.41
27	64	-93.19
27	65	-94.92
27	66	-73.65
27	67	-92.94
27	68	-81.17
27	69	-87.14
27	70	-82.85
27	71	-86.76
27	72	-93.29
27	74	-94.73
27	75	-84.16
27	76	-91.14
27	77	-92.90
27	78	-84.69
27	81	-89.00
27	82	-90.10
27	83	-94.56
27	84	-93.61
27	86	-93.71
27	88	-92.81
27	89	-84.52
27	90	-70.40
27	91	-89.72
27	92	-89.63
27	94	-92.89
27	96	-89.63
27	98	-94.86
27	99	-83.96
27	100	-84.92
28	6	-87.33
28	7	-85.37
28	8	-84.20
28	15	-50.17
28	16	-77.03
28	17	-94.20
28	21	-91.12
28	22	-85.39
28	24	-91.63
28	25	-90.61
28	26	-92.35
28	32	-79.32
28	33	-90.03
28	35	-91.32
28	37	-93.66
28	41	-89.59
28	43	-83.31
28	49	-85.74
28	52	-91.92
28	53	-89.03
28	54	-84.48
28	55	-84.26
28	58	-82.79
28	65	-77.66
28	67	-90.05
28	68	-93.73
28	69	-91.88
28	77	-89.36
28	80	-77.03
28	87	-92.29
28	88	-90.66
28	93	-55.31
28	95	-69.10
28	97	-94.92
28	98	-78.27
29	1	-89.85
29	3	-90.58
29	5	-66.95
29	8	-94.45
29	9	-84.84
29	10	-88.53
29	11	-83.58
29	13	-92.01
29	14	-81.01
29	17	-91.41
29	19	-89.76
29	20	-81.87
29	23	-86.13
29	24	-94.19
29	26	-88.71
29	27	-84.57
29	31	-90.16
29	34	-92.06
29	36	-76.68
29	38	-80.85
29	42	-92.54
29	44	-83.03
29	47	-89.91
29	48	-85.43
29	51	-86.51
29	52	-94.56
29	60	-88.11
29	61	-73.01
29	62	-83.18
29	66	-87.41
29	68	-88.07
29	69	-88.39
29	70	-93.64
29	71	-93.65
29	75	-88.59
29	77	-92.15
29	78	-87.85
29	84	-85.43
29	89	-63.30
29	90	-86.39
29	91	-91.40
29	94	-81.73
29	96	-82.41
29	99	-94.13
29	100	-93.53
30	2	-83.20
30	3	-84.18
30	4	-82.09
30	6	-94.92
30	7	-93.43
30	9	-94.53
30	12	-87.17
30	13	-75.70
30	18	-76.62
30	19	-93.61
30	20	-89.30
30	21	-94.45
30	25	-92.14
30	26	-92.16
30	27	-87.42
30	31	-85.90
30	33	-89.99
30	36	-91.77
30	39	-76.60
30	40	-88.08
30	44	-91.86
30	46	-88.52
30	47	-81.07
30	50	-86.30
30	56	-83.46
30	57	-73.30
30	59	-82.33
30	60	-86.71
30	62	-88.49
30	63	-68.55
30	64	-81.94
30	66	-87.24
30	67	-90.38
30	68	-90.31
30	69	-94.48
30	70	-70.98
30	71	-86.08
30	72	-77.66
30	73	-86.13
30	74	-81.68
30	75	-91.17
30	76	-82.33
30	78	-92.14
30	81	-76.85
30	82	-83.45
30	83	-84.69
30	85	-87.81
30	86	-84.07
30	87	-90.96
30	88	-89.85
30	90	-87.48
30	91	-94.27
30	92	-63.58
30	97	-89.47
30	99	-71.07
30	100	-81.65
31	1	-89.80
31	2	-91.93
31	3	-87.16
31	4	-94.05
31	5	-89.85
31	9	-83.58
31	13	-80.11
31	18	-91.59
31	19	-81.17
31	20	-81.28
31	26	-92.40
31	27	-80.53
31	29	-90.16
31	30	-85.90
31	36	-85.42
31	39	-86.76
31	44	-78.68
31	47	-75.43
31	56	-81.22
31	57	-81.64
31	59	-90.94
31	60	-86.71
31	61	-86.97
31	62	-79.83
31	63	-88.88
31	64	-93.81
31	66	-86.57
31	68	-90.47
31	69	-94.13
31	70	-84.36
31	71	-72.35
31	72	-91.51
31	73	-94.91
31	74	-92.73
31	75	-74.27
31	76	-84.59
31	78	-77.26
31	81	-82.83
31	82	-82.00
31	86	-94.66
31	89	-88.96
31	90	-85.66
31	91	-83.06
31	92	-87.21
31	99	-85.76
31	100	-72.07
32	3	-90.05
32	6	-84.20
32	7	-75.88
32	8	-74.84
32	10	-93.85
32	11	-94.48
32	13	-94.86
32	15	-79.80
32	16	-86.60
32	17	-92.25
32	18	-93.99
32	21	-88.73
32	22	-85.14
32	23	-93.89
32	24	-90.45
32	25	-86.34
32	26	-85.62
32	27	-94.47
32	28	-79.32
32	33	-82.90
32	35	-90.95
32	36	-94.81
32	37	-93.35
32	38	-94.28
32	41	-89.55
32	42	-94.12
32	43	-83.64
32	49	-85.91
32	52	-90.98
32	53	-87.61
32	54	-83.34
32	55	-82.90
32	58	-86.93
32	60	-90.45
32	63	-94.22
32	64	-94.20
32	65	-53.97
32	66	-90.69
32	67	-83.51
32	68	-87.49
32	69	-85.83
32	70	-93.97
32	77	-85.33
32	80	-61.70
32	83	-94.60
32	86	-93.49
32	87	-88.25
32	88	-84.42
32	90	-91.51
32	93	-81.41
32	95	-69.69
32	96	-93.51
32	97	-91.48
32	98	-43.60
32	99	-93.50
33	3	-85.11
33	4	-88.79
33	6	-79.21
33	7	-71.70
33	8	-87.33
33	12	-91.83
33	13	-90.03
33	15	-90.57
33	16	-92.06
33	18	-85.54
33	20	-93.39
33	21	-81.96
33	22	-93.60
33	25	-73.97
33	26	-86.89
33	27	-92.17
33	28	-90.03
33	30	-89.99
33	32	-82.90
33	36	-94.01
33	39	-94.60
33	43	-92.97
33	47	-91.72
33	49	-85.55
33	50	-89.13
33	53	-83.76
33	54	-92.58
33	55	-92.34
33	57	-93.68
33	58	-89.73
33	60	-87.38
33	62	-93.26
33	63	-86.68
33	64	-85.55
33	65	-84.69
33	66	-88.00
33	67	-52.05
33	68	-86.71
33	69	-89.32
33	70	-87.90
33	72	-92.29
33	74	-93.79
33	77	-92.14
33	80	-85.83
33	81	-94.76
33	83	-86.25
33	86	-84.19
33	87	-75.56
33	88	-55.13
33	90	-89.09
33	92	-91.53
33	93	-90.66
33	95	-86.86
33	97	-81.18
33	98	-83.17
33	99	-86.88
34	5	-93.57
34	8	-94.30
34	10	-77.85
34	11	-82.22
34	14	-83.37
34	17	-80.84
34	22	-91.85
34	23	-80.45
34	24	-85.72
34	26	-94.27
34	29	-92.06
34	35	-86.93
34	36	-94.80
34	37	-84.12
34	38	-84.94
34	41	-88.98
34	42	-76.54
34	43	-93.03
34	45	-82.27
34	48	-77.94
34	51	-75.89
34	52	-85.48
34	54	-92.32
34	55	-92.45
34	69	-92.07
34	77	-89.62
34	79	-80.86
34	84	-77.94
34	89	-93.66
34	94	-85.34
34	96	-84.82
35	8	-86.34
35	10	-83.50
35	11	-88.11
35	14	-91.70
35	15	-90.59
35	17	-76.78
35	22	-76.09
35	23	-85.90
35	24	-61.77
35	26	-91.27
35	28	-91.32
35	32	-90.95
35	34	-86.93
35	37	-66.84
35	38	-89.43
35	41	-60.53
35	42	-77.82
35	43	-79.29
35	45	-85.72
35	48	-89.83
35	51	-89.33
35	52	-57.79
35	54	-78.49
35	55	-79.04
35	65	-90.04
35	68	-93.12
35	69	-88.44
35	77	-79.99
35	79	-79.12
35	80	-89.24
35	84	-89.83
35	93	-92.22
35	94	-93.94
35	95	-90.67
35	96	-88.37
35	98	-91.14
36	1	-91.29
36	3	-84.03
36	5	-80.32
36	8	-92.52
36	9	-84.92
36	10	-90.72
36	11	-87.18
36	13	-86.14
36	14	-87.45
36	17	-92.56
36	18	-94.24
36	19	-88.55
36	20	-66.67
36	23	-88.79
36	24	-94.58
36	26	-84.12
36	27	-72.65
36	29	-76.68
36	30	-91.77
36	31	-85.42
36	32	-94.81
36	33	-94.01
36	34	-94.80
36	38	-84.84
36	39	-94.58
36	42	-94.09
36	44	-79.53
36	47	-83.14
36	48	-90.03
36	51	-90.73
36	56	-93.09
36	57	-91.69
36	60	-80.11
36	61	-78.33
36	62	-70.43
36	63	-92.36
36	66	-78.91
36	67	-94.74
36	68	-81.96
36	69	-85.48
36	70	-88.43
36	71	-90.26
36	75	-85.87
36	76	-94.37
36	77	-91.33
36	78	-85.69
36	81	-92.83
36	82	-93.41
36	84	-90.03
36	88	-94.71
36	89	-77.72
36	90	-76.78
36	91	-90.41
36	92	-93.45
36	94	-88.88
36	96	-85.30
36	99	-89.10
36	100	-89.42
37	8	-89.40
37	10	-82.66
37	11	-87.84
37	14	-91.11
37	15	-93.03
37	17	-76.45
37	22	-82.13
37	23	-85.54
37	24	-70.43
37	26	-92.90
37	28	-93.66
37	32	-93.35
37	34	-84.12
37	35	-66.84
37	38	-89.45
37	41	-73.65
37	42	-74.07
37	43	-84.29
37	45	-81.28
37	48	-88.78
37	51	-88.11
37	52	-67.38
37	54	-83.75
37	55	-84.12
37	65	-92.60
37	68	-94.50
37	69	-90.30
37	77	-83.78
37	79	-71.21
37	80	-91.95
37	84	-88.78
37	93	-94.41
37	94	-93.24
37	95	-93.16
37	96	-88.54
37	98	-93.52
38	3	-91.75
38	5	-85.05
38	8	-90.34
38	9	-92.87
38	10	-76.02
38	11	-60.10
38	13	-94.79
38	14	-71.91
38	17	-82.13
38	20	-88.32
38	22	-91.21
38	23	-69.40
38	24	-87.25
38	26	-86.19
38	27	-89.49
38	29	-80.85
38	32	-94.28
38	34	-84.94
38	35	-89.43
38	36	-84.84
38	37	-89.45
38	41	-90.45
38	42	-84.23
38	43	-92.14
38	44	-91.38
38	45	-92.75
38	47	-93.61
38	48	-74.88
38	51	-76.34
38	52	-87.77
38	54	-90.98
38	55	-90.97
38	60	-89.55
38	61	-87.38
38	62	-89.22
38	65	-94.15
38	66	-89.01
38	68	-87.19
38	69	-83.38
38	75	-94.76
38	77	-85.44
38	78	-94.42
38	79	-90.38
38	80	-93.93
38	84	-74.88
38	89	-84.52
38	90	-88.63
38	94	-79.70
38	96	-53.53
38	98	-94.66
39	2	-74.83
39	3	-90.43
39	4	-85.62
39	12	-88.22
39	13	-83.88
39	18	-84.76
39	19	-93.36
39	20	-92.40
39	27	-91.16
39	30	-76.60
39	31	-86.76
39	33	-94.60
39	36	-94.58
39	40	-83.32
39	44	-93.16
39	46	-85.39
39	47	-86.04
39	50	-88.86
39	56	-76.78
39	57	-70.40
39	59	-71.41
39	60	-91.83
39	62	-91.68
39	63	-82.33
39	64	-87.18
39	66	-92.11
39	67	-94.82
39	68	-94.61
39	70	-83.35
39	71	-83.99
39	72	-76.88
39	73	-83.29
39	74	-78.37
39	75	-91.36
39	76	-70.98
39	78	-92.42
39	81	-66.56
39	82	-76.09
39	83	-88.70
39	85	-85.64
39	86	-88.90
39	87	-94.83
39	88	-94.41
39	90	-92.10
39	91	-93.64
39	92	-71.07
39	97	-93.24
39	99	-83.83
39	100	-80.58
40	2	-71.81
40	4	-85.72
40	12	-84.04
40	13	-92.90
40	18	-88.81
40	30	-88.08
40	39	-83.32
40	46	-65.16
40	47	-94.42
40	50	-87.21
40	56	-89.39
40	57	-88.15
40	59	-75.23
40	63	-89.22
40	64	-88.81
40	70	-91.87
40	71	-93.24
40	72	-79.86
40	73	-69.40
40	74	-74.86
40	76	-86.64
40	81	-87.12
40	82	-88.96
40	83	-88.98
40	85	-72.05
40	86	-90.13
40	92	-85.29
40	97	-93.81
40	99	-91.74
40	100	-91.89
41	7	-94.15
41	8	-84.82
41	10	-85.50
41	11	-89.37
41	14	-92.81
41	15	-88.74
41	16	-94.34
41	17	-79.84
41	22	-70.88
41	23	-87.43
41	24	-68.09
41	26	-90.98
41	28	-89.59
41	32	-89.55
41	34	-88.98
41	35	-60.53
41	37	-73.65
41	38	-90.45
41	42	-81.37
41	43	-75.11
41	45	-87.76
41	48	-91.24
41	51	-90.83
41	52	-67.51
41	54	-74.60
41	55	-75.36
41	65	-88.49
41	68	-92.90
41	69	-88.25
41	77	-79.32
41	79	-82.37
41	80	-87.58
41	84	-91.24
41	93	-90.59
41	94	-94.96
41	95	-89.00
41	96	-89.40
41	98	-89.72
42	5	-94.44
42	8	-89.91
42	10	-72.35
42	11	-81.57
42	14	-85.97
42	17	-65.50
42	22	-85.83
42	23	-77.94
42	24	-75.00
42	26	-91.38
42	29	-92.54
42	32	-94.12
42	34	-76.54
42	35	-77.82
42	36	-94.09
42	37	-74.07
42	38	-84.23
42	41	-81.37
42	43	-87.58
42	45	-82.54
42	48	-82.43
42	51	-81.37
42	52	-74.60
42	54	-86.57
42	55	-86.78
42	65	-93.57
42	68	-92.93
42	69	-88.42
42	77	-83.23
42	79	-75.53
42	80	-93.06
42	84	-82.43
42	89	-94.26
42	94	-88.88
42	95	-94.56
42	96	-83.17
42	98	-94.37
43	3	-94.79
43	6	-93.59
43	7	-90.21
43	8	-78.35
43	10	-89.23
43	11	-91.62
43	14	-94.78
43	15	-82.07
43	16	-90.29
43	17	-85.55
43	22	-56.73
43	23	-90.24
43	24	-79.93
43	25	-94.98
43	26	-89.17
43	28	-83.31
43	32	-83.64
43	33	-92.97
43	34	-93.03
43	35	-79.29
43	37	-84.29
43	38	-92.14
43	41	-75.11
43	42	-87.58
43	45	-92.72
43	48	-93.86
43	49	-93.72
43	51	-93.65
43	52	-80.53
43	54	-55.98
43	55	-57.15
43	58	-92.87
43	60	-94.29
43	65	-81.85
43	66	-94.27
43	67	-93.38
43	68	-91.32
43	69	-86.86
43	77	-78.48
43	79	-89.12
43	80	-80.30
43	84	-93.86
43	88	-93.83
43	90	-94.70
43	93	-84.95
43	95	-82.18
43	96	-91.13
43	98	-83.76
44	1	-84.53
44	3	-89.13
44	5	-81.43
44	9	-71.21
44	11	-92.88
44	13	-86.90
44	14	-91.99
44	19	-77.64
44	20	-77.16
44	23	-94.16
44	26	-91.59
44	27	-79.81
44	29	-83.03
44	30	-91.86
44	31	-78.68
44	36	-79.53
44	38	-91.38
44	39	-93.16
44	47	-83.23
44	48	-94.20
44	51	-94.79
44	56	-89.79
44	57	-90.00
44	60	-87.40
44	61	-75.53
44	62	-76.96
44	63	-93.41
44	66	-86.90
44	68	-89.96
44	69	-92.70
44	70	-89.76
44	71	-84.89
44	75	-72.46
44	76	-91.83
44	78	-70.92
44	81	-90.81
44	82	-90.24
44	84	-94.20
44	89	-80.15
44	90	-85.64
44	91	-81.37
44	92	-93.07
44	94	-92.07
44	96	-91.92
44	99	-90.66
44	100	-85.68
45	10	-87.68
45	11	-91.22
45	14	-92.63
45	17	-86.19
45	22	-91.59
45	23	-89.74
45	24	-86.48
45	34	-82.27
45	35	-85.72
45	37	-81.28
45	38	-92.75
45	41	-87.76
45	42	-82.54
45	43	-92.72
45	48	-90.06
45	51	-89.23
45	52	-85.66
45	54	-92.49
45	55	-92.70
45	77	-92.11
45	79	-71.72
45	84	-90.06
45	94	-93.82
45	96	-92.38
46	2	-76.49
46	4	-83.82
46	12	-80.50
46	13	-93.38
46	18	-88.00
46	30	-88.52
46	39	-85.39
46	40	-65.16
46	50	-84.79
46	56	-91.19
46	57	-89.47
46	59	-79.29
46	63	-89.00
46	64	-87.42
46	70	-92.11
46	71	-94.55
46	72	-79.65
46	73	-62.57
46	74	-74.66
46	76	-88.85
46	81	-88.80
46	82	-90.84
46	83	-87.24
46	85	-60.28
46	86	-88.70
46	87	-94.93
46	92	-86.02
46	97	-92.47
46	99	-91.85
46	100	-93.12
47	1	-93.46
47	2	-91.18
47	3	-79.04
47	4	-91.16
47	5	-90.61
47	7	-94.22
47	8	-94.85
47	9	-88.13
47	11	-94.89
47	12	-94.27
47	13	-65.63
47	18	-87.43
47	19	-87.99
47	20	-77.86
47	25	-94.76
47	26	-88.19
47	27	-73.90
47	29	-89.91
47	30	-81.07
47	31	-75.43
47	33	-91.72
47	36	-83.14
47	38	-93.61
47	39	-86.04
47	40	-94.42
47	44	-83.23
47	50	-93.43
47	56	-84.66
47	57	-80.36
47	59	-90.35
47	60	-79.26
47	61	-88.41
47	62	-75.84
47	63	-83.73
47	64	-90.34
47	66	-79.39
47	67	-92.39
47	68	-85.42
47	69	-90.79
47	70	-75.37
47	71	-82.03
47	72	-89.31
47	73	-93.61
47	74	-91.11
47	75	-83.88
47	76	-86.28
47	78	-85.14
47	81	-82.95
47	82	-85.12
47	83	-92.02
47	85	-94.69
47	86	-91.22
47	87	-94.24
47	88	-92.12
47	89	-89.51
47	90	-78.49
47	91	-89.44
47	92	-84.11
47	96	-93.67
47	97	-94.01
47	99	-77.76
47	100	-77.64
48	5	-87.71
48	8	-93.49
48	9	-94.90
48	10	-75.53
48	11	-70.98
48	14	-66.84
48	17	-82.65
48	20	-92.59
48	22	-92.87
48	23	-73.09
48	24	-88.07
48	26	-91.40
48	27	-93.61
48	29	-85.43
48	34	-77.94
48	35	-89.83
48	36	-90.03
48	37	-88.78
48	38	-74.88
48	41	-91.24
48	42	-82.43
48	43	-93.86
48	44	-94.20
48	45	-90.06
48	51	-49.00
48	52	-88.28
48	54	-92.95
48	55	-93.00
48	60	-93.94
48	61	-90.26
48	62	-93.28
48	66	-93.53
48	68	-92.22
48	69	-89.20
48	77	-88.93
48	79	-88.29
48	84	Inf
48	89	-87.84
48	90	-93.22
48	94	-74.34
48	96	-76.28
49	4	-94.99
49	6	-71.41
49	7	-81.74
49	8	-91.35
49	15	-86.89
49	16	-82.89
49	18	-94.23
49	21	-77.36
49	22	-94.69
49	25	-80.86
49	26	-94.66
49	28	-85.74
49	32	-85.91
49	33	-85.55
49	43	-93.72
49	50	-94.18
49	53	-68.57
49	54	-93.95
49	55	-93.77
49	58	-73.06
49	64	-93.28
49	65	-86.64
49	67	-84.50
49	80	-87.41
49	83	-92.87
49	86	-92.08
49	87	-83.69
49	88	-85.08
49	93	-85.29
49	95	-85.23
49	97	-87.62
49	98	-85.34
50	2	-86.82
50	3	-92.19
50	4	-66.84
50	6	-91.47
50	7	-92.47
50	12	-66.84
50	13	-91.21
50	18	-78.40
50	21	-88.96
50	25	-87.77
50	30	-86.30
50	33	-89.13
50	39	-88.86
50	40	-87.21
50	46	-84.79
50	47	-93.43
50	49	-94.18
50	53	-91.69
50	56	-93.84
50	57	-90.44
50	59	-87.71
50	60	-94.12
50	63	-83.29
50	64	-71.58
50	66	-94.55
50	67	-88.69
50	70	-88.76
50	72	-80.94
50	73	-82.33
50	74	-81.97
50	76	-92.48
50	81	-90.92
50	82	-93.69
50	83	-65.24
50	85	-81.99
50	86	-72.07
50	87	-85.38
50	88	-88.00
50	92	-85.56
50	97	-79.93
50	99	-87.85
50	100	-93.94
51	5	-88.64
51	8	-93.50
51	10	-74.66
51	11	-72.25
51	14	-70.47
51	17	-81.96
51	20	-93.18
51	22	-92.63
51	23	-73.13
51	24	-87.57
51	26	-91.72
51	27	-94.14
51	29	-86.51
51	34	-75.89
51	35	-89.33
51	36	-90.73
51	37	-88.11
51	38	-76.34
51	41	-90.83
51	42	-81.37
51	43	-93.65
51	44	-94.79
51	45	-89.23
51	48	-49.00
51	52	-87.74
51	54	-92.75
51	55	-92.82
51	60	-94.35
51	61	-91.04
51	62	-93.84
51	66	-93.97
51	68	-92.60
51	69	-89.48
51	77	-88.83
51	79	-87.43
51	84	-49.00
51	89	-88.76
51	90	-93.69
51	94	-76.20
51	96	-77.31
52	8	-86.02
52	10	-80.93
52	11	-86.27
52	14	-90.30
52	15	-91.25
52	17	-72.40
52	22	-77.51
52	23	-83.73
52	24	-47.08
52	26	-90.37
52	28	-91.92
52	29	-94.56
52	32	-90.98
52	34	-85.48
52	35	-57.79
52	37	-67.38
52	38	-87.77
52	41	-67.51
52	42	-74.60
52	43	-80.53
52	45	-85.66
52	48	-88.28
52	51	-87.74
52	54	-79.26
52	55	-79.70
52	65	-90.15
52	66	-94.87
52	68	-92.29
52	69	-87.25
52	77	-78.32
52	79	-78.85
52	80	-89.41
52	84	-88.28
52	93	-92.84
52	94	-92.77
52	95	-91.03
52	96	-86.58
52	98	-91.22
53	3	-94.38
53	4	-92.80
53	6	-66.84
53	7	-81.78
53	8	-92.47
53	12	-93.88
53	15	-89.93
53	16	-87.38
53	18	-92.23
53	21	-66.56
53	25	-75.73
53	26	-94.70
53	28	-89.03
53	32	-87.61
53	33	-83.76
53	49	-68.57
53	50	-91.69
53	58	-80.78
53	63	-93.80
53	64	-90.89
53	65	-88.52
53	67	-82.27
53	68	-94.95
53	80	-89.31
53	83	-90.25
53	86	-89.43
53	87	-78.91
53	88	-82.66
53	93	-88.85
53	95	-87.99
53	97	-83.62
53	98	-87.24
53	99	-94.73
54	3	-94.01
54	6	-93.61
54	7	-89.96
54	8	-76.34
54	10	-88.00
54	11	-90.46
54	14	-93.87
54	15	-83.45
54	16	-91.12
54	17	-84.11
54	22	-55.31
54	23	-89.00
54	24	-78.37
54	25	-94.83
54	26	-87.86
54	28	-84.48
54	32	-83.34
54	33	-92.58
54	34	-92.32
54	35	-78.49
54	37	-83.75
54	38	-90.98
54	41	-74.60
54	42	-86.57
54	43	-55.98
54	45	-92.49
54	48	-92.95
54	49	-93.95
54	51	-92.75
54	52	-79.26
54	55	-33.67
54	58	-93.35
54	60	-93.42
54	65	-81.66
54	66	-93.38
54	67	-93.06
54	68	-90.22
54	69	-85.18
54	77	-75.14
54	79	-88.74
54	80	-80.15
54	84	-92.95
54	88	-93.50
54	90	-93.81
54	93	-86.08
54	95	-82.74
54	96	-89.89
54	98	-83.59
55	3	-93.83
55	6	-93.41
55	7	-89.68
55	8	-75.62
55	10	-88.09
55	11	-90.48
55	14	-93.89
55	15	-83.23
55	16	-90.99
55	17	-84.29
55	22	-58.16
55	23	-89.05
55	24	-78.81
55	25	-94.64
55	26	-87.62
55	28	-84.26
55	32	-82.90
55	33	-92.34
55	34	-92.45
55	35	-79.04
55	37	-84.12
55	38	-90.97
55	41	-75.36
55	42	-86.78
55	43	-57.15
55	45	-92.70
55	48	-93.00
55	49	-93.77
55	51	-92.82
55	52	-79.70
55	54	-33.67
55	58	-93.20
55	60	-93.24
55	65	-81.17
55	66	-93.21
55	67	-92.83
55	68	-90.01
55	69	-84.95
55	77	-74.97
55	79	-89.00
55	80	-79.62
55	84	-93.00
55	88	-93.28
55	90	-93.66
55	93	-85.90
55	95	-82.37
55	96	-89.88
55	98	-83.17
56	1	-94.60
56	2	-84.84
56	3	-91.36
56	4	-91.55
56	9	-91.62
56	12	-93.53
56	13	-84.50
56	18	-90.19
56	19	-88.63
56	20	-90.66
56	27	-89.73
56	30	-83.46
56	31	-81.22
56	36	-93.09
56	39	-76.78
56	40	-89.39
56	44	-89.79
56	46	-91.19
56	47	-84.66
56	50	-93.84
56	57	-73.80
56	59	-82.99
56	60	-92.02
56	61	-94.27
56	62	-89.85
56	63	-87.79
56	64	-92.25
56	66	-92.14
56	68	-94.90
56	70	-86.06
56	71	-72.89
56	72	-86.72
56	73	-90.10
56	74	-87.47
56	75	-86.38
56	76	-64.36
56	78	-87.84
56	81	-69.87
56	82	-40.23
56	83	-93.49
56	85	-91.61
56	86	-93.43
56	90	-91.84
56	91	-88.74
56	92	-82.42
56	99	-87.01
56	100	-71.81
57	2	-82.63
57	3	-87.42
57	4	-87.38
57	9	-92.57
57	12	-90.50
57	13	-77.85
57	18	-84.86
57	19	-90.79
57	20	-88.96
57	26	-94.00
57	27	-87.41
57	30	-73.30
57	31	-81.64
57	33	-93.68
57	36	-91.69
57	39	-70.40
57	40	-88.15
57	44	-90.00
57	46	-89.47
57	47	-80.36
57	50	-90.44
57	56	-73.80
57	59	-80.84
57	60	-88.79
57	61	-94.14
57	62	-88.03
57	63	-81.05
57	64	-87.91
57	66	-89.07
57	67	-94.04
57	68	-92.25
57	70	-78.82
57	71	-79.42
57	72	-81.78
57	73	-87.68
57	74	-83.88
57	75	-88.09
57	76	-73.06
57	78	-89.39
57	81	-58.93
57	82	-73.89
57	83	-89.67
57	85	-89.42
57	86	-89.44
57	87	-94.62
57	88	-93.65
57	90	-88.93
57	91	-91.34
57	92	-72.65
57	97	-93.45
57	99	-80.11
57	100	-72.59
58	6	-81.73
58	7	-85.97
58	8	-91.78
58	15	-84.14
58	16	-74.29
58	21	-85.27
58	22	-93.97
58	25	-87.24
58	28	-82.79
58	32	-86.93
58	33	-89.73
58	43	-92.87
58	49	-73.06
58	53	-80.78
58	54	-93.35
58	55	-93.20
58	65	-87.11
58	67	-89.12
58	80	-87.55
58	87	-89.20
58	88	-89.63
58	93	-81.41
58	95	-84.43
58	97	-92.04
58	98	-86.25
59	2	-54.57
59	3	-93.21
59	4	-84.86
59	12	-86.00
59	13	-88.54
59	18	-86.13
59	27	-94.29
59	30	-82.33
59	31	-90.94
59	39	-71.41
59	40	-75.23
59	46	-79.29
59	47	-90.35
59	50	-87.71
59	56	-82.99
59	57	-80.84
59	60	-94.53
59	62	-94.76
59	63	-85.30
59	64	-87.43
59	66	-94.81
59	70	-87.62
59	71	-88.53
59	72	-74.68
59	73	-77.03
59	74	-72.07
59	75	-94.41
59	76	-78.54
59	81	-78.91
59	82	-82.37
59	83	-88.42
59	85	-80.45
59	86	-89.10
59	90	-94.87
59	92	-77.86
59	97	-93.38
59	99	-87.71
59	100	-86.52
60	2	-94.98
60	3	-64.51
60	4	-92.44
60	5	-90.14
60	6	-93.69
60	7	-89.73
60	8	-89.00
60	9	-91.36
60	10	-92.93
60	11	-91.02
60	13	-79.79
60	14	-92.60
60	17	-93.57
60	18	-88.49
60	19	-92.67
60	20	-78.10
60	21	-94.79
60	22	-94.24
60	23	-91.69
60	24	-94.54
60	25	-91.99
60	26	-77.26
60	27	-74.74
60	29	-88.11
60	30	-86.71
60	31	-86.71
60	32	-90.45
60	33	-87.38
60	36	-80.11
60	38	-89.55
60	39	-91.83
60	43	-94.29
60	44	-87.40
60	47	-79.26
60	48	-93.94
60	50	-94.12
60	51	-94.35
60	54	-93.42
60	55	-93.24
60	56	-92.02
60	57	-88.79
60	59	-94.53
60	61	-89.01
60	62	-77.96
60	63	-86.15
60	64	-90.79
60	65	-91.11
60	66	-44.44
60	67	-88.50
60	68	-70.47
60	69	-82.63
60	70	-80.90
60	71	-90.59
60	72	-92.57
60	74	-94.21
60	75	-90.00
60	76	-92.75
60	77	-90.07
60	78	-90.45
60	80	-91.45
60	81	-90.45
60	82	-92.27
60	83	-92.29
60	84	-93.94
60	86	-91.10
60	87	-91.89
60	88	-88.39
60	89	-88.90
60	90	-57.79
60	91	-93.97
60	92	-89.30
60	94	-94.19
60	95	-93.43
60	96	-89.28
60	97	-92.65
60	98	-90.95
60	99	-81.28
60	100	-88.39
61	1	-84.96
61	3	-91.10
61	5	-65.95
61	9	-76.60
61	10	-92.71
61	11	-89.18
61	13	-91.00
61	14	-87.17
61	17	-94.89
61	19	-84.57
61	20	-80.70
61	23	-90.95
61	26	-91.23
61	27	-83.73
61	29	-73.01
61	31	-86.97
61	36	-78.33
61	38	-87.38
61	44	-75.53
61	47	-88.41
61	48	-90.26
61	51	-91.04
61	56	-94.27
61	57	-94.14
61	60	-89.01
61	62	-81.64
61	66	-88.41
61	68	-90.15
61	69	-91.58
61	70	-93.03
61	71	-90.90
61	75	-83.51
61	78	-82.15
61	81	-94.86
61	82	-94.60
61	84	-90.26
61	89	-63.58
61	90	-87.28
61	91	-86.82
61	94	-86.81
61	96	-88.35
61	99	-93.66
61	100	-91.28
62	1	-91.13
62	3	-81.37
62	5	-84.58
62	7	-94.96
62	8	-93.66
62	9	-84.23
62	10	-93.66
62	11	-90.97
62	13	-80.95
62	14	-91.26
62	18	-92.03
62	19	-86.59
62	20	-49.41
62	23	-92.15
62	26	-85.72
62	27	-55.98
62	29	-83.18
62	30	-88.49
62	31	-79.83
62	33	-93.26
62	36	-70.43
62	38	-89.22
62	39	-91.68
62	44	-76.96
62	47	-75.84
62	48	-93.28
62	51	-93.84
62	56	-89.85
62	57	-88.03
62	59	-94.76
62	60	-77.96
62	61	-81.64
62	63	-89.62
62	64	-94.13
62	66	-76.99
62	67	-93.98
62	68	-82.89
62	69	-87.91
62	70	-84.55
62	71	-86.47
62	72	-93.99
62	75	-82.61
62	76	-91.39
62	77	-93.35
62	78	-83.02
62	81	-89.47
62	82	-90.23
62	84	-93.28
62	86	-94.64
62	88	-93.86
62	89	-82.79
62	90	-74.37
62	91	-88.61
62	92	-90.47
62	94	-92.26
62	96	-89.48
62	99	-85.61
62	100	-85.06
63	2	-85.58
63	3	-82.88
63	4	-78.43
63	6	-92.49
63	7	-90.96
63	12	-85.32
63	13	-78.97
63	18	-66.45
63	20	-90.27
63	21	-91.88
63	25	-89.09
63	26	-91.10
63	27	-88.41
63	30	-68.55
63	31	-88.88
63	32	-94.22
63	33	-86.68
63	36	-92.36
63	39	-82.33
63	40	-89.22
63	44	-93.41
63	46	-89.00
63	47	-83.73
63	50	-83.29
63	53	-93.80
63	56	-87.79
63	57	-81.05
63	59	-85.30
63	60	-86.15
63	62	-89.62
63	64	-76.20
63	66	-86.82
63	67	-87.06
63	68	-89.33
63	69	-93.60
63	70	-72.33
63	71	-89.59
63	72	-78.72
63	73	-86.54
63	74	-82.74
63	75	-93.26
63	76	-86.86
63	78	-94.06
63	81	-83.18
63	82	-87.78
63	83	-80.33
63	85	-87.85
63	86	-78.86
63	87	-87.59
63	88	-86.36
63	90	-87.38
63	92	-73.65
63	97	-85.80
63	98	-94.45
63	99	-69.52
63	100	-86.19
64	2	-86.97
64	3	-88.31
64	4	-65.91
64	6	-90.00
64	7	-90.01
64	12	-78.10
64	13	-87.53
64	18	-66.11
64	20	-94.55
64	21	-88.15
64	25	-85.60
64	26	-93.62
64	27	-93.19
64	30	-81.94
64	31	-93.81
64	32	-94.20
64	33	-85.55
64	39	-87.18
64	40	-88.81
64	46	-87.42
64	47	-90.34
64	49	-93.28
64	50	-71.58
64	53	-90.89
64	56	-92.25
64	57	-87.91
64	59	-87.43
64	60	-90.79
64	62	-94.13
64	63	-76.20
64	66	-91.33
64	67	-85.29
64	68	-92.52
64	70	-84.14
64	71	-94.08
64	72	-79.86
64	73	-84.85
64	74	-82.61
64	76	-91.08
64	81	-88.87
64	82	-92.15
64	83	-60.53
64	85	-85.42
64	86	-57.79
64	87	-82.99
64	88	-84.39
64	90	-91.92
64	92	-82.22
64	97	-78.09
64	98	-94.34
64	99	-82.74
64	100	-91.73
65	3	-90.86
65	6	-85.48
65	7	-78.60
65	8	-73.51
65	10	-93.47
65	11	-94.27
65	15	-77.94
65	16	-86.17
65	17	-91.68
65	18	-94.83
65	21	-89.73
65	22	-83.61
65	23	-93.60
65	24	-89.61
65	25	-87.67
65	26	-86.13
65	27	-94.92
65	28	-77.66
65	32	-53.97
65	33	-84.69
65	35	-90.04
65	37	-92.60
65	38	-94.15
65	41	-88.49
65	42	-93.57
65	43	-81.85
65	49	-86.64
65	52	-90.15
65	53	-88.52
65	54	-81.66
65	55	-81.17
65	58	-87.11
65	60	-91.11
65	66	-91.31
65	67	-85.22
65	68	-88.11
65	69	-85.92
65	70	-94.70
65	77	-84.52
65	80	-49.41
65	86	-94.37
65	87	-89.45
65	88	-86.04
65	90	-92.07
65	93	-80.15
65	95	-66.41
65	96	-93.35
65	97	-92.47
65	98	-53.97
65	99	-94.27
66	3	-67.64
66	4	-92.91
66	5	-89.56
66	6	-94.07
66	7	-90.16
66	8	-89.06
66	9	-90.97
66	10	-92.58
66	11	-90.55
66	13	-80.34
66	14	-92.13
66	17	-93.30
66	18	-89.10
66	19	-92.41
66	20	-76.99
66	22	-94.19
66	23	-91.27
66	24	-94.36
66	25	-92.45
66	26	-77.03
66	27	-73.65
66	29	-87.41
66	30	-87.24
66	31	-86.57
66	32	-90.69
66	33	-88.00
66	36	-78.91
66	38	-89.01
66	39	-92.11
66	43	-94.27
66	44	-86.90
66	47	-79.39
66	48	-93.53
66	50	-94.55
66	51	-93.97
66	52	-94.87
66	54	-93.38
66	55	-93.21
66	56	-92.14
66	57	-89.07
66	59	-94.81
66	60	-44.44
66	61	-88.41
66	62	-76.99
66	63	-86.82
66	64	-91.33
66	65	-91.31
66	67	-89.07
66	68	-70.14
66	69	-82.29
66	70	-81.69
66	71	-90.58
66	72	-92.96
66	74	-94.56
66	75	-89.72
66	76	-92.93
66	77	-89.90
66	78	-90.13
66	80	-91.62
66	81	-90.69
66	82	-92.40
66	83	-92.78
66	84	-93.53
66	86	-91.63
66	87	-92.38
66	88	-88.98
66	89	-88.25
66	90	-51.76
66	91	-93.74
66	92	-89.73
66	94	-93.75
66	95	-93.61
66	96	-88.75
66	97	-93.14
66	98	-91.19
66	99	-82.13
66	100	-88.47
67	3	-86.34
67	4	-88.57
67	6	-77.36
67	7	-71.81
67	8	-88.13
67	12	-91.49
67	13	-90.71
67	15	-90.63
67	16	-91.77
67	18	-85.64
67	20	-94.12
67	21	-80.08
67	22	-94.04
67	25	-70.47
67	26	-88.08
67	27	-92.94
67	28	-90.05
67	30	-90.38
67	32	-83.51
67	33	-52.05
67	36	-94.74
67	39	-94.82
67	43	-93.38
67	47	-92.39
67	49	-84.50
67	50	-88.69
67	53	-82.27
67	54	-93.06
67	55	-92.83
67	57	-94.04
67	58	-89.12
67	60	-88.50
67	62	-93.98
67	63	-87.06
67	64	-85.29
67	65	-85.22
67	66	-89.07
67	68	-87.93
67	69	-90.30
67	70	-88.59
67	72	-92.32
67	74	-93.77
67	77	-92.81
67	80	-86.34
67	83	-85.79
67	86	-83.73
67	87	-72.73
67	88	-45.20
67	90	-90.08
67	92	-91.79
67	93	-90.60
67	95	-87.06
67	97	-79.75
67	98	-83.67
67	99	-87.58
68	3	-75.18
68	4	-94.22
68	5	-90.60
68	6	-92.82
68	7	-88.02
68	8	-84.71
68	9	-93.19
68	10	-90.35
68	11	-88.65
68	13	-85.73
68	14	-91.12
68	15	-93.74
68	17	-90.73
68	18	-90.83
68	19	-94.79
68	20	-82.45
68	21	-94.44
68	22	-91.23
68	23	-89.09
68	24	-91.67
68	25	-91.64
68	26	-63.30
68	27	-81.17
68	28	-93.73
68	29	-88.07
68	30	-90.31
68	31	-90.47
68	32	-87.49
68	33	-86.71
68	35	-93.12
68	36	-81.96
68	37	-94.50
68	38	-87.19
68	39	-94.61
68	41	-92.90
68	42	-92.93
68	43	-91.32
68	44	-89.96
68	47	-85.42
68	48	-92.22
68	51	-92.60
68	52	-92.29
