1	4	-93.35
1	5	-93.39
1	10	-77.62
1	16	-94.92
1	17	-91.68
1	19	-90.77
1	20	-86.52
1	21	-87.09
1	26	-80.84
1	28	-93.94
1	31	-91.87
1	32	-85.18
1	35	-83.17
1	36	-86.89
1	37	-90.16
1	40	-83.57
1	41	-93.95
1	45	-94.01
1	46	-92.70
1	48	-86.41
1	49	-93.51
1	50	-94.90
1	52	-68.43
1	53	-87.93
1	54	-94.16
1	55	-92.44
1	60	-91.93
1	61	-94.95
1	63	-93.82
1	65	-83.62
1	70	-93.95
1	75	-92.29
1	76	-92.75
1	77	-87.63
1	78	-93.31
1	79	-90.70
2	3	-91.03
2	6	-69.87
2	7	-91.80
2	9	-88.95
2	11	-74.69
2	13	-89.23
2	15	-77.48
2	16	-84.84
2	18	-94.79
2	19	-92.93
2	23	-86.48
2	28	-94.83
2	29	-77.85
2	30	-75.00
2	33	-93.99
2	34	-88.63
2	38	-67.73
2	39	-70.65
2	41	-93.87
2	44	-82.69
2	45	-93.87
2	47	-81.50
2	51	-89.41
2	54	-93.80
2	56	-65.46
2	57	-88.32
2	59	-91.14
2	60	-89.35
2	61	-86.74
2	63	-90.02
2	66	-68.68
2	67	-86.74
2	68	-82.28
2	69	-94.40
2	70	-93.61
2	71	-93.89
2	73	-90.01
2	77	-94.72
2	80	-88.59
3	2	-91.03
3	6	-87.43
3	11	-92.49
3	13	-62.12
3	16	-90.34
3	21	-89.96
3	28	-81.86
3	29	-94.18
3	30	-85.80
3	35	-93.78
3	38	-88.50
3	39	-93.24
3	41	-80.70
3	48	-90.56
3	49	-88.09
3	50	-86.99
3	56	-89.87
3	60	-90.58
3	61	-93.42
3	63	-81.92
3	65	-94.41
3	66	-93.17
3	74	-86.89
3	75	-88.23
3	77	-89.58
4	1	-93.35
4	5	-33.67
4	7	-85.25
4	8	-80.51
4	9	-93.86
4	12	-93.14
4	14	-89.91
4	16	-93.42
4	17	-61.70
4	19	-85.34
4	20	-87.62
4	24	-94.28
4	25	-75.56
4	26	-85.82
4	27	-76.60
4	31	-73.06
4	32	-88.96
4	33	-82.06
4	35	-91.59
4	36	-78.82
4	37	-73.65
4	40	-83.88
4	42	-78.37
4	43	-84.33
4	45	-80.53
4	46	-51.76
4	51	-89.00
4	52	-94.87
4	53	-79.04
4	54	-80.73
4	55	-85.22
4	58	-79.46
4	59	-90.70
4	60	-92.37
4	61	-90.87
4	64	-87.88
4	65	-90.27
4	70	-81.18
4	71	-86.88
4	72	-93.04
4	73	-91.58
4	76	-89.09
4	78	-72.95
4	79	-89.10
4	80	-88.87
5	1	-93.39
5	4	-33.67
5	7	-84.86
5	8	-80.32
5	9	-93.65
5	12	-92.96
5	14	-89.83
5	16	-93.23
5	17	-62.12
5	18	-94.84
5	19	-85.05
5	20	-87.86
5	24	-94.14
5	25	-76.02
5	26	-85.84
5	27	-77.17
5	31	-72.35
5	32	-89.17
5	33	-81.57
5	35	-91.51
5	36	-78.93
5	37	-74.25
5	40	-84.04
5	42	-77.73
5	43	-84.08
5	45	-79.99
5	46	-54.57
5	51	-88.69
5	52	-94.87
5	53	-79.39
5	54	-80.20
5	55	-85.60
5	58	-79.80
5	59	-90.44
5	60	-92.20
5	61	-90.63
5	64	-87.66
5	65	-90.17
5	70	-80.68
5	71	-86.55
5	72	-92.87
5	73	-91.33
5	76	-89.37
5	78	-73.85
5	79	-89.37
5	80	-88.57
6	2	-69.87
6	3	-87.43
6	7	-93.32
6	9	-92.01
6	11	-77.57
6	13	-85.17
6	15	-83.59
6	16	-84.71
6	19	-93.34
6	21	-94.10
6	23	-90.20
6	28	-92.65
6	29	-81.57
6	30	-65.46
6	34	-89.63
6	35	-94.99
6	38	-54.57
6	39	-77.94
6	41	-91.57
6	44	-87.57
6	45	-94.91
6	47	-86.63
6	48	-94.04
6	51	-91.53
6	54	-94.87
6	56	-70.12
6	57	-91.67
6	59	-93.51
6	60	-88.73
6	61	-87.79
6	63	-87.50
6	66	-78.66
6	67	-90.59
6	68	-87.09
6	70	-94.64
6	73	-92.62
6	77	-93.41
6	80	-90.34
7	2	-91.80
7	4	-85.25
7	5	-84.86
7	6	-93.32
7	8	-85.87
7	9	-83.97
7	12	-87.78
7	14	-91.24
7	15	-93.19
7	16	-85.23
7	17	-85.71
7	18	-89.26
7	19	-79.46
7	21	-94.19
7	23	-94.15
7	24	-90.92
7	25	-89.91
7	26	-90.39
7	27	-90.96
7	30	-92.24
7	31	-80.15
7	33	-66.56
7	35	-90.77
7	36	-88.35
7	37	-89.28
7	38	-93.68
7	39	-93.83
7	40	-91.42
7	42	-72.35
7	43	-84.20
7	44	-89.00
7	45	-68.92
7	46	-86.17
7	47	-87.78
7	48	-93.48
7	51	-68.26
7	53	-90.51
7	54	-68.12
7	56	-90.24
7	57	-86.78
7	58	-91.17
7	59	-78.40
7	60	-86.40
7	61	-79.22
7	62	-94.45
7	63	-93.38
7	64	-85.14
7	65	-89.56
7	66	-89.27
7	67	-90.69
7	68	-93.09
7	69	-91.91
7	70	-68.26
7	71	-75.88
7	72	-88.57
7	73	-79.34
7	77	-93.52
7	78	-90.32
7	80	-69.40
8	4	-80.51
8	5	-80.32
8	7	-85.87
8	9	-91.43
8	12	-87.58
8	14	-79.52
8	17	-83.86
8	18	-90.61
8	19	-90.43
8	20	-94.10
8	22	-92.09
8	24	-88.25
8	25	-78.35
8	26	-93.17
8	27	-81.62
8	31	-84.45
8	33	-81.57
8	36	-89.55
8	37	-87.19
8	40	-92.23
8	42	-80.11
8	43	-68.55
8	45	-84.57
8	46	-82.19
8	51	-88.38
8	53	-89.63
8	54	-84.49
8	55	-91.30
8	57	-93.16
8	58	-79.17
8	59	-87.63
8	61	-92.76
8	62	-92.21
8	64	-77.48
8	69	-93.89
8	70	-85.12
8	71	-81.98
8	72	-86.94
8	73	-89.01
8	76	-93.92
8	78	-84.48
8	79	-94.44
8	80	-89.80
9	2	-88.95
9	4	-93.86
9	5	-93.65
9	6	-92.01
9	7	-83.97
9	8	-91.43
9	11	-91.86
9	12	-81.57
9	14	-92.49
9	15	-87.01
9	16	-89.73
9	17	-94.46
9	18	-79.75
9	19	-91.14
9	22	-92.82
9	23	-85.84
9	24	-86.78
9	29	-91.30
9	30	-92.07
9	31	-92.01
9	33	-85.66
9	38	-91.85
9	39	-89.59
9	42	-88.00
9	43	-88.61
9	44	-77.48
9	45	-88.21
9	46	-94.50
9	47	-76.97
9	51	-78.84
9	54	-87.99
9	56	-88.79
9	57	-62.82
9	59	-70.98
9	60	-92.45
9	61	-86.97
9	62	-90.13
9	64	-86.62
9	66	-84.96
9	67	-77.96
9	68	-85.30
9	69	-81.66
9	70	-88.09
9	71	-81.18
9	72	-83.84
9	73	-66.41
9	80	-83.06
10	1	-77.62
10	13	-94.55
10	16	-92.58
10	17	-93.96
10	19	-90.27
10	20	-92.22
10	21	-78.10
10	26	-85.42
10	28	-88.50
10	31	-93.18
10	32	-91.50
10	35	-78.49
10	36	-90.30
10	37	-93.38
10	40	-88.90
10	41	-88.63
10	45	-94.37
10	46	-94.93
10	48	-77.64
10	49	-87.89
10	50	-89.88
10	52	-68.26
10	53	-91.93
10	54	-94.50
10	60	-88.97
10	61	-93.43
10	63	-89.28
10	65	-80.86
10	70	-94.22
10	74	-91.03
10	75	-85.99
10	77	-79.65
11	2	-74.69
11	3	-92.49
11	6	-77.57
11	9	-91.86
11	13	-91.20
11	15	-76.10
11	16	-90.50
11	23	-85.50
11	29	-62.76
11	30	-82.59
11	34	-81.98
11	38	-74.36
11	39	-64.31
11	44	-85.69
11	47	-85.60
11	51	-93.35
11	56	-80.53
11	57	-90.83
11	59	-94.16
11	60	-93.62
11	61	-91.87
11	63	-93.31
11	66	-80.15
11	67	-88.13
11	68	-81.68
11	73	-93.20
11	80	-93.00
12	4	-93.14
12	5	-92.96
12	7	-87.78
12	8	-87.58
12	9	-81.57
12	14	-85.32
12	15	-94.13
12	17	-94.28
12	18	-67.38
12	19	-94.14
12	22	-84.50
12	23	-92.22
12	24	-70.03
12	25	-93.61
12	27	-94.82
12	31	-92.82
12	33	-86.82
12	42	-88.44
12	43	-83.18
12	44	-89.17
12	45	-90.20
12	46	-93.91
12	47	-89.27
12	51	-86.38
12	54	-90.01
12	57	-83.25
12	58	-93.87
12	59	-79.53
12	61	-92.82
12	62	-80.45
12	64	-77.86
12	66	-93.30
12	67	-87.93
12	68	-92.70
12	69	-79.32
12	70	-90.32
12	71	-80.21
12	72	-56.59
12	73	-80.93
12	80	-89.49
13	2	-89.23
13	3	-62.12
13	6	-85.17
13	10	-94.55
13	11	-91.20
13	15	-94.33
13	16	-88.25
13	19	-94.57
13	21	-89.16
13	28	-82.18
13	29	-93.03
13	30	-82.95
13	35	-92.81
13	38	-86.51
13	39	-91.87
13	41	-80.51
13	48	-89.67
13	49	-88.82
13	50	-88.08
13	56	-87.76
13	60	-88.77
13	61	-91.76
13	63	-79.24
13	65	-93.41
13	66	-91.53
13	74	-88.19
13	75	-88.69
13	77	-88.62
13	80	-94.64
14	4	-89.91
14	5	-89.83
14	7	-91.24
14	8	-79.52
14	9	-92.49
14	12	-85.32
14	17	-91.76
14	18	-88.81
14	22	-85.64
14	24	-83.15
14	25	-87.27
14	27	-89.02
14	31	-91.99
14	33	-88.78
14	37	-93.63
14	42	-88.75
14	43	-77.86
14	45	-91.38
14	46	-90.77
14	51	-92.12
14	54	-91.28
14	57	-93.76
14	58	-86.64
14	59	-89.80
14	62	-87.19
14	64	-77.45
14	69	-92.31
14	70	-91.68
14	71	-86.32
14	72	-83.58
14	73	-90.98
14	78	-91.51
14	80	-93.81
15	2	-77.48
15	6	-83.59
15	7	-93.19
15	9	-87.01
15	11	-76.10
15	12	-94.13
15	13	-94.33
15	16	-90.42
15	18	-92.58
15	23	-76.04
15	29	-72.35
15	30	-86.22
15	33	-94.93
15	34	-85.18
15	38	-82.04
15	39	-69.33
15	44	-76.68
15	47	-77.66
15	51	-90.54
15	56	-81.96
15	57	-85.09
15	59	-90.58
15	60	-93.75
15	61	-90.69
15	63	-94.96
15	66	-76.04
15	67	-80.11
15	68	-65.95
15	69	-91.22
15	71	-93.88
15	73	-89.32
15	80	-90.86
16	1	-94.92
16	2	-84.84
16	3	-90.34
16	4	-93.42
16	5	-93.23
16	6	-84.71
16	7	-85.23
16	9	-89.73
16	10	-92.58
16	11	-90.50
16	13	-88.25
16	15	-90.42
16	17	-92.85
16	19	-82.13
16	21	-87.89
16	23	-93.81
16	26	-91.64
16	28	-90.45
16	29	-91.68
16	30	-81.18
16	31	-89.51
16	33	-88.55
16	35	-86.71
16	36	-92.35
16	37	-94.46
16	38	-86.00
16	39	-89.26
16	40	-93.94
16	41	-89.15
16	42	-89.40
16	43	-94.66
16	44	-89.12
16	45	-86.65
16	46	-93.61
16	47	-87.57
16	48	-87.24
16	49	-94.40
16	50	-94.83
16	51	-84.34
16	52	-94.27
16	53	-94.56
16	54	-86.64
16	56	-80.62
16	57	-90.69
16	59	-89.33
16	60	-71.21
16	61	-69.90
16	63	-82.42
16	64	-94.93
16	65	-86.27
16	66	-83.90
16	67	-91.99
16	68	-91.75
16	70	-86.14
16	71	-90.69
16	73	-88.69
16	75	-93.49
16	77	-86.66
16	80	-80.15
17	1	-91.68
17	4	-61.70
17	5	-62.12
17	7	-85.71
17	8	-83.86
17	9	-94.46
17	10	-93.96
17	12	-94.28
17	14	-91.76
17	16	-92.85
17	19	-83.90
17	20	-85.76
17	21	-94.73
17	25	-79.31
17	26	-82.89
17	27	-79.34
17	31	-70.80
17	32	-87.17
17	33	-83.31
17	35	-89.96
17	36	-73.65
17	37	-68.26
17	40	-80.58
17	42	-79.99
17	43	-86.76
17	45	-80.63
17	46	-55.98
17	48	-93.94
17	51	-89.42
17	52	-93.38
17	53	-74.83
17	54	-80.91
17	55	-84.43
17	58	-82.39
17	59	-91.54
17	60	-91.43
17	61	-90.43
17	64	-89.73
17	65	-88.49
17	70	-81.17
17	71	-88.25
17	72	-94.26
17	73	-92.29
17	76	-88.35
17	77	-94.38
17	78	-73.69
17	79	-87.99
17	80	-88.87
18	2	-94.79
18	5	-94.84
18	7	-89.26
18	8	-90.61
18	9	-79.75
18	12	-67.38
18	14	-88.81
18	15	-92.58
18	22	-85.72
18	23	-89.91
18	24	-75.49
18	31	-94.41
18	33	-88.98
18	39	-94.79
18	42	-90.58
18	43	-87.15
18	44	-87.19
18	45	-91.81
18	47	-87.62
18	51	-87.25
18	54	-91.63
18	56	-94.86
18	57	-80.33
18	59	-80.67
18	61	-93.17
18	62	-80.68
18	64	-83.41
18	66	-92.32
18	67	-85.06
18	68	-90.77
18	69	-71.21
18	70	-91.86
18	71	-83.57
18	72	-71.81
18	73	-81.14
18	80	-90.18
19	1	-90.77
19	2	-92.93
19	4	-85.34
19	5	-85.05
19	6	-93.34
19	7	-79.46
19	8	-90.43
19	9	-91.14
19	10	-90.27
19	12	-94.14
19	13	-94.57
19	16	-82.13
19	17	-83.90
19	20	-92.02
19	21	-88.42
19	25	-91.14
19	26	-83.24
19	27	-91.54
19	28	-93.83
19	30	-91.59
19	31	-77.44
19	32	-92.40
19	33	-81.96
19	35	-82.15
19	36	-82.91
19	37	-86.59
19	38	-93.99
19	40	-86.34
19	41	-93.06
19	42	-81.35
19	43	-90.54
19	44	-93.21
19	45	-75.53
19	46	-85.45
19	47	-92.11
19	48	-87.25
19	51	-83.31
19	52	-91.11
19	53	-86.84
19	54	-75.88
19	55	-93.41
19	56	-90.87
19	57	-92.72
19	58	-92.55
19	59	-88.69
19	60	-78.81
19	61	-78.02
19	63	-89.32
19	64	-91.87
19	65	-79.79
19	66	-91.54
19	67	-94.98
19	70	-74.69
19	71	-87.51
19	72	-94.61
19	73	-88.88
19	77	-87.52
19	78	-89.61
19	79	-94.58
19	80	-79.34
20	1	-86.52
20	4	-87.62
20	5	-87.86
20	8	-94.10
20	10	-92.22
20	17	-85.76
20	19	-92.02
20	25	-89.44
20	26	-82.74
20	27	-88.00
20	31	-89.05
20	32	-57.01
20	33	-94.38
20	35	-91.45
20	36	-81.55
20	37	-80.88
20	40	-76.28
20	42	-92.99
20	45	-92.69
20	46	-86.40
20	48	-94.79
20	52	-90.03
20	53	-77.02
20	54	-92.84
20	55	-77.55
20	58	-90.43
20	65	-90.70
20	70	-92.82
20	76	-77.94
20	78	-84.20
20	79	-71.79
21	1	-87.09
21	3	-89.96
21	6	-94.10
21	7	-94.19
21	10	-78.10
21	13	-89.16
21	16	-87.89
21	17	-94.73
21	19	-88.42
21	26	-88.52
21	28	-81.01
21	30	-92.02
21	31	-93.10
21	35	-76.78
21	36	-92.03
21	37	-94.90
21	38	-94.97
21	40	-91.86
21	41	-80.45
21	45	-93.31
21	48	-52.83
21	49	-84.01
21	50	-86.05
21	51	-94.96
21	52	-83.78
21	53	-94.00
21	54	-93.42
21	56	-93.57
21	60	-83.24
21	61	-90.01
21	63	-80.53
21	65	-79.83
21	70	-93.07
21	74	-87.48
21	75	-81.33
21	77	-52.05
21	80	-92.92
22	8	-92.09
22	9	-92.82
22	12	-84.50
22	14	-85.64
22	18	-85.72
22	24	-78.10
22	33	-94.64
22	43	-89.95
22	57	-93.21
22	59	-92.13
22	62	-70.21
22	64	-87.36
22	69	-87.85
22	71	-91.55
22	72	-82.74
22	73	-92.76
23	2	-86.48
23	6	-90.20
23	7	-94.15
23	9	-85.84
23	11	-85.50
23	12	-92.22
23	15	-76.04
23	16	-93.81
23	18	-89.91
23	24	-94.36
23	29	-82.79
23	30	-91.77
23	34	-87.63
23	38	-89.28
23	39	-82.91
23	44	-77.22
23	47	-80.08
23	51	-91.58
23	56	-88.70
23	57	-82.80
23	59	-90.17
23	61	-93.35
23	66	-84.38
23	67	-73.65
23	68	-66.84
23	69	-87.14
23	71	-93.63
23	72	-93.32
23	73	-89.00
23	80	-92.60
24	4	-94.28
24	5	-94.14
24	7	-90.92
24	8	-88.25
24	9	-86.78
24	12	-70.03
24	14	-83.15
24	18	-75.49
24	22	-78.10
24	23	-94.36
24	25	-94.01
24	31	-94.52
24	33	-89.73
24	42	-90.81
24	43	-84.49
24	44	-92.28
24	45	-92.59
24	46	-95.00
24	47	-92.45
24	51	-90.16
24	54	-92.44
24	57	-87.74
24	58	-94.04
24	59	-85.38
24	62	-73.09
24	64	-79.66
24	67	-90.98
24	68	-95.00
24	69	-82.13
24	70	-92.74
24	71	-84.84
24	72	-64.36
24	73	-86.41
24	80	-92.58
25	4	-75.56
25	5	-76.02
25	7	-89.91
25	8	-78.35
25	12	-93.61
25	14	-87.27
25	17	-79.31
25	19	-91.14
25	20	-89.44
25	24	-94.01
25	26	-90.77
25	27	-58.93
25	31	-84.19
25	32	-90.83
25	33	-87.06
25	36	-86.04
25	37	-80.90
25	40	-88.54
25	42	-84.93
25	43	-84.16
25	45	-87.36
25	46	-76.20
25	51	-92.47
25	53	-84.45
25	54	-87.42
25	55	-84.18
25	58	-58.93
25	59	-92.93
25	61	-94.76
25	64	-87.85
25	65	-94.56
25	70	-87.81
25	71	-89.30
25	72	-93.21
25	73	-93.83
25	76	-88.16
25	78	-72.65
25	79	-89.20
25	80	-92.87
26	1	-80.84
26	4	-85.82
26	5	-85.84
26	7	-90.39
26	8	-93.17
26	10	-85.42
26	16	-91.64
26	17	-82.89
26	19	-83.24
26	20	-82.74
26	21	-88.52
26	25	-90.77
26	27	-90.27
26	31	-83.02
26	32	-82.74
26	33	-90.35
26	35	-80.63
26	36	-72.60
26	37	-81.17
26	40	-69.52
26	41	-94.80
26	42	-88.95
26	43	-94.40
26	45	-87.17
26	46	-84.82
26	48	-87.38
26	51	-92.84
26	52	-83.99
26	53	-77.82
26	54	-87.41
26	55	-88.11
26	58	-92.16
26	60	-88.42
26	61	-90.61
26	63	-93.17
26	65	-78.62
26	70	-87.14
26	71	-93.99
26	75	-94.93
26	76	-89.90
26	77	-88.35
26	78	-86.82
26	79	-88.02
26	80	-91.24
27	4	-76.60
27	5	-77.17
27	7	-90.96
27	8	-81.62
27	12	-94.82
27	14	-89.02
27	17	-79.34
27	19	-91.54
27	20	-88.00
27	25	-58.93
27	26	-90.27
27	31	-84.87
27	32	-89.54
27	33	-88.44
27	36	-85.42
27	37	-79.52
27	40	-87.63
27	42	-86.41
27	43	-86.41
27	45	-88.36
27	46	-76.46
27	51	-93.43
27	53	-83.15
27	54	-88.44
27	55	-81.57
27	58	-63.90
27	59	-94.04
27	64	-89.63
27	65	-94.48
27	70	-88.77
27	71	-90.75
27	72	-94.46
27	73	-94.86
27	76	-86.19
27	78	-68.68
27	79	-87.45
27	80	-93.66
28	1	-93.94
28	2	-94.83
28	3	-81.86
28	6	-92.65
28	10	-88.50
28	13	-82.18
28	16	-90.45
28	19	-93.83
28	21	-81.01
28	30	-90.71
28	35	-88.74
28	38	-93.59
28	41	-55.98
28	48	-82.66
28	49	-75.65
28	50	-75.89
28	52	-91.61
28	56	-93.31
28	60	-88.50
28	61	-93.18
28	63	-78.46
28	65	-90.01
28	74	-77.67
28	75	-74.36
28	77	-81.21
29	2	-77.85
29	3	-94.18
29	6	-81.57
29	9	-91.30
29	11	-62.76
29	13	-93.03
29	15	-72.35
29	16	-91.68
29	23	-82.79
29	30	-85.39
29	34	-79.81
29	38	-79.24
29	39	-65.24
29	44	-84.52
29	47	-84.83
29	51	-93.47
29	56	-82.89
29	57	-90.00
29	59	-93.91
29	60	-94.66
29	61	-92.63
29	63	-94.74
29	66	-80.94
29	67	-86.61
29	68	-78.62
29	69	-94.55
29	73	-92.92
29	80	-93.38
30	2	-75.00
30	3	-85.80
30	6	-65.46
30	7	-92.24
30	9	-92.07
30	11	-82.59
30	13	-82.95
30	15	-86.22
30	16	-81.18
30	19	-91.59
30	21	-92.02
30	23	-91.77
30	28	-90.71
30	29	-85.39
30	33	-94.44
30	34	-92.06
30	35	-93.08
30	38	-70.88
30	39	-82.30
30	41	-89.43
30	44	-88.55
30	45	-93.72
30	47	-87.41
30	48	-91.95
30	50	-94.92
30	51	-90.64
30	54	-93.68
30	56	-69.87
30	57	-92.03
30	59	-93.16
30	60	-85.80
30	61	-85.57
30	63	-84.21
30	65	-93.13
30	66	-80.11
30	67	-91.55
30	68	-89.01
30	70	-93.42
30	73	-92.33
30	75	-94.53
30	77	-91.22
30	80	-88.98
31	1	-91.87
31	4	-73.06
31	5	-72.35
31	7	-80.15
31	8	-84.45
31	9	-92.01
31	10	-93.18
31	12	-92.82
31	14	-91.99
31	16	-89.51
31	17	-70.80
31	18	-94.41
31	19	-77.44
31	20	-89.05
31	21	-93.10
31	24	-94.52
31	25	-84.19
31	26	-83.02
31	27	-84.87
31	32	-89.96
31	33	-77.98
31	35	-87.95
31	36	-77.03
31	37	-78.66
31	40	-83.29
31	42	-73.69
31	43	-85.97
31	45	-71.43
31	46	-73.69
31	47	-94.32
31	48	-92.22
31	51	-85.32
31	52	-93.09
31	53	-81.01
31	54	-72.05
31	55	-89.00
31	56	-94.87
31	57	-93.72
31	58	-86.42
31	59	-88.69
31	60	-88.08
31	61	-86.25
31	63	-94.48
31	64	-88.61
31	65	-86.19
31	66	-94.81
31	70	-72.20
31	71	-85.33
31	72	-93.00
31	73	-89.43
31	76	-91.88
31	77	-92.59
31	78	-82.14
31	79	-91.38
31	80	-84.20
32	1	-85.18
32	4	-88.96
32	5	-89.17
32	10	-91.50
32	17	-87.17
32	19	-92.40
32	20	-57.01
32	25	-90.83
32	26	-82.74
32	27	-89.54
32	31	-89.96
32	35	-91.19
32	36	-82.76
32	37	-82.94
32	40	-77.16
32	42	-93.77
32	45	-93.36
32	46	-87.85
32	48	-94.46
32	52	-89.04
32	53	-79.34
32	54	-93.51
32	55	-80.45
32	58	-91.75
32	65	-90.54
32	70	-93.47
32	76	-80.02
32	78	-86.14
32	79	-74.36
33	2	-93.99
33	4	-82.06
33	5	-81.57
33	7	-66.56
33	8	-81.57
33	9	-85.66
33	12	-86.82
33	14	-88.78
33	15	-94.93
33	16	-88.55
33	17	-83.31
33	18	-88.98
33	19	-81.96
33	20	-94.38
33	22	-94.64
33	24	-89.73
33	25	-87.06
33	26	-90.35
33	27	-88.44
33	30	-94.44
33	31	-77.98
33	35	-91.93
33	36	-87.45
33	37	-87.60
33	40	-90.81
33	42	-60.86
33	43	-79.79
33	44	-90.97
33	45	-68.12
33	46	-83.41
33	47	-90.04
33	48	-94.76
33	51	-75.89
33	53	-89.31
33	54	-67.28
33	55	-93.64
33	56	-92.72
33	57	-88.30
33	58	-88.50
33	59	-79.70
33	60	-89.07
33	61	-84.03
33	62	-93.61
33	64	-81.92
33	65	-90.71
33	66	-91.76
33	67	-92.11
33	68	-94.66
33	69	-92.08
33	70	-69.00
33	71	-72.59
33	72	-87.33
33	73	-81.33
33	77	-94.87
33	78	-88.11
33	80	-77.98
34	2	-88.63
34	6	-89.63
34	11	-81.98
34	15	-85.18
34	23	-87.63
34	29	-79.81
34	30	-92.06
34	38	-88.36
34	39	-84.23
34	44	-91.31
34	47	-91.83
34	56	-91.18
34	57	-94.74
34	66	-90.30
34	67	-91.78
34	68	-86.71
35	1	-83.17
35	3	-93.78
35	4	-91.59
35	5	-91.51
35	6	-94.99
35	7	-90.77
35	10	-78.49
35	13	-92.81
35	16	-86.71
35	17	-89.96
35	19	-82.15
35	20	-91.45
35	21	-76.78
35	26	-80.63
35	28	-88.74
35	30	-93.08
35	31	-87.95
35	32	-91.19
35	33	-91.93
35	36	-85.99
35	37	-90.16
35	40	-86.06
35	41	-88.14
35	42	-91.38
35	45	-88.96
35	46	-91.24
35	48	-73.85
35	49	-90.69
35	50	-92.07
35	51	-92.33
35	52	-81.64
35	53	-88.96
35	54	-89.13
35	55	-94.77
35	56	-93.75
35	60	-80.81
35	61	-87.38
35	63	-85.79
35	65	-57.01
35	70	-88.70
35	74	-93.03
35	75	-89.05
35	77	-75.94
35	78	-93.35
35	79	-94.64
35	80	-90.00
36	1	-86.89
36	4	-78.82
36	5	-78.93
36	7	-88.35
36	8	-89.55
36	10	-90.30
36	16	-92.35
36	17	-73.65
36	19	-82.91
36	20	-81.55
36	21	-92.03
36	25	-86.04
36	26	-72.60
36	27	-85.42
36	31	-77.03
36	32	-82.76
36	33	-87.45
36	35	-85.99
36	37	-70.47
36	40	-68.43
36	42	-85.33
36	43	-91.39
36	45	-84.12
36	46	-76.99
36	48	-91.10
36	51	-91.41
36	52	-89.30
36	53	-66.84
36	54	-84.41
36	55	-84.49
36	58	-87.95
36	59	-93.92
36	60	-90.01
36	61	-90.57
36	64	-93.49
36	65	-84.21
36	70	-84.29
36	71	-91.68
36	73	-94.41
36	76	-87.63
36	77	-91.75
36	78	-80.45
36	79	-86.19
36	80	-90.20
37	1	-90.16
37	4	-73.65
37	5	-74.25
37	7	-89.28
37	8	-87.19
37	10	-93.38
37	14	-93.63
37	16	-94.46
37	17	-68.26
37	19	-86.59
37	20	-80.88
37	21	-94.90
37	25	-80.90
37	26	-81.17
37	27	-79.52
37	31	-78.66
37	32	-82.94
37	33	-87.60
37	35	-90.16
37	36	-70.47
37	40	-75.88
37	42	-85.22
37	43	-89.88
37	45	-85.38
37	46	-70.14
37	48	-94.14
37	51	-92.25
37	52	-92.37
37	53	-63.30
37	54	-85.60
37	55	-79.65
37	58	-83.40
37	59	-94.11
37	60	-92.81
37	61	-92.58
37	64	-92.39
37	65	-88.82
37	70	-85.71
37	71	-91.42
37	73	-94.73
37	76	-84.63
37	77	-94.66
37	78	-70.74
37	79	-83.88
37	80	-91.62
38	2	-67.73
38	3	-88.50
38	6	-54.57
38	7	-93.68
38	9	-91.85
38	11	-74.36
38	13	-86.51
38	15	-82.04
38	16	-86.00
38	19	-93.99
38	21	-94.97
38	23	-89.28
38	28	-93.59
38	29	-79.24
38	30	-70.88
38	34	-88.36
38	39	-75.19
38	41	-92.58
38	44	-86.97
38	47	-86.14
38	48	-94.91
38	51	-91.81
38	56	-71.58
38	57	-91.38
38	59	-93.56
38	60	-89.83
38	61	-88.61
38	63	-88.88
38	66	-78.06
38	67	-89.99
38	68	-85.97
38	73	-92.63
38	77	-94.32
38	80	-90.81
39	2	-70.65
39	3	-93.24
39	6	-77.94
39	7	-93.83
39	9	-89.59
39	11	-64.31
39	13	-91.87
39	15	-69.33
39	16	-89.26
39	18	-94.79
39	23	-82.91
39	29	-65.24
39	30	-82.30
39	34	-84.23
39	38	-75.19
39	44	-82.07
39	47	-81.92
39	51	-91.51
39	56	-78.20
39	57	-88.39
39	59	-92.29
39	60	-92.75
39	61	-90.34
39	63	-93.19
39	66	-75.29
39	67	-85.33
39	68	-77.67
39	69	-93.86
39	73	-91.19
39	80	-91.29
40	1	-83.57
40	4	-83.88
40	5	-84.04
40	7	-91.42
40	8	-92.23
40	10	-88.90
40	16	-93.94
40	17	-80.58
40	19	-86.34
40	20	-76.28
40	21	-91.86
40	25	-88.54
40	26	-69.52
40	27	-87.63
40	31	-83.29
40	32	-77.16
40	33	-90.81
40	35	-86.06
40	36	-68.43
40	37	-75.88
40	42	-89.17
40	43	-93.91
40	45	-88.16
40	46	-82.43
40	48	-90.98
40	51	-93.90
40	52	-87.09
40	53	-68.79
40	54	-88.38
40	55	-83.57
40	58	-90.03
40	60	-91.48
40	61	-92.70
40	65	-84.69
40	70	-88.25
40	71	-94.26
40	76	-85.97
40	77	-91.75
40	78	-83.20
40	79	-83.59
40	80	-92.74
41	1	-93.95
41	2	-93.87
41	3	-80.70
41	6	-91.57
41	10	-88.63
41	13	-80.51
41	16	-89.15
41	19	-93.06
41	21	-80.45
41	26	-94.80
41	28	-55.98
41	30	-89.43
41	35	-88.14
41	38	-92.58
41	48	-82.00
41	49	-78.80
41	50	-79.07
41	52	-91.73
41	56	-92.22
41	60	-87.18
41	61	-92.15
41	63	-75.18
41	65	-89.39
41	66	-94.97
41	74	-80.45
41	75	-77.44
41	77	-80.32
42	4	-78.37
42	5	-77.73
42	7	-72.35
42	8	-80.11
42	9	-88.00
42	12	-88.44
42	14	-88.75
42	16	-89.40
42	17	-79.99
42	18	-90.58
42	19	-81.35
42	20	-92.99
42	24	-90.81
42	25	-84.93
42	26	-88.95
42	27	-86.41
42	31	-73.69
42	32	-93.77
42	33	-60.86
42	35	-91.38
42	36	-85.33
42	37	-85.22
42	40	-89.17
42	43	-79.84
42	44	-92.59
42	45	-65.91
42	46	-80.08
42	47	-91.74
42	48	-94.51
42	51	-79.90
42	53	-87.30
42	54	-65.46
42	55	-92.11
42	56	-93.81
42	57	-90.27
42	58	-86.70
42	59	-83.06
42	60	-89.37
42	61	-85.33
42	62	-94.46
42	64	-82.97
42	65	-90.06
42	66	-93.10
42	67	-93.64
42	69	-93.47
42	70	-67.73
42	71	-76.97
42	72	-88.74
42	73	-84.41
42	76	-94.60
42	77	-94.70
42	78	-85.82
42	79	-94.47
42	80	-80.70
43	4	-84.33
43	5	-84.08
43	7	-84.20
43	8	-68.55
43	9	-88.61
43	12	-83.18
43	14	-77.86
43	16	-94.66
43	17	-86.76
43	18	-87.15
43	19	-90.54
43	22	-89.95
43	24	-84.49
43	25	-84.16
43	26	-94.40
43	27	-86.41
43	31	-85.97
43	33	-79.79
43	36	-91.39
43	37	-89.88
43	40	-93.91
43	42	-79.84
43	44	-93.94
43	45	-84.36
43	46	-85.72
43	47	-93.52
43	51	-86.13
43	53	-91.86
43	54	-84.18
43	55	-93.83
43	57	-90.61
43	58	-84.74
43	59	-84.04
43	61	-91.85
43	62	-89.62
43	64	-66.84
43	67	-94.07
43	69	-91.21
43	70	-84.83
43	71	-76.78
43	72	-82.42
43	73	-85.83
43	78	-88.22
43	80	-88.33
44	2	-82.69
44	6	-87.57
44	7	-89.00
44	9	-77.48
44	11	-85.69
44	12	-89.17
44	15	-76.68
44	16	-89.12
44	18	-87.19
44	19	-93.21
44	23	-77.22
44	24	-92.28
44	29	-84.52
44	30	-88.55
44	33	-90.97
44	34	-91.31
44	38	-86.97
44	39	-82.07
44	42	-92.59
44	43	-93.94
44	45	-92.11
44	47	-56.59
44	51	-85.16
44	54	-91.97
44	56	-84.03
44	57	-73.65
44	59	-84.00
44	60	-92.57
44	61	-87.94
44	62	-94.09
44	64	-92.70
44	66	-76.96
44	67	-68.12
44	68	-73.51
44	69	-86.05
44	70	-91.92
44	71	-89.01
44	72	-90.58
44	73	-81.98
44	80	-86.61
45	1	-94.01
45	2	-93.87
45	4	-80.53
45	5	-79.99
45	6	-94.91
45	7	-68.92
45	8	-84.57
45	9	-88.21
45	10	-94.37
45	12	-90.20
45	14	-91.38
45	16	-86.65
45	17	-80.63
45	18	-91.81
45	19	-75.53
45	20	-92.69
45	21	-93.31
45	24	-92.59
45	25	-87.36
45	26	-87.17
45	27	-88.36
45	30	-93.72
45	31	-71.43
45	32	-93.36
45	33	-68.12
45	35	-88.96
45	36	-84.12
45	37	-85.38
45	40	-88.16
45	42	-65.91
45	43	-84.36
45	44	-92.11
45	46	-81.57
45	47	-91.10
45	48	-92.49
45	51	-78.48
45	52	-94.71
45	53	-86.93
45	54	-28.70
45	55	-92.59
45	56	-92.32
45	57	-90.38
45	58	-89.02
45	59	-83.96
45	60	-86.30
45	61	-81.78
45	63	-93.51
45	64	-86.41
45	65	-87.43
45	66	-91.93
45	67	-93.52
45	69	-94.26
45	70	-38.63
45	71	-80.33
45	72	-90.65
45	73	-84.83
45	76	-94.92
45	77	-92.67
45	78	-87.09
45	79	-94.56
45	80	-77.16
46	1	-92.70
46	4	-51.76
46	5	-54.57
46	7	-86.17
46	8	-82.19
46	9	-94.50
46	10	-94.93
46	12	-93.91
46	14	-90.77
46	16	-93.61
46	17	-55.98
46	19	-85.45
46	20	-86.40
46	24	-95.00
46	25	-76.20
46	26	-84.82
46	27	-76.46
46	31	-73.69
46	32	-87.85
46	33	-83.41
46	35	-91.24
46	36	-76.99
46	37	-70.14
46	40	-82.43
46	42	-80.08
46	43	-85.72
46	45	-81.57
46	48	-94.91
46	51	-89.74
46	52	-94.35
46	53	-76.78
46	54	-81.78
46	55	-84.01
46	58	-79.95
46	59	-91.51
46	60	-92.42
46	61	-91.21
46	64	-88.98
46	65	-89.89
46	70	-82.13
46	71	-87.99
46	72	-93.82
46	73	-92.32
46	76	-88.14
46	78	-70.80
46	79	-88.07
46	80	-89.46
47	2	-81.50
47	6	-86.63
47	7	-87.78
47	9	-76.97
47	11	-85.60
47	12	-89.27
47	15	-77.66
47	16	-87.57
47	18	-87.62
47	19	-92.11
47	23	-80.08
47	24	-92.45
47	29	-84.83
47	30	-87.41
47	31	-94.32
47	33	-90.04
47	34	-91.83
47	38	-86.14
47	39	-81.92
47	42	-91.74
47	43	-93.52
47	44	-56.59
47	45	-91.10
47	51	-83.57
47	54	-90.95
47	56	-82.42
47	57	-74.45
47	59	-83.13
47	60	-91.36
47	61	-86.25
47	62	-94.44
47	63	-94.41
47	64	-92.39
47	66	-74.49
47	67	-73.09
47	68	-76.28
47	69	-87.04
47	70	-90.88
47	71	-88.30
47	72	-90.66
47	73	-80.93
47	80	-84.92
48	1	-86.41
48	3	-90.56
48	6	-94.04
48	7	-93.48
48	10	-77.64
48	13	-89.67
48	16	-87.24
48	17	-93.94
48	19	-87.25
48	20	-94.79
48	21	-52.83
48	26	-87.38
48	28	-82.66
48	30	-91.95
48	31	-92.22
48	32	-94.46
48	33	-94.76
48	35	-73.85
48	36	-91.10
48	37	-94.14
48	38	-94.91
48	40	-90.98
48	41	-82.00
48	42	-94.51
48	45	-92.49
48	46	-94.91
48	49	-85.55
48	50	-87.40
48	51	-94.35
48	52	-83.25
48	53	-93.21
48	54	-92.60
48	56	-93.36
48	60	-82.09
48	61	-89.24
48	63	-80.99
48	65	-77.48
48	70	-92.24
48	74	-88.70
48	75	-83.17
48	77	-51.76
48	80	-92.22
49	1	-93.51
49	3	-88.09
49	10	-87.89
49	13	-88.82
49	16	-94.40
49	21	-84.01
49	28	-75.65
49	35	-90.69
49	41	-78.80
49	48	-85.55
49	50	-60.94
49	52	-90.82
49	60	-92.47
49	63	-86.71
49	65	-91.96
49	74	-67.79
49	75	-58.93
49	77	-84.94
50	1	-94.90
50	3	-86.99
50	10	-89.88
50	13	-88.08
50	16	-94.83
50	21	-86.05
50	28	-75.89
50	30	-94.92
50	35	-92.07
50	41	-79.07
50	48	-87.40
50	49	-60.94
50	52	-92.49
50	60	-93.19
50	63	-87.15
50	65	-93.21
50	74	-54.38
50	75	-69.33
50	77	-86.74
51	2	-89.41
51	4	-89.00
51	5	-88.69
51	6	-91.53
51	7	-68.26
51	8	-88.38
51	9	-78.84
51	11	-93.35
51	12	-86.38
51	14	-92.12
51	15	-90.54
51	16	-84.34
51	17	-89.42
51	18	-87.25
51	19	-83.31
51	21	-94.96
51	23	-91.58
51	24	-90.16
51	25	-92.47
51	26	-92.84
51	27	-93.43
51	29	-93.47
51	30	-90.64
51	31	-85.32
51	33	-75.89
51	35	-92.33
51	36	-91.41
51	37	-92.25
51	38	-91.81
51	39	-91.51
51	40	-93.90
51	42	-79.90
51	43	-86.13
51	44	-85.16
51	45	-78.48
51	46	-89.74
51	47	-83.57
51	48	-94.35
51	53	-93.24
51	54	-78.09
51	56	-87.89
51	57	-82.52
51	58	-93.45
51	59	-72.97
51	60	-86.95
51	61	-78.32
51	62	-93.65
51	63	-93.28
51	64	-85.90
51	65	-91.38
51	66	-86.07
51	67	-87.38
51	68	-90.32
51	69	-89.76
51	70	-78.05
51	71	-76.40
51	72	-87.57
51	73	-72.73
51	77	-94.28
51	78	-93.05
51	80	-66.11
52	1	-68.43
52	4	-94.87
52	5	-94.87
52	10	-68.26
52	16	-94.27
52	17	-93.38
52	19	-91.11
52	20	-90.03
52	21	-83.78
52	26	-83.99
52	28	-91.61
52	31	-93.09
52	32	-89.04
52	35	-81.64
52	36	-89.30
52	37	-92.37
52	40	-87.09
52	41	-91.73
52	45	-94.71
52	46	-94.35
52	48	-83.25
52	49	-90.82
52	50	-92.49
52	53	-90.61
52	54	-94.84
52	55	-94.78
52	60	-91.08
52	61	-94.70
52	63	-92.10
52	65	-82.95
52	70	-94.61
52	74	-93.44
52	75	-89.36
52	77	-84.71
52	79	-93.43
53	1	-87.93
53	4	-79.04
53	5	-79.39
53	7	-90.51
53	8	-89.63
53	10	-91.93
53	16	-94.56
53	17	-74.83
53	19	-86.84
53	20	-77.02
53	21	-94.00
53	25	-84.45
53	26	-77.82
53	27	-83.15
53	31	-81.01
53	32	-79.34
53	33	-89.31
53	35	-88.96
53	36	-66.84
53	37	-63.30
53	40	-68.79
53	42	-87.30
53	43	-91.86
53	45	-86.93
53	46	-76.78
53	48	-93.21
53	51	-93.24
53	52	-90.61
53	54	-87.14
53	55	-79.56
53	58	-86.35
53	60	-92.60
53	61	-92.95
53	64	-94.04
53	65	-87.63
53	70	-87.15
53	71	-92.91
53	76	-83.84
53	77	-93.81
53	78	-76.67
53	79	-82.19
53	80	-92.40
54	1	-94.16
54	2	-93.80
54	4	-80.73
54	5	-80.20
54	6	-94.87
54	7	-68.12
54	8	-84.49
54	9	-87.99
54	10	-94.50
54	12	-90.01
54	14	-91.28
54	16	-86.64
54	17	-80.91
54	18	-91.63
54	19	-75.88
54	20	-92.84
54	21	-93.42
54	24	-92.44
54	25	-87.42
54	26	-87.41
54	27	-88.44
54	30	-93.68
54	31	-72.05
54	32	-93.51
54	33	-67.28
54	35	-89.13
54	36	-84.41
54	37	-85.60
54	40	-88.38
54	42	-65.46
54	43	-84.18
54	44	-91.97
54	45	-28.70
54	46	-81.78
54	47	-90.95
54	48	-92.60
54	51	-78.09
54	52	-94.84
54	53	-87.14
54	55	-92.71
54	56	-92.25
54	57	-90.20
54	58	-89.06
54	59	-83.65
54	60	-86.38
54	61	-81.73
54	63	-93.56
54	64	-86.21
54	65	-87.62
54	66	-91.83
54	67	-93.38
54	69	-94.11
54	70	-40.23
54	71	-79.95
54	72	-90.47
54	73	-84.55
54	77	-92.78
54	78	-87.23
54	79	-94.68
54	80	-76.88
55	1	-92.44
55	4	-85.22
55	5	-85.60
55	8	-91.30
55	17	-84.43
55	19	-93.41
55	20	-77.55
55	25	-84.18
55	26	-88.11
55	27	-81.57
55	31	-89.00
55	32	-80.45
55	33	-93.64
55	35	-94.77
55	36	-84.49
55	37	-79.65
55	40	-83.57
55	42	-92.11
55	43	-93.83
55	45	-92.59
55	46	-84.01
55	52	-94.78
55	53	-79.56
55	54	-92.71
55	58	-84.90
55	65	-93.97
55	70	-92.82
55	76	-68.57
55	78	-77.92
55	79	-72.07
56	2	-65.46
56	3	-89.87
56	6	-70.12
56	7	-90.24
56	9	-88.79
56	11	-80.53
56	13	-87.76
56	15	-81.96
56	16	-80.62
56	18	-94.86
56	19	-90.87
56	21	-93.57
56	23	-88.70
56	28	-93.31
56	29	-82.89
56	30	-69.87
56	31	-94.87
56	33	-92.72
56	34	-91.18
56	35	-93.75
56	38	-71.58
56	39	-78.20
56	41	-92.22
56	42	-93.81
56	44	-84.03
56	45	-92.32
56	47	-82.42
56	48	-93.36
56	51	-87.89
56	54	-92.25
56	57	-88.63
56	59	-90.45
56	60	-86.36
56	61	-83.58
56	63	-87.57
56	65	-93.59
56	66	-70.59
56	67	-88.03
56	68	-85.23
56	69	-94.83
56	70	-92.00
56	71	-93.03
56	73	-89.36
56	77	-92.80
56	80	-86.47
57	2	-88.32
57	6	-91.67
57	7	-86.78
57	8	-93.16
57	9	-62.82
57	11	-90.83
57	12	-83.25
57	14	-93.76
57	15	-85.09
57	16	-90.69
57	18	-80.33
57	19	-92.72
57	22	-93.21
57	23	-82.80
57	24	-87.74
57	29	-90.00
57	30	-92.03
57	31	-93.72
57	33	-88.30
57	34	-94.74
57	38	-91.38
57	39	-88.39
57	42	-90.27
57	43	-90.61
57	44	-73.65
57	45	-90.38
57	47	-74.45
57	51	-82.52
57	54	-90.20
57	56	-88.63
57	59	-77.36
57	60	-93.46
57	61	-88.52
57	62	-90.37
57	64	-88.70
57	66	-84.27
57	67	-72.07
57	68	-82.61
57	69	-80.11
57	70	-90.26
57	71	-84.62
57	72	-85.33
57	73	-74.66
57	80	-85.60
58	4	-79.46
58	5	-79.80
58	7	-91.17
58	8	-79.17
58	12	-93.87
58	14	-86.64
58	17	-82.39
58	19	-92.55
58	20	-90.43
58	24	-94.04
58	25	-58.93
58	26	-92.16
58	27	-63.90
58	31	-86.42
58	32	-91.75
58	33	-88.50
58	36	-87.95
58	37	-83.40
58	40	-90.03
58	42	-86.70
58	43	-84.74
58	45	-89.02
58	46	-79.95
58	51	-93.45
58	53	-86.35
58	54	-89.06
58	55	-84.90
58	59	-93.65
58	64	-88.20
58	70	-89.43
58	71	-90.19
58	72	-93.39
58	73	-94.53
58	76	-88.53
58	78	-76.28
58	79	-89.79
58	80	-93.94
59	2	-91.14
59	4	-90.70
59	5	-90.44
59	6	-93.51
59	7	-78.40
59	8	-87.63
59	9	-70.98
59	11	-94.16
59	12	-79.53
59	14	-89.80
59	15	-90.58
59	16	-89.33
59	17	-91.54
59	18	-80.67
59	19	-88.69
59	22	-92.13
59	23	-90.17
59	24	-85.38
59	25	-92.93
59	27	-94.04
59	29	-93.91
59	30	-93.16
59	31	-88.69
59	33	-79.70
59	36	-93.92
59	37	-94.11
59	38	-93.56
59	39	-92.29
59	42	-83.06
59	43	-84.04
59	44	-84.00
59	45	-83.96
59	46	-91.51
59	47	-83.13
59	51	-72.97
59	54	-83.65
59	56	-90.45
59	57	-77.36
59	58	-93.65
59	60	-91.50
59	61	-85.64
59	62	-89.88
59	64	-81.99
59	65	-94.78
59	66	-87.85
59	67	-84.82
59	68	-89.58
59	69	-84.84
59	70	-83.91
59	71	-71.63
59	72	-81.65
59	73	-55.13
59	78	-94.23
59	80	-79.86
60	1	-91.93
60	2	-89.35
60	3	-90.58
60	4	-92.37
60	5	-92.20
60	6	-88.73
60	7	-86.40
60	9	-92.45
60	10	-88.97
60	11	-93.62
60	13	-88.77
60	15	-93.75
60	16	-71.21
60	17	-91.43
60	19	-78.81
60	21	-83.24
60	26	-88.42
60	28	-88.50
60	29	-94.66
60	30	-85.80
60	31	-88.08
60	33	-89.07
60	35	-80.81
60	36	-90.01
60	37	-92.81
60	38	-89.83
60	39	-92.75
60	40	-91.48
60	41	-87.18
60	42	-89.37
60	44	-92.57
60	45	-86.30
60	46	-92.42
60	47	-91.36
60	48	-82.09
60	49	-92.47
60	50	-93.19
60	51	-86.95
60	52	-91.08
60	53	-92.60
60	54	-86.38
60	56	-86.36
60	57	-93.46
60	59	-91.50
60	61	-76.09
60	63	-80.21
60	65	-80.34
60	66	-88.85
60	67	-94.82
60	68	-94.80
60	70	-85.80
60	71	-91.93
60	73	-91.18
60	74	-93.91
60	75	-91.27
60	77	-81.54
60	80	-83.15
61	1	-94.95
61	2	-86.74
61	3	-93.42
61	4	-90.87
61	5	-90.63
61	6	-87.79
61	7	-79.22
61	8	-92.76
61	9	-86.97
61	10	-93.43
61	11	-91.87
61	12	-92.82
61	13	-91.76
61	15	-90.69
61	16	-69.90
61	17	-90.43
61	18	-93.17
61	19	-78.02
61	21	-90.01
61	23	-93.35
61	25	-94.76
61	26	-90.61
61	28	-93.18
61	29	-92.63
61	30	-85.57
61	31	-86.25
61	33	-84.03
61	35	-87.38
61	36	-90.57
61	37	-92.58
61	38	-88.61
61	39	-90.34
61	40	-92.70
61	41	-92.15
61	42	-85.33
61	43	-91.85
61	44	-87.94
61	45	-81.78
61	46	-91.21
61	47	-86.25
61	48	-89.24
61	51	-78.32
61	52	-94.70
61	53	-92.95
61	54	-81.73
61	56	-83.58
61	57	-88.52
61	59	-85.64
61	60	-76.09
61	63	-87.09
61	64	-92.22
61	65	-86.45
61	66	-84.50
61	67	-90.76
61	68	-91.50
61	69	-94.48
61	70	-81.07
61	71	-86.94
61	72	-93.61
61	73	-85.06
61	77	-88.98
61	78	-94.27
61	80	-70.80
62	7	-94.45
62	8	-92.21
62	9	-90.13
62	12	-80.45
62	14	-87.19
62	18	-80.68
62	22	-70.21
62	24	-73.09
62	33	-93.61
62	42	-94.46
62	43	-89.62
62	44	-94.09
62	47	-94.44
62	51	-93.65
62	57	-90.37
62	59	-89.88
62	64	-86.53
62	67	-92.45
62	69	-82.95
62	71	-89.99
62	72	-78.86
62	73	-90.45
63	1	-93.82
63	2	-90.02
63	3	-81.92
63	6	-87.50
63	7	-93.38
63	10	-89.28
63	11	-93.31
63	13	-79.24
63	15	-94.96
63	16	-82.42
63	19	-89.32
63	21	-80.53
63	26	-93.17
63	28	-78.46
63	29	-94.74
63	30	-84.21
63	31	-94.48
63	35	-85.79
63	38	-88.88
63	39	-93.19
63	41	-75.18
63	45	-93.51
63	47	-94.41
63	48	-80.99
63	49	-86.71
63	50	-87.15
63	51	-93.28
63	52	-92.10
63	54	-93.56
63	56	-87.57
63	60	-80.21
63	61	-87.09
63	65	-86.74
63	66	-91.12
63	70	-93.21
63	74	-87.99
63	75	-85.46
63	77	-79.07
63	80	-91.08
64	4	-87.88
64	5	-87.66
64	7	-85.14
64	8	-77.48
64	9	-86.62
64	12	-77.86
64	14	-77.45
64	16	-94.93
64	17	-89.73
64	18	-83.41
64	19	-91.87
64	22	-87.36
64	24	-79.66
64	25	-87.85
64	27	-89.63
64	31	-88.61
64	33	-81.92
64	36	-93.49
64	37	-92.39
64	42	-82.97
64	43	-66.84
64	44	-92.70
64	45	-86.41
64	46	-88.98
64	47	-92.39
64	51	-85.90
64	53	-94.04
64	54	-86.21
64	57	-88.70
64	58	-88.20
64	59	-81.99
64	61	-92.22
64	62	-86.53
64	67	-92.52
64	69	-88.50
64	70	-86.74
64	71	-75.53
64	72	-76.54
64	73	-83.99
64	78	-91.12
64	80	-88.61
65	1	-83.62
65	3	-94.41
65	4	-90.27
65	5	-90.17
65	7	-89.56
65	10	-80.86
65	13	-93.41
65	16	-86.27
65	17	-88.49
65	19	-79.79
65	20	-90.70
65	21	-79.83
65	25	-94.56
65	26	-78.62
65	27	-94.48
65	28	-90.01
65	30	-93.13
65	31	-86.19
65	32	-90.54
65	33	-90.71
65	35	-57.01
65	36	-84.21
65	37	-88.82
65	40	-84.69
65	41	-89.39
65	42	-90.06
65	45	-87.43
65	46	-89.89
65	48	-77.48
65	49	-91.96
65	50	-93.21
65	51	-91.38
65	52	-82.95
65	53	-87.63
65	54	-87.62
65	55	-93.97
65	56	-93.59
65	59	-94.78
65	60	-80.34
65	61	-86.45
65	63	-86.74
65	70	-87.15
65	71	-94.08
65	73	-94.83
65	74	-94.10
65	75	-90.47
65	77	-78.97
65	78	-92.26
65	79	-94.00
65	80	-88.94
66	2	-68.68
66	3	-93.17
66	6	-78.66
66	7	-89.27
66	9	-84.96
66	11	-80.15
66	12	-93.30
66	13	-91.53
66	15	-76.04
66	16	-83.90
66	18	-92.32
66	19	-91.54
66	23	-84.38
66	29	-80.94
66	30	-80.11
66	31	-94.81
66	33	-91.76
66	34	-90.30
66	38	-78.06
66	39	-75.29
66	41	-94.97
66	42	-93.10
66	44	-76.96
66	45	-91.93
66	47	-74.49
66	51	-86.07
66	54	-91.83
66	56	-70.59
66	57	-84.27
66	59	-87.85
66	60	-88.85
66	61	-84.50
66	63	-91.12
66	67	-83.00
66	68	-79.68
66	69	-92.03
66	70	-91.64
66	71	-91.33
66	72	-94.34
66	73	-86.39
66	77	-94.98
66	80	-85.60
67	2	-86.74
67	6	-90.59
67	7	-90.69
67	9	-77.96
67	11	-88.13
67	12	-87.93
67	15	-80.11
67	16	-91.99
67	18	-85.06
67	19	-94.98
67	23	-73.65
67	24	-90.98
67	29	-86.61
67	30	-91.55
67	33	-92.11
67	34	-91.78
67	38	-89.99
67	39	-85.33
67	42	-93.64
67	43	-94.07
67	44	-68.12
67	45	-93.52
67	47	-73.09
67	51	-87.38
67	54	-93.38
67	56	-88.03
67	57	-72.07
67	59	-84.82
67	60	-94.82
67	61	-90.76
67	62	-92.45
67	64	-92.52
67	66	-83.00
67	68	-74.83
67	69	-82.39
67	70	-93.39
67	71	-89.59
67	72	-89.43
67	73	-83.15
67	80	-89.15
68	2	-82.28
68	6	-87.09
68	7	-93.09
68	9	-85.30
68	11	-81.68
68	12	-92.70
68	15	-65.95
68	16	-91.75
68	18	-90.77
68	23	-66.84
68	24	-95.00
68	29	-78.62
68	30	-89.01
68	33	-94.66
68	34	-86.71
68	38	-85.97
68	39	-77.67
68	44	-73.51
68	47	-76.28
68	51	-90.32
68	56	-85.23
68	57	-82.61
68	59	-89.58
68	60	-94.80
68	61	-91.50
68	66	-79.68
68	67	-74.83
68	69	-88.85
68	71	-93.17
68	72	-93.80
68	73	-88.26
68	80	-91.08
69	2	-94.40
69	7	-91.91
69	8	-93.89
69	9	-81.66
69	12	-79.32
69	14	-92.31
69	15	-91.22
69	18	-71.21
69	22	-87.85
69	23	-87.14
69	24	-82.13
69	29	-94.55
69	33	-92.08
69	39	-93.86
69	42	-93.47
69	43	-91.21
69	44	-86.05
69	45	-94.26
69	47	-87.04
69	51	-89.76
69	54	-94.11
69	56	-94.83
69	57	-80.11
69	59	-84.84
69	61	-94.48
69	62	-82.95
69	64	-88.50
69	66	-92.03
69	67	-82.39
69	68	-88.85
69	70	-94.26
69	71	-88.07
69	72	-81.17
69	73	-84.55
69	80	-92.12
70	1	-93.95
70	2	-93.61
70	4	-81.18
70	5	-80.68
70	6	-94.64
70	7	-68.26
70	8	-85.12
70	9	-88.09
70	10	-94.22
70	12	-90.32
70	14	-91.68
70	16	-86.14
70	17	-81.17
70	18	-91.86
70	19	-74.69
70	20	-92.82
70	21	-93.07
70	24	-92.74
70	25	-87.81
70	26	-87.14
70	27	-88.77
70	30	-93.42
70	31	-72.20
70	32	-93.47
70	33	-69.00
70	35	-88.70
70	36	-84.29
70	37	-85.71
70	40	-88.25
70	42	-67.73
70	43	-84.83
70	44	-91.92
70	45	-38.63
70	46	-82.13
70	47	-90.88
70	48	-92.24
70	51	-78.05
70	52	-94.61
70	53	-87.15
70	54	-40.23
70	55	-92.82
70	56	-92.00
70	57	-90.26
70	58	-89.43
70	59	-83.91
70	60	-85.80
70	61	-81.07
70	63	-93.21
70	64	-86.74
70	65	-87.15
70	66	-91.64
70	67	-93.39
70	69	-94.26
70	71	-80.58
70	72	-90.79
70	73	-84.71
70	77	-92.42
70	78	-87.49
70	79	-94.72
70	80	-76.35
71	2	-93.89
71	4	-86.88
71	5	-86.55
71	7	-75.88
71	8	-81.98
71	9	-81.18
71	12	-80.21
71	14	-86.32
71	15	-93.88
71	16	-90.69
71	17	-88.25
71	18	-83.57
71	19	-87.51
71	22	-91.55
71	23	-93.63
71	24	-84.84
71	25	-89.30
71	26	-93.99
71	27	-90.75
71	31	-85.33
71	33	-72.59
71	36	-91.68
71	37	-91.42
71	40	-94.26
71	42	-76.97
71	43	-76.78
71	44	-89.01
71	45	-80.33
71	46	-87.99
71	47	-88.30
71	51	-76.40
71	53	-92.91
71	54	-79.95
71	56	-93.03
71	57	-84.62
71	58	-90.19
71	59	-71.63
71	60	-91.93
71	61	-86.94
71	62	-89.99
71	64	-75.53
71	65	-94.08
71	66	-91.33
71	67	-89.59
71	68	-93.17
71	69	-88.07
71	70	-80.58
71	72	-81.17
71	73	-75.43
71	78	-91.19
71	80	-81.33
72	4	-93.04
72	5	-92.87
72	7	-88.57
72	8	-86.94
72	9	-83.84
72	12	-56.59
72	14	-83.58
72	17	-94.26
72	18	-71.81
72	19	-94.61
72	22	-82.74
72	23	-93.32
72	24	-64.36
72	25	-93.21
72	27	-94.46
72	31	-93.00
72	33	-87.33
72	42	-88.74
72	43	-82.42
72	44	-90.58
72	45	-90.65
72	46	-93.82
72	47	-90.66
72	51	-87.57
72	54	-90.47
72	57	-85.33
72	58	-93.39
72	59	-81.65
72	61	-93.61
72	62	-78.86
72	64	-76.54
72	66	-94.34
72	67	-89.43
72	68	-93.80
72	69	-81.17
72	70	-90.79
72	71	-81.17
72	73	-83.03
72	80	-90.43
73	2	-90.01
73	4	-91.58
73	5	-91.33
73	6	-92.62
73	7	-79.34
73	8	-89.01
73	9	-66.41
73	11	-93.20
73	12	-80.93
73	14	-90.98
73	15	-89.32
73	16	-88.69
73	17	-92.29
73	18	-81.14
73	19	-88.88
73	22	-92.76
73	23	-89.00
73	24	-86.41
73	25	-93.83
73	27	-94.86
73	29	-92.92
73	30	-92.33
73	31	-89.43
73	33	-81.33
73	36	-94.41
73	37	-94.73
73	38	-92.63
73	39	-91.19
73	42	-84.41
73	43	-85.83
73	44	-81.98
73	45	-84.83
73	46	-92.32
73	47	-80.93
73	51	-72.73
73	54	-84.55
73	56	-89.36
73	57	-74.66
73	58	-94.53
73	59	-55.13
73	60	-91.18
73	61	-85.06
73	62	-90.45
73	64	-83.99
73	65	-94.83
73	66	-86.39
73	67	-83.15
73	68	-88.26
73	69	-84.55
73	70	-84.71
73	71	-75.43
73	72	-83.03
73	78	-94.96
73	80	-79.46
74	3	-86.89
74	10	-91.03
74	13	-88.19
74	21	-87.48
74	28	-77.67
74	35	-93.03
74	41	-80.45
74	48	-88.70
74	49	-67.79
74	50	-54.38
74	52	-93.44
74	60	-93.91
74	63	-87.99
74	65	-94.10
74	75	-73.65
74	77	-88.07
75	1	-92.29
75	3	-88.23
75	10	-85.99
75	13	-88.69
75	16	-93.49
75	21	-81.33
75	26	-94.93
75	28	-74.36
75	30	-94.53
75	35	-89.05
75	41	-77.44
75	48	-83.17
75	49	-58.93
75	50	-69.33
75	52	-89.36
75	60	-91.27
75	63	-85.46
75	65	-90.47
75	74	-73.65
75	77	-82.51
76	1	-92.75
76	4	-89.09
76	5	-89.37
76	8	-93.92
76	17	-88.35
76	20	-77.94
76	25	-88.16
76	26	-89.90
76	27	-86.19
76	31	-91.88
76	32	-80.02
76	36	-87.63
76	37	-84.63
76	40	-85.97
76	42	-94.60
76	45	-94.92
76	46	-88.14
76	53	-83.84
76	55	-68.57
76	58	-88.53
76	78	-83.93
76	79	-64.41
77	1	-87.63
77	2	-94.72
77	3	-89.58
77	6	-93.41
77	7	-93.52
77	10	-79.65
77	13	-88.62
77	16	-86.66
77	17	-94.38
77	19	-87.52
77	21	-52.05
77	26	-88.35
77	28	-81.21
77	30	-91.22
77	31	-92.59
77	33	-94.87
77	35	-75.94
77	36	-91.75
77	37	-94.66
77	38	-94.32
77	40	-91.75
77	41	-80.32
77	42	-94.70
77	45	-92.67
77	48	-51.76
77	49	-84.94
77	50	-86.74
77	51	-94.28
77	52	-84.71
77	53	-93.81
77	54	-92.78
77	56	-92.80
77	60	-81.54
77	61	-88.98
77	63	-79.07
77	65	-78.97
77	66	-94.98
77	70	-92.42
77	74	-88.07
77	75	-82.51
77	80	-92.12
78	1	-93.31
78	4	-72.95
78	5	-73.85
78	7	-90.32
78	8	-84.48
78	14	-91.51
78	17	-73.69
78	19	-89.61
78	20	-84.20
78	25	-72.65
78	26	-86.82
78	27	-68.68
78	31	-82.14
78	32	-86.14
78	33	-88.11
78	35	-93.35
78	36	-80.45
78	37	-70.74
78	40	-83.20
78	42	-85.82
78	43	-88.22
78	45	-87.09
78	46	-70.80
78	51	-93.05
78	53	-76.67
78	54	-87.23
78	55	-77.92
78	58	-76.28
78	59	-94.23
78	61	-94.27
78	64	-91.12
78	65	-92.26
78	70	-87.49
78	71	-91.19
78	73	-94.96
78	76	-83.93
78	79	-84.58
78	80	-92.90
79	1	-90.70
79	4	-89.10
79	5	-89.37
79	8	-94.44
79	17	-87.99
79	19	-94.58
79	20	-71.79
79	25	-89.20
79	26	-88.02
79	27	-87.45
79	31	-91.38
79	32	-74.36
79	35	-94.64
79	36	-86.19
79	37	-83.88
79	40	-83.59
79	42	-94.47
79	45	-94.56
79	46	-88.07
79	52	-93.43
79	53	-82.19
79	54	-94.68
79	55	-72.07
79	58	-89.79
79	65	-94.00
79	70	-94.72
79	76	-64.41
79	78	-84.58
80	2	-88.59
80	4	-88.87
80	5	-88.57
80	6	-90.34
80	7	-69.40
80	8	-89.80
80	9	-83.06
80	11	-93.00
80	12	-89.49
80	13	-94.64
