1	3	-78.29
1	19	-69.71
1	22	-85.93
1	24	-60.86
1	26	-89.99
1	27	-93.53
1	30	-81.97
1	31	-77.55
1	39	-87.03
1	45	-88.21
1	49	-94.54
1	53	-90.15
1	57	-91.67
1	59	-92.97
1	60	-93.11
1	61	-94.08
1	68	-92.94
1	74	-87.11
1	76	-92.53
1	78	-83.00
1	82	-78.09
1	83	-94.50
1	88	-87.19
1	89	-87.25
1	90	-93.89
1	92	-88.16
1	98	-92.20
2	3	-91.33
2	4	-81.01
2	6	-92.93
2	7	-66.95
2	8	-94.98
2	9	-92.89
2	10	-90.48
2	11	-90.58
2	12	-93.16
2	14	-88.98
2	16	-92.23
2	20	-85.33
2	21	-89.62
2	22	-86.02
2	23	-94.68
2	25	-93.69
2	26	-88.50
2	28	-93.34
2	30	-89.07
2	31	-94.27
2	33	-93.74
2	34	-84.19
2	35	-80.08
2	37	-93.35
2	39	-86.35
2	40	-86.13
2	41	-94.51
2	43	-87.47
2	45	-83.88
2	46	-92.18
2	47	-86.66
2	48	-94.98
2	49	-88.48
2	50	-92.45
2	51	-80.63
2	52	-92.65
2	53	-81.17
2	54	-89.79
2	57	-91.31
2	59	-71.81
2	60	-83.73
2	61	-65.50
2	62	-87.77
2	65	-86.15
2	66	-87.81
2	68	-94.41
2	69	-94.19
2	70	-84.98
2	71	-92.51
2	74	-91.03
2	75	-93.78
2	76	-73.97
2	77	-71.52
2	78	-88.76
2	79	-79.61
2	81	-91.62
2	82	-93.31
2	83	-90.46
2	84	-93.38
2	85	-77.86
2	86	-86.00
2	87	-80.95
2	88	-90.84
2	89	-84.55
2	90	-86.68
2	91	-89.96
2	93	-88.47
2	95	-75.43
2	96	-76.46
2	97	-88.78
2	98	-84.49
2	99	-68.43
3	1	-78.29
3	2	-91.33
3	7	-93.67
3	8	-94.87
3	19	-81.41
3	22	-75.94
3	24	-78.05
3	26	-87.09
3	27	-90.00
3	30	-67.08
3	31	-81.22
3	39	-80.72
3	43	-94.73
3	45	-80.91
3	49	-89.44
3	53	-83.89
3	57	-86.14
3	59	-87.30
3	60	-86.89
3	61	-88.85
3	66	-92.52
3	68	-89.06
3	74	-78.84
3	76	-86.31
3	77	-90.34
3	78	-65.46
3	79	-91.74
3	81	-92.59
3	82	-79.46
3	83	-89.71
3	86	-90.63
3	88	-78.82
3	89	-77.64
3	90	-91.11
3	92	-84.99
3	96	-93.35
3	98	-88.49
3	99	-92.45
4	2	-81.01
4	6	-85.74
4	7	-76.09
4	8	-93.73
4	9	-85.34
4	10	-93.59
4	11	-83.29
4	12	-89.70
4	13	-93.60
4	14	-94.12
4	15	-92.07
4	16	-85.72
4	17	-90.69
4	18	-90.26
4	20	-85.02
4	21	-79.65
4	22	-92.93
4	23	-87.75
4	25	-86.25
4	28	-87.89
4	30	-94.72
4	33	-86.84
4	34	-70.98
4	35	-84.86
4	36	-94.27
4	37	-85.89
4	38	-91.64
4	39	-93.63
4	40	-69.00
4	41	-90.96
4	42	-89.90
4	43	-93.52
4	45	-92.04
4	46	-89.76
4	47	-83.77
4	48	-91.99
4	49	-89.00
4	50	-91.83
4	51	-79.98
4	52	-90.38
4	53	-90.77
4	54	-88.69
4	55	-91.79
4	56	-91.36
4	57	-93.05
4	58	-91.44
4	59	-86.54
4	60	-87.01
4	61	-84.74
4	62	-83.02
4	63	-93.87
4	64	-94.70
4	65	-89.54
4	66	-85.72
4	69	-88.91
4	70	-66.11
4	71	-84.00
4	73	-89.59
4	74	-94.24
4	75	-94.66
4	76	-86.35
4	77	-79.75
4	78	-94.15
4	79	-78.48
4	80	-91.84
4	81	-90.56
4	83	-90.86
4	84	-86.63
4	85	-73.53
4	86	-85.66
4	87	-80.53
4	88	-94.10
4	89	-91.88
4	90	-93.83
4	91	-79.26
4	93	-77.26
4	94	-94.94
4	95	-79.44
4	96	-70.43
4	97	-80.62
4	98	-92.75
4	99	-74.74
4	100	-93.82
5	8	-77.64
5	15	-92.16
5	18	-91.54
5	27	-85.62
5	28	-90.84
5	32	-62.82
5	36	-91.41
5	44	-83.73
5	48	-83.38
5	49	-89.45
5	55	-94.22
5	57	-89.56
5	60	-93.17
5	63	-84.96
5	64	-82.29
5	66	-89.91
5	68	-86.64
5	74	-93.31
5	79	-94.57
5	80	-90.19
5	81	-85.25
5	83	-87.68
5	86	-91.12
5	88	-93.34
5	92	-92.12
5	94	-72.20
5	97	-93.17
6	2	-92.93
6	4	-85.74
6	7	-90.46
6	9	-85.42
6	11	-70.92
6	12	-83.41
6	13	-87.64
6	15	-92.37
6	16	-66.84
6	17	-76.28
6	18	-91.61
6	20	-88.66
6	21	-70.59
6	23	-75.36
6	25	-69.47
6	28	-91.22
6	29	-88.54
6	33	-54.57
6	34	-87.64
6	35	-91.62
6	36	-94.51
6	37	-84.44
6	38	-84.29
6	40	-81.20
6	41	-83.11
6	42	-71.07
6	46	-86.51
6	47	-85.66
6	50	-90.92
6	51	-88.02
6	52	-87.04
6	54	-88.69
6	55	-90.71
6	56	-76.55
6	58	-75.70
6	61	-94.86
6	62	-82.64
6	65	-93.49
6	66	-94.24
6	67	-88.80
6	69	-72.65
6	70	-81.55
6	71	-75.62
6	72	-87.33
6	73	-69.33
6	77	-92.99
6	79	-92.16
6	80	-93.28
6	84	-48.57
6	85	-87.29
6	86	-94.83
6	87	-88.15
6	91	-73.76
6	93	-85.05
6	95	-89.83
6	96	-89.93
6	97	-88.75
6	99	-91.07
6	100	-82.51
7	2	-66.95
7	3	-93.67
7	4	-76.09
7	6	-90.46
7	9	-91.32
7	10	-89.96
7	11	-87.52
7	12	-90.79
7	14	-89.66
7	16	-89.55
7	17	-93.34
7	18	-94.45
7	20	-81.92
7	21	-86.49
7	22	-89.37
7	23	-92.74
7	25	-91.52
7	26	-91.05
7	28	-92.49
7	30	-91.83
7	33	-91.44
7	34	-82.00
7	35	-77.31
7	37	-91.73
7	39	-89.61
7	40	-82.61
7	41	-92.33
7	42	-93.19
7	43	-88.63
7	45	-87.71
7	46	-89.81
7	47	-82.97
7	48	-94.83
7	49	-89.72
7	50	-90.57
7	51	-74.88
7	52	-90.39
7	53	-85.64
7	54	-87.30
7	56	-94.98
7	57	-92.83
7	58	-94.48
7	59	-79.52
7	60	-86.08
7	61	-76.17
7	62	-84.12
7	65	-84.82
7	66	-88.24
7	69	-91.87
7	70	-80.86
7	71	-90.33
7	73	-93.42
7	74	-93.03
7	75	-92.61
7	76	-80.58
7	77	-75.37
7	78	-91.51
7	79	-80.15
7	81	-92.23
7	83	-91.59
7	84	-90.97
7	85	-68.92
7	86	-87.02
7	87	-75.49
7	88	-92.87
7	89	-88.19
7	90	-88.95
7	91	-87.14
7	93	-86.40
7	95	-67.73
7	96	-74.16
7	97	-87.48
7	98	-87.58
7	99	-66.95
8	2	-94.98
8	3	-94.87
8	4	-93.73
8	5	-77.64
8	9	-91.98
8	15	-90.07
8	18	-88.59
8	27	-81.28
8	28	-86.58
8	32	-77.66
8	34	-90.65
8	36	-90.30
8	37	-92.86
8	40	-94.24
8	44	-84.28
8	48	-76.88
8	49	-81.50
8	55	-92.22
8	57	-83.65
8	59	-94.82
8	60	-87.47
8	61	-94.80
8	63	-83.20
8	64	-81.50
8	66	-82.06
8	68	-81.86
8	70	-94.78
8	74	-89.30
8	76	-93.61
8	77	-91.88
8	78	-94.13
8	79	-89.33
8	80	-87.68
8	81	-72.60
8	83	-78.80
8	86	-84.03
8	88	-89.27
8	89	-94.51
8	92	-89.69
8	93	-91.30
8	94	-62.76
8	96	-91.93
8	97	-88.25
8	99	-93.30
9	2	-92.89
9	4	-85.34
9	6	-85.42
9	7	-91.32
9	8	-91.98
9	11	-87.91
9	12	-93.87
9	13	-84.03
9	15	-79.65
9	16	-88.32
9	17	-91.41
9	18	-76.76
9	20	-94.09
9	21	-83.78
9	23	-79.65
9	25	-80.86
9	28	-76.02
9	29	-88.59
9	32	-94.04
9	33	-85.03
9	34	-81.85
9	35	-94.84
9	36	-84.59
9	37	-52.83
9	38	-81.35
9	40	-81.41
9	41	-94.07
9	42	-89.37
9	44	-89.63
9	46	-94.97
9	47	-92.67
9	48	-86.94
9	49	-91.54
9	51	-92.23
9	55	-77.48
9	56	-87.38
9	58	-90.26
9	60	-92.39
9	61	-94.30
9	62	-91.38
9	63	-87.16
9	64	-89.05
9	66	-87.57
9	67	-92.60
9	69	-90.34
9	70	-83.53
9	71	-75.39
9	72	-90.69
9	73	-87.10
9	76	-94.58
9	77	-90.93
9	79	-88.20
9	80	-81.06
9	81	-90.47
9	83	-92.47
9	84	-86.37
9	85	-90.22
9	86	-89.45
9	87	-92.44
9	91	-79.81
9	93	-73.85
9	94	-92.54
9	95	-92.51
9	96	-87.58
9	97	-76.62
9	99	-90.06
9	100	-89.83
10	2	-90.48
10	4	-93.59
10	7	-89.96
10	11	-93.67
10	12	-91.41
10	14	-77.22
10	16	-94.63
10	20	-83.96
10	21	-94.93
10	26	-92.32
10	35	-82.51
10	39	-94.32
10	41	-92.97
10	43	-80.86
10	45	-94.10
10	46	-88.61
10	47	-87.14
10	50	-84.18
10	51	-86.79
10	52	-88.69
10	53	-92.79
10	54	-84.49
10	59	-91.98
10	61	-91.39
10	62	-89.38
10	65	-73.54
10	70	-94.09
10	75	-78.68
10	76	-93.32
10	77	-93.84
10	85	-89.54
10	87	-86.47
10	90	-87.77
10	95	-87.09
10	96	-94.05
10	98	-89.79
10	99	-92.49
11	2	-90.58
11	4	-83.29
11	6	-70.92
11	7	-87.52
11	9	-87.91
11	10	-93.67
11	12	-78.46
11	13	-91.40
11	15	-94.25
11	16	-60.53
11	17	-77.85
11	18	-93.31
11	20	-83.78
11	21	-68.55
11	23	-82.74
11	25	-79.32
11	28	-92.50
11	29	-92.22
11	33	-74.88
11	34	-86.91
11	35	-88.00
11	37	-87.41
11	38	-88.85
11	40	-79.75
11	41	-79.70
11	42	-77.31
11	46	-81.65
11	47	-79.34
11	50	-87.26
11	51	-83.34
11	52	-82.54
11	54	-83.97
11	55	-93.06
11	56	-83.62
11	58	-80.91
11	59	-93.99
11	61	-92.87
11	62	-74.29
11	65	-90.19
11	66	-93.99
11	67	-92.16
11	69	-72.95
11	70	-78.84
11	71	-81.14
11	72	-91.17
11	73	-79.31
11	75	-92.27
11	76	-94.25
11	77	-91.31
11	79	-91.00
11	80	-94.81
11	84	-71.38
11	85	-83.13
11	86	-94.28
11	87	-83.46
11	91	-76.04
11	93	-85.73
11	95	-86.08
11	96	-88.15
11	97	-89.24
11	99	-88.88
11	100	-87.38
12	2	-93.16
12	4	-89.70
12	6	-83.41
12	7	-90.79
12	9	-93.87
12	10	-91.41
12	11	-78.46
12	16	-78.10
12	17	-78.40
12	20	-82.74
12	21	-84.26
12	23	-89.86
12	25	-88.00
12	33	-84.80
12	34	-92.67
12	35	-88.39
12	37	-93.50
12	38	-93.66
12	40	-88.57
12	41	-61.55
12	42	-82.07
12	46	-66.84
12	47	-79.04
12	50	-79.66
12	51	-85.58
12	52	-67.51
12	54	-77.86
12	56	-88.33
12	58	-83.88
12	62	-76.68
12	65	-88.57
12	67	-94.15
12	69	-76.78
12	70	-87.71
12	71	-89.59
12	72	-93.82
12	73	-85.57
12	75	-87.62
12	77	-94.64
12	79	-95.00
12	84	-82.74
12	85	-87.38
12	87	-85.43
12	91	-87.23
12	93	-92.36
12	95	-88.44
12	96	-92.71
12	97	-94.61
12	99	-92.63
12	100	-90.39
13	4	-93.60
13	6	-87.64
13	9	-84.03
13	11	-91.40
13	15	-85.49
13	16	-90.63
13	17	-91.13
13	18	-86.70
13	21	-89.59
13	23	-80.14
13	25	-83.38
13	28	-88.90
13	29	-71.58
13	33	-86.30
13	34	-92.61
13	36	-87.41
13	37	-82.54
13	38	-65.50
13	40	-90.89
13	41	-94.98
13	42	-88.75
13	44	-93.67
13	48	-93.85
13	55	-81.43
13	56	-83.15
13	58	-88.45
13	63	-92.51
13	64	-93.93
13	67	-84.18
13	69	-91.02
13	70	-91.85
13	71	-83.73
13	72	-80.50
13	73	-85.69
13	80	-88.16
13	84	-87.92
13	91	-87.94
13	93	-89.30
13	97	-90.73
13	100	-83.34
14	2	-88.98
14	4	-94.12
14	7	-89.66
14	10	-77.22
14	20	-88.07
14	22	-92.38
14	26	-86.64
14	30	-94.13
14	35	-84.23
14	39	-90.20
14	43	-62.32
14	45	-90.35
14	46	-93.09
14	47	-90.69
14	50	-90.58
14	51	-88.82
14	52	-93.26
14	53	-88.90
14	54	-89.96
14	59	-89.15
14	61	-88.96
14	62	-92.49
14	65	-80.68
14	75	-87.90
14	76	-90.84
14	77	-92.61
14	78	-94.87
14	79	-94.98
14	82	-94.55
14	85	-90.59
14	87	-88.63
14	89	-92.37
14	90	-79.29
14	95	-87.88
14	96	-93.70
14	98	-83.53
14	99	-91.80
15	4	-92.07
15	5	-92.16
15	6	-92.37
15	8	-90.07
15	9	-79.65
15	11	-94.25
15	13	-85.49
15	16	-94.38
15	18	-63.30
15	21	-91.78
15	23	-87.99
15	25	-89.34
15	28	-75.23
15	29	-90.06
15	32	-90.35
15	33	-91.92
15	34	-89.09
15	36	-66.95
15	37	-80.36
15	38	-85.66
15	40	-90.26
15	42	-94.61
15	44	-82.03
15	48	-82.79
15	49	-92.69
15	55	-65.50
15	56	-92.38
15	58	-94.99
15	60	-94.56
15	63	-78.91
15	64	-82.33
15	66	-89.56
15	67	-94.73
15	70	-91.43
15	71	-87.11
15	72	-93.05
15	73	-92.81
15	77	-94.72
15	79	-92.28
15	80	-63.30
15	81	-90.34
15	83	-92.96
15	84	-92.90
15	86	-91.64
15	91	-89.65
15	93	-85.80
15	94	-89.83
15	96	-92.74
15	97	-84.49
15	99	-94.59
15	100	-93.54
16	2	-92.23
16	4	-85.72
16	6	-66.84
16	7	-89.55
16	9	-88.32
16	10	-94.63
16	11	-60.53
16	12	-78.10
16	13	-90.63
16	15	-94.38
16	17	-73.09
16	18	-93.60
16	20	-85.90
16	21	-72.40
16	23	-81.66
16	25	-78.09
16	28	-93.03
16	29	-91.15
16	33	-71.38
16	34	-88.54
16	35	-89.81
16	37	-87.67
16	38	-87.99
16	40	-82.28
16	41	-78.20
16	42	-72.07
16	46	-82.32
16	47	-82.09
16	50	-87.99
16	51	-85.89
16	52	-83.02
16	54	-85.37
16	55	-93.05
16	56	-81.07
16	58	-76.99
16	61	-94.29
16	62	-78.06
16	65	-91.55
16	66	-94.98
16	67	-90.69
16	69	-65.83
16	70	-81.85
16	71	-81.18
16	72	-89.71
16	73	-75.65
16	75	-92.91
16	77	-92.82
16	79	-92.43
16	84	-65.63
16	85	-85.82
16	87	-85.97
16	91	-77.76
16	93	-87.01
16	95	-88.28
16	96	-89.95
16	97	-90.29
16	99	-90.69
16	100	-85.29
17	4	-90.69
17	6	-76.28
17	7	-93.34
17	9	-91.41
17	11	-77.85
17	12	-78.40
17	13	-91.13
17	16	-73.09
17	20	-89.40
17	21	-82.37
17	23	-84.36
17	25	-82.29
17	29	-90.56
17	33	-76.78
17	34	-92.63
17	35	-92.93
17	37	-90.70
17	38	-88.92
17	40	-88.22
17	41	-75.11
17	42	-64.36
17	46	-83.65
17	47	-86.61
17	50	-88.97
17	51	-90.16
17	52	-83.89
17	54	-87.71
17	55	-94.76
17	56	-79.24
17	58	-67.64
17	62	-84.07
17	65	-93.80
17	67	-88.35
17	69	-60.10
17	70	-88.03
17	71	-85.73
17	72	-87.91
17	73	-74.74
17	75	-93.66
17	84	-74.11
17	85	-90.50
17	87	-90.16
17	91	-84.79
17	93	-91.18
17	95	-92.12
17	96	-93.80
17	97	-93.71
17	99	-94.34
17	100	-82.33
18	4	-90.26
18	5	-91.54
18	6	-91.61
18	7	-94.45
18	8	-88.59
18	9	-76.76
18	11	-93.31
18	13	-86.70
18	15	-63.30
18	16	-93.60
18	21	-90.58
18	23	-87.48
18	25	-88.61
18	27	-94.96
18	28	-67.08
18	29	-90.98
18	32	-89.79
18	33	-91.27
18	34	-86.66
18	36	-74.11
18	37	-78.26
18	38	-86.21
18	40	-88.45
18	42	-94.17
18	44	-82.32
18	48	-80.45
18	49	-90.87
18	55	-71.05
18	56	-92.26
18	57	-94.38
18	58	-94.69
18	60	-92.87
18	63	-78.27
18	64	-81.78
18	66	-87.14
18	68	-94.96
18	69	-94.99
18	70	-89.76
18	71	-85.92
18	72	-93.56
18	73	-92.43
18	77	-93.04
18	79	-90.25
18	80	-61.70
18	81	-88.38
18	83	-91.27
18	84	-92.22
18	85	-94.11
18	86	-89.56
18	91	-88.24
18	93	-83.02
18	94	-88.64
18	96	-90.84
18	97	-80.91
18	99	-92.94
18	100	-93.67
19	1	-69.71
19	3	-81.41
19	22	-86.02
19	24	-75.89
19	26	-87.86
19	30	-82.69
19	31	-68.55
19	39	-85.90
19	45	-87.75
19	53	-89.65
19	57	-93.72
19	59	-92.90
19	60	-94.22
19	61	-94.03
19	74	-89.79
19	76	-92.74
19	78	-84.59
19	82	-71.79
19	88	-89.83
19	89	-87.57
19	90	-92.39
19	92	-91.43
19	98	-90.86
20	2	-85.33
20	4	-85.02
20	6	-88.66
20	7	-81.92
20	9	-94.09
20	10	-83.96
20	11	-83.78
20	12	-82.74
20	14	-88.07
20	16	-85.90
20	17	-89.40
20	21	-85.95
20	23	-92.87
20	25	-91.32
20	26	-94.41
20	33	-89.93
20	34	-89.59
20	35	-72.40
20	37	-94.09
20	39	-94.63
20	40	-86.60
20	41	-85.67
20	42	-90.29
20	43	-88.41
20	45	-93.70
20	46	-79.07
20	47	-65.07
20	50	-79.22
20	51	-68.92
20	52	-80.08
20	53	-92.22
20	54	-70.90
20	56	-93.60
20	58	-91.76
20	59	-89.53
20	60	-94.08
20	61	-88.14
20	62	-73.51
20	65	-75.56
20	66	-94.89
20	69	-87.78
20	70	-84.94
20	71	-91.36
20	73	-91.59
20	75	-84.41
20	76	-90.60
20	77	-88.95
20	79	-90.60
20	84	-88.81
20	85	-77.29
20	86	-94.41
20	87	-67.73
20	89	-94.53
20	90	-91.36
20	91	-88.20
20	93	-91.02
20	95	-75.49
20	96	-87.48
20	97	-92.86
20	98	-91.58
20	99	-86.05
21	2	-89.62
21	4	-79.65
21	6	-70.59
21	7	-86.49
21	9	-83.78
21	10	-94.93
21	11	-68.55
21	12	-84.26
21	13	-89.59
21	15	-91.78
21	16	-72.40
21	17	-82.37
21	18	-90.58
21	20	-85.95
21	23	-79.29
21	25	-75.11
21	28	-89.51
21	29	-91.16
21	33	-73.85
21	34	-83.02
21	35	-88.76
21	36	-94.10
21	37	-83.25
21	38	-86.64
21	40	-72.59
21	41	-85.07
21	42	-80.36
21	46	-86.19
21	47	-82.66
21	48	-94.42
21	49	-94.39
21	50	-90.24
21	51	-84.14
21	52	-86.89
21	54	-87.26
21	55	-90.50
21	56	-83.45
21	58	-83.17
21	59	-93.16
21	60	-93.56
21	61	-91.99
21	62	-79.31
21	65	-91.50
21	66	-91.68
21	67	-92.11
21	69	-79.24
21	70	-72.65
21	71	-75.00
21	72	-90.78
21	73	-79.81
21	75	-94.27
21	76	-93.21
21	77	-89.62
21	79	-88.70
21	80	-92.36
21	81	-94.87
21	84	-72.97
21	85	-82.43
21	86	-92.20
21	87	-84.38
21	91	-63.47
21	93	-80.70
21	95	-86.07
21	96	-85.66
21	97	-85.50
21	99	-87.14
21	100	-87.48
22	1	-85.93
22	2	-86.02
22	3	-75.94
22	4	-92.93
22	7	-89.37
22	14	-92.38
22	19	-86.02
22	24	-86.52
22	26	-81.25
22	27	-92.12
22	30	-65.83
22	31	-83.41
22	34	-93.08
22	35	-92.06
22	39	-67.76
22	43	-90.52
22	45	-63.58
22	49	-88.76
22	51	-93.32
22	53	-71.65
22	57	-87.69
22	59	-79.42
22	60	-84.33
22	61	-82.13
22	65	-94.11
22	66	-91.15
22	68	-91.24
22	70	-94.97
22	74	-83.15
22	76	-78.66
22	77	-85.84
22	78	-68.57
22	79	-88.61
22	81	-92.42
22	82	-81.25
22	83	-89.79
22	85	-92.45
22	86	-88.94
22	87	-93.41
22	88	-82.95
22	89	-55.98
22	90	-85.82
22	92	-89.75
22	95	-91.34
22	96	-89.91
22	97	-94.92
22	98	-81.55
22	99	-88.25
23	2	-94.68
23	4	-87.75
23	6	-75.36
23	7	-92.74
23	9	-79.65
23	11	-82.74
23	12	-89.86
23	13	-80.14
23	15	-87.99
23	16	-81.66
23	17	-84.36
23	18	-87.48
23	20	-92.87
23	21	-79.29
23	25	-60.53
23	28	-87.86
23	29	-83.13
23	33	-72.60
23	34	-87.63
23	35	-94.72
23	36	-90.66
23	37	-77.47
23	38	-73.76
23	40	-83.24
23	41	-89.52
23	42	-80.41
23	46	-91.91
23	47	-90.83
23	48	-93.68
23	51	-91.83
23	52	-92.29
23	54	-93.30
23	55	-85.29
23	56	-74.88
23	58	-81.41
23	62	-88.88
23	63	-93.53
23	64	-94.83
23	66	-93.41
23	67	-86.45
23	69	-83.34
23	70	-84.53
23	71	-67.38
23	72	-83.78
23	73	-74.88
23	77	-93.97
23	79	-92.50
23	80	-89.56
23	84	-76.46
23	85	-90.63
23	86	-94.41
23	87	-91.98
23	91	-76.57
23	93	-83.34
23	95	-92.88
23	96	-91.01
23	97	-86.88
23	99	-92.58
23	100	-80.58
24	1	-60.86
24	3	-78.05
24	19	-75.89
24	22	-86.52
24	26	-91.24
24	27	-92.32
24	30	-82.66
24	31	-81.22
24	39	-88.08
24	45	-88.91
24	49	-93.90
24	53	-90.76
24	57	-90.62
24	59	-93.26
24	60	-92.70
24	61	-94.32
24	68	-91.72
24	74	-85.79
24	76	-92.69
24	78	-83.02
24	82	-81.37
24	83	-93.73
24	88	-85.92
24	89	-87.62
24	90	-94.79
24	92	-86.14
24	98	-93.09
25	2	-93.69
25	4	-86.25
25	6	-69.47
25	7	-91.52
25	9	-80.86
25	11	-79.32
25	12	-88.00
25	13	-83.38
25	15	-89.34
25	16	-78.09
25	17	-82.29
25	18	-88.61
25	20	-91.32
25	21	-75.11
25	23	-60.53
25	28	-88.55
25	29	-85.50
25	33	-66.11
25	34	-86.76
25	35	-93.44
25	36	-91.89
25	37	-79.17
25	38	-78.54
25	40	-81.18
25	41	-87.74
25	42	-77.92
25	46	-90.26
25	47	-89.00
25	48	-94.12
25	50	-93.72
25	51	-90.26
25	52	-90.69
25	54	-91.76
25	55	-87.11
25	56	-75.11
25	58	-79.80
25	62	-86.75
25	63	-94.23
25	66	-93.21
25	67	-87.57
25	69	-80.70
25	70	-82.41
25	71	-65.50
25	72	-85.38
25	73	-72.35
25	77	-93.16
25	79	-91.83
25	80	-90.60
25	84	-71.49
25	85	-89.05
25	86	-94.09
25	87	-90.41
25	91	-72.60
25	93	-82.71
25	95	-91.50
25	96	-90.02
25	97	-86.71
25	99	-91.55
25	100	-81.44
26	1	-89.99
26	2	-88.50
26	3	-87.09
26	7	-91.05
26	10	-92.32
26	14	-86.64
26	19	-87.86
26	20	-94.41
26	22	-81.25
26	24	-91.24
26	30	-83.36
26	31	-83.65
26	35	-90.95
26	39	-74.16
26	43	-83.89
26	45	-78.20
26	49	-94.96
26	51	-93.38
26	53	-78.37
26	57	-94.72
26	59	-84.48
26	60	-91.89
26	61	-85.97
26	65	-91.77
26	74	-92.13
26	76	-85.91
26	77	-90.63
26	78	-85.62
26	79	-93.29
26	82	-82.27
26	85	-93.44
26	86	-94.63
26	87	-93.38
26	88	-92.03
26	89	-82.59
26	90	-73.69
26	95	-91.64
26	96	-93.32
26	98	-69.87
26	99	-91.45
27	1	-93.53
27	3	-90.00
27	5	-85.62
27	8	-81.28
27	18	-94.96
27	22	-92.12
27	24	-92.32
27	28	-93.33
27	30	-91.54
27	32	-87.43
27	34	-93.82
27	39	-94.52
27	44	-92.69
27	45	-93.53
27	48	-89.00
27	49	-82.03
27	53	-94.16
27	57	-74.37
27	59	-93.75
27	60	-86.37
27	61	-94.15
27	63	-92.20
27	64	-91.28
27	66	-86.72
27	68	-51.76
27	74	-81.54
27	76	-92.40
27	77	-92.29
27	78	-89.83
27	79	-91.00
27	80	-94.59
27	81	-81.41
27	83	-78.37
27	86	-86.19
27	88	-81.68
27	89	-91.54
27	92	-78.27
27	94	-83.45
27	96	-93.59
27	97	-93.11
27	99	-94.18
28	2	-93.34
28	4	-87.89
28	5	-90.84
28	6	-91.22
28	7	-92.49
28	8	-86.58
28	9	-76.02
28	11	-92.50
28	13	-88.90
28	15	-75.23
28	16	-93.03
28	18	-67.08
28	21	-89.51
28	23	-87.86
28	25	-88.55
28	27	-93.33
28	29	-92.59
28	32	-89.26
28	33	-91.07
28	34	-83.13
28	36	-80.47
28	37	-78.37
28	38	-87.92
28	40	-86.36
28	42	-94.08
28	44	-83.60
28	48	-77.94
28	49	-88.03
28	51	-94.37
28	55	-78.46
28	56	-92.70
28	57	-92.34
28	58	-94.76
28	59	-94.85
28	60	-90.29
28	61	-94.26
28	62	-94.55
28	63	-79.32
28	64	-82.15
28	66	-83.18
28	68	-93.26
28	69	-94.66
28	70	-87.78
28	71	-85.50
28	72	-94.64
28	73	-92.53
28	76	-94.04
28	77	-90.58
28	79	-87.15
28	80	-71.91
28	81	-85.38
28	83	-88.69
28	84	-91.89
28	85	-92.37
28	86	-86.25
28	87	-94.57
28	91	-87.06
28	93	-79.53
28	94	-87.17
28	95	-94.15
28	96	-88.11
28	97	-75.00
28	99	-90.60
28	100	-94.34
29	6	-88.54
29	9	-88.59
29	11	-92.22
29	13	-71.58
29	15	-90.06
29	16	-91.15
29	17	-90.56
29	18	-90.98
29	21	-91.16
29	23	-83.13
29	25	-85.50
29	28	-92.59
29	33	-87.14
29	34	-94.98
29	36	-91.32
29	37	-87.43
29	38	-75.49
29	40	-93.03
29	41	-94.74
29	42	-88.31
29	55	-87.24
29	56	-82.00
29	58	-87.42
29	67	-77.36
29	69	-90.89
29	70	-93.75
29	71	-86.93
29	72	-71.72
29	73	-85.49
29	80	-92.06
29	84	-88.53
29	91	-90.15
29	93	-92.29
29	97	-93.72
29	100	-79.75
30	1	-81.97
30	2	-89.07
30	3	-67.08
30	4	-94.72
30	7	-91.83
30	14	-94.13
30	19	-82.69
30	22	-65.83
30	24	-82.66
30	26	-83.36
30	27	-91.54
30	31	-80.45
30	34	-94.62
30	35	-94.19
30	39	-73.80
30	43	-92.49
30	45	-74.25
30	49	-89.53
30	53	-78.84
30	57	-87.43
30	59	-84.04
30	60	-86.07
30	61	-86.03
30	66	-92.22
30	68	-90.65
30	74	-81.68
30	76	-83.24
30	77	-88.55
30	78	-60.53
30	79	-90.58
30	81	-92.90
30	82	-77.94
30	83	-90.19
30	85	-94.46
30	86	-90.20
30	88	-81.54
30	89	-70.40
30	90	-88.19
30	92	-88.06
30	95	-93.56
30	96	-91.99
30	98	-84.86
30	99	-90.73
31	1	-77.55
31	2	-94.27
31	3	-81.22
31	19	-68.55
31	22	-83.41
31	24	-81.22
31	26	-83.65
31	30	-80.45
31	39	-82.06
31	43	-93.70
31	45	-84.82
31	53	-86.95
31	57	-93.81
31	59	-90.97
31	60	-93.47
31	61	-92.24
31	74	-90.01
31	76	-91.01
31	77	-94.58
31	78	-83.29
31	82	-55.31
31	88	-90.00
31	89	-85.37
31	90	-89.45
31	92	-92.56
31	98	-87.71
32	5	-62.82
32	8	-77.66
32	9	-94.04
32	15	-90.35
32	18	-89.79
32	27	-87.43
32	28	-89.26
32	34	-94.60
32	36	-89.37
32	37	-94.72
32	44	-79.97
32	48	-80.81
32	49	-89.64
32	55	-92.67
32	57	-90.45
32	60	-93.32
32	63	-81.78
32	64	-78.27
32	66	-89.49
32	68	-88.22
32	74	-94.12
32	79	-94.27
32	80	-88.14
32	81	-85.18
32	83	-88.13
32	86	-90.97
32	88	-94.13
32	92	-93.42
32	93	-94.48
32	94	-71.41
32	97	-92.21
33	2	-93.74
33	4	-86.84
33	6	-54.57
33	7	-91.44
33	9	-85.03
33	11	-74.88
33	12	-84.80
33	13	-86.30
33	15	-91.92
33	16	-71.38
33	17	-76.78
33	18	-91.27
33	20	-89.93
33	21	-73.85
33	23	-72.60
33	25	-66.11
33	28	-91.07
33	29	-87.14
33	34	-88.28
33	35	-92.64
33	36	-94.08
33	37	-83.88
33	38	-82.63
33	40	-82.45
33	41	-84.26
33	42	-70.32
33	46	-87.77
33	47	-87.21
33	50	-91.90
33	51	-89.32
33	52	-88.23
33	54	-89.90
33	55	-90.08
33	56	-73.30
33	58	-74.36
33	62	-84.52
33	65	-94.41
33	66	-94.53
33	67	-87.51
33	69	-74.29
33	70	-83.00
33	71	-74.83
33	72	-85.83
33	73	-64.56
33	77	-93.66
33	79	-92.74
33	80	-92.96
33	84	-55.98
33	85	-88.57
33	87	-89.44
33	91	-75.19
33	93	-85.42
33	95	-90.94
33	96	-90.71
33	97	-88.98
33	99	-91.89
33	100	-80.53
34	2	-84.19
34	4	-70.98
34	6	-87.64
34	7	-82.00
34	8	-90.65
34	9	-81.85
34	11	-86.91
34	12	-92.67
34	13	-92.61
34	15	-89.09
34	16	-88.54
34	17	-92.63
34	18	-86.66
34	20	-89.59
34	21	-83.02
34	22	-93.08
34	23	-87.63
34	25	-86.76
34	27	-93.82
34	28	-83.13
34	29	-94.98
34	30	-94.62
34	32	-94.60
34	33	-88.28
34	35	-89.17
34	36	-91.64
34	37	-83.06
34	38	-90.77
34	39	-94.20
34	40	-73.65
34	41	-93.54
34	42	-91.55
34	44	-92.81
34	45	-92.59
34	46	-92.97
34	47	-88.63
34	48	-88.22
34	49	-85.76
34	50	-94.80
34	51	-86.04
34	52	-93.47
34	53	-91.64
34	54	-92.31
34	55	-89.20
34	56	-92.00
34	57	-90.98
34	58	-92.81
34	59	-87.84
34	60	-84.84
34	61	-86.52
34	62	-87.89
34	63	-90.71
34	64	-91.69
34	65	-92.86
34	66	-80.50
34	68	-93.39
34	69	-91.18
34	70	-75.11
34	71	-83.64
34	73	-90.72
34	74	-92.96
34	76	-87.04
34	77	-80.15
34	78	-93.82
34	79	-74.69
34	80	-88.49
34	81	-86.90
34	83	-87.88
34	84	-88.52
34	85	-82.06
34	86	-81.50
34	87	-86.41
34	88	-92.81
34	89	-91.97
34	91	-80.93
34	93	-70.03
34	94	-92.06
34	95	-85.29
34	96	-71.79
34	97	-71.13
34	98	-94.16
34	99	-78.40
34	100	-94.28
35	2	-80.08
35	4	-84.86
35	6	-91.62
35	7	-77.31
35	9	-94.84
35	10	-82.51
35	11	-88.00
35	12	-88.39
35	14	-84.23
35	16	-89.81
35	17	-92.93
35	20	-72.40
35	21	-88.76
35	22	-92.06
35	23	-94.72
35	25	-93.44
35	26	-90.95
35	30	-94.19
35	33	-92.64
35	34	-89.17
35	37	-95.00
35	39	-91.28
35	40	-87.77
35	41	-90.42
35	42	-93.41
35	43	-83.92
35	45	-90.19
35	46	-86.02
35	47	-78.29
35	49	-94.65
35	50	-85.07
35	51	-70.32
35	52	-86.61
35	53	-88.25
35	54	-81.06
35	58	-94.65
35	59	-85.05
35	60	-91.91
35	61	-83.34
35	62	-81.85
35	65	-72.00
35	66	-93.72
35	69	-91.58
35	70	-86.25
35	71	-93.04
35	73	-94.23
35	75	-86.84
35	76	-86.75
35	77	-85.92
35	78	-94.31
35	79	-88.73
35	84	-91.87
35	85	-76.40
35	86	-92.87
35	87	-69.69
35	89	-91.39
35	90	-87.11
35	91	-90.21
35	93	-91.45
35	95	-68.55
35	96	-85.64
35	97	-92.74
35	98	-87.23
35	99	-82.95
36	4	-94.27
36	5	-91.41
36	6	-94.51
36	8	-90.30
36	9	-84.59
36	13	-87.41
36	15	-66.95
36	18	-74.11
36	21	-94.10
36	23	-90.66
36	25	-91.89
36	28	-80.47
36	29	-91.32
36	32	-89.37
36	33	-94.08
36	34	-91.64
36	37	-85.05
36	38	-88.15
36	40	-92.81
36	44	-79.12
36	48	-83.40
36	49	-93.83
36	55	-74.07
36	56	-94.23
36	63	-77.29
36	64	-80.67
36	66	-91.24
36	70	-93.80
36	71	-90.16
36	72	-94.30
36	73	-94.75
36	79	-94.11
36	80	-69.40
36	81	-91.30
36	83	-93.87
36	84	-94.96
36	86	-93.15
36	91	-92.31
36	93	-89.12
36	94	-89.63
36	96	-94.70
36	97	-87.80
37	2	-93.35
37	4	-85.89
37	6	-84.44
37	7	-91.73
37	8	-92.86
37	9	-52.83
37	11	-87.41
37	12	-93.50
37	13	-82.54
37	15	-80.36
37	16	-87.67
37	17	-90.70
37	18	-78.26
37	20	-94.09
37	21	-83.25
37	23	-77.47
37	25	-79.17
37	28	-78.37
37	29	-87.43
37	32	-94.72
37	33	-83.88
37	34	-83.06
37	35	-95.00
37	36	-85.05
37	38	-79.32
37	40	-81.73
37	41	-93.63
37	42	-88.49
37	44	-90.35
37	46	-94.72
37	47	-92.59
37	48	-88.09
37	49	-92.44
37	51	-92.36
37	55	-77.43
37	56	-86.13
37	58	-89.36
37	60	-93.18
37	61	-94.78
37	62	-91.21
37	63	-88.07
37	64	-89.88
37	66	-88.75
37	67	-91.68
37	69	-89.65
37	70	-83.78
37	71	-73.30
37	72	-89.63
37	73	-85.96
37	77	-91.61
37	79	-89.12
37	80	-82.15
37	81	-91.47
37	83	-93.33
37	84	-85.42
37	85	-90.47
37	86	-90.46
37	87	-92.56
37	91	-79.17
37	93	-75.70
37	94	-93.35
37	95	-92.75
37	96	-88.35
37	97	-78.91
37	99	-90.66
37	100	-88.73
38	4	-91.64
38	6	-84.29
38	9	-81.35
38	11	-88.85
38	12	-93.66
38	13	-65.50
38	15	-85.66
38	16	-87.99
38	17	-88.92
38	18	-86.21
38	21	-86.64
38	23	-73.76
38	25	-78.54
38	28	-87.92
38	29	-75.49
38	33	-82.63
38	34	-90.77
38	36	-88.15
38	37	-79.32
38	40	-88.42
38	41	-93.22
38	42	-86.08
38	44	-93.89
38	47	-94.63
38	48	-93.47
38	55	-81.73
38	56	-79.65
38	58	-86.00
38	62	-93.16
38	63	-92.54
38	64	-93.96
38	66	-94.73
38	67	-84.33
38	69	-88.64
38	70	-89.51
38	71	-79.22
38	72	-80.59
38	73	-82.27
38	79	-94.76
38	80	-88.08
38	84	-84.70
38	85	-94.24
38	91	-84.66
38	93	-86.99
38	96	-93.89
38	97	-89.03
38	100	-81.31
39	1	-87.03
39	2	-86.35
39	3	-80.72
39	4	-93.63
39	7	-89.61
39	10	-94.32
39	14	-90.20
39	19	-85.90
39	20	-94.63
39	22	-67.76
39	24	-88.08
39	26	-74.16
39	27	-94.52
39	30	-73.80
39	31	-82.06
39	34	-94.20
39	35	-91.28
39	43	-87.99
39	45	-62.32
39	49	-91.46
39	51	-93.06
39	53	-69.28
39	57	-90.86
39	59	-80.15
39	60	-87.62
39	61	-82.66
39	65	-93.00
39	66	-93.21
39	68	-93.78
39	74	-87.33
39	76	-80.84
39	77	-87.47
39	78	-77.36
39	79	-90.38
39	81	-94.57
39	82	-79.75
39	83	-92.43
39	85	-92.55
39	86	-91.33
39	87	-93.12
39	88	-87.19
39	89	-71.38
39	90	-81.66
39	92	-92.39
39	95	-91.08
39	96	-91.05
39	98	-76.04
39	99	-89.17
40	2	-86.13
40	4	-69.00
40	6	-81.20
40	7	-82.61
40	8	-94.24
40	9	-81.41
40	11	-79.75
40	12	-88.57
40	13	-90.89
40	15	-90.26
40	16	-82.28
40	17	-88.22
40	18	-88.45
40	20	-86.60
40	21	-72.59
40	23	-83.24
40	25	-81.18
40	28	-86.36
40	29	-93.03
40	33	-82.45
40	34	-73.65
40	35	-87.77
40	36	-92.81
40	37	-81.73
40	38	-88.42
40	41	-89.56
40	42	-86.86
40	44	-94.96
40	45	-94.65
40	46	-89.34
40	47	-84.49
40	48	-91.73
40	49	-90.86
40	50	-92.11
40	51	-83.14
40	52	-89.96
40	53	-93.60
40	54	-89.16
40	55	-89.51
40	56	-88.13
40	57	-94.67
40	58	-88.65
40	59	-90.23
40	60	-89.85
40	61	-88.87
40	62	-82.69
40	63	-93.16
40	64	-94.19
40	65	-91.39
40	66	-87.38
40	67	-94.66
40	69	-86.19
40	70	-55.13
40	71	-77.85
40	72	-93.35
40	73	-86.05
40	76	-90.04
40	77	-85.05
40	79	-83.18
40	80	-90.39
40	81	-91.61
40	83	-92.39
40	84	-82.51
40	85	-79.26
40	86	-88.00
40	87	-83.53
40	89	-94.45
40	91	-69.87
40	93	-72.48
40	95	-83.88
40	96	-78.99
40	97	-79.44
40	99	-82.06
40	100	-91.13
41	2	-94.51
41	4	-90.96
41	6	-83.11
41	7	-92.33
41	9	-94.07
41	10	-92.97
41	11	-79.70
41	12	-61.55
41	13	-94.98
41	16	-78.20
41	17	-75.11
41	20	-85.67
41	21	-85.07
41	23	-89.52
41	25	-87.74
41	29	-94.74
41	33	-84.26
41	34	-93.54
41	35	-90.42
41	37	-93.63
41	38	-93.22
41	40	-89.56
41	42	-80.21
41	46	-73.80
41	47	-82.62
41	50	-82.52
41	51	-87.89
41	52	-73.69
41	54	-81.74
41	56	-87.17
41	58	-81.78
41	62	-80.45
41	65	-90.58
41	67	-93.03
41	69	-74.66
41	70	-88.91
41	71	-89.67
41	72	-92.82
41	73	-84.40
41	75	-89.23
41	84	-82.19
41	85	-89.26
41	87	-87.78
41	91	-87.78
41	93	-92.96
41	95	-90.35
41	96	-93.83
41	99	-93.89
41	100	-89.09
42	4	-89.90
42	6	-71.07
42	7	-93.19
42	9	-89.37
42	11	-77.31
42	12	-82.07
42	13	-88.75
42	15	-94.61
42	16	-72.07
42	17	-64.36
42	18	-94.17
42	20	-90.29
42	21	-80.36
42	23	-80.41
42	25	-77.92
42	28	-94.08
42	29	-88.31
42	33	-70.32
42	34	-91.55
42	35	-93.41
42	37	-88.49
42	38	-86.08
42	40	-86.86
42	41	-80.21
42	46	-86.15
42	47	-87.60
42	50	-90.80
42	51	-90.50
42	52	-86.47
42	54	-89.30
42	55	-92.99
42	56	-73.51
42	58	-59.34
42	62	-85.05
42	65	-94.60
42	67	-86.52
42	69	-65.46
42	70	-86.94
42	71	-82.66
42	72	-85.61
42	73	-65.24
42	84	-67.79
42	85	-90.43
42	87	-90.55
42	91	-82.41
42	93	-89.60
42	95	-92.29
42	96	-93.17
42	97	-92.37
42	99	-93.94
42	100	-78.91
43	2	-87.47
43	3	-94.73
43	4	-93.52
43	7	-88.63
43	10	-80.86
43	14	-62.32
43	20	-88.41
43	22	-90.52
43	26	-83.89
43	30	-92.49
43	31	-93.70
43	35	-83.92
43	39	-87.99
43	45	-88.19
43	46	-93.72
43	47	-90.94
43	50	-91.64
43	51	-88.58
43	52	-93.93
43	53	-86.54
43	54	-90.72
43	59	-87.14
43	60	-94.67
43	61	-87.09
43	62	-92.66
43	65	-81.93
43	70	-94.73
43	75	-89.69
43	76	-89.06
43	77	-91.36
43	78	-93.33
43	79	-93.97
43	82	-93.03
43	85	-90.06
43	87	-88.43
43	89	-90.54
43	90	-74.25
43	95	-87.21
43	96	-92.79
43	98	-79.83
43	99	-90.71
44	5	-83.73
44	8	-84.28
44	9	-89.63
44	13	-93.67
44	15	-82.03
44	18	-82.32
44	27	-92.69
44	28	-83.60
44	32	-79.97
44	34	-92.81
44	36	-79.12
44	37	-90.35
44	38	-93.89
44	40	-94.96
44	48	-76.60
44	49	-91.51
44	55	-85.91
44	57	-93.72
44	60	-94.44
44	63	-64.36
44	64	-60.28
44	66	-89.63
44	68	-93.03
44	71	-94.14
44	79	-93.90
44	80	-78.62
44	81	-87.71
44	83	-90.94
44	86	-91.63
44	93	-91.61
44	94	-82.13
44	97	-89.39
45	1	-88.21
45	2	-83.88
45	3	-80.91
45	4	-92.04
45	7	-87.71
45	10	-94.10
45	14	-90.35
45	19	-87.75
45	20	-93.70
45	22	-63.58
45	24	-88.91
45	26	-78.20
45	27	-93.53
45	30	-74.25
45	31	-84.82
45	34	-92.59
45	35	-90.19
45	39	-62.32
45	40	-94.65
45	43	-88.19
45	47	-94.87
45	49	-89.67
45	51	-91.83
45	53	-60.53
45	57	-89.40
45	59	-75.88
45	60	-85.09
45	61	-79.26
45	65	-92.37
45	66	-91.50
45	68	-92.74
45	70	-94.16
45	74	-86.00
45	76	-76.34
45	77	-84.80
45	78	-76.20
45	79	-88.21
45	81	-93.16
45	82	-82.89
45	83	-90.87
45	85	-91.08
45	86	-89.38
45	87	-91.91
45	88	-85.80
45	89	-64.36
45	90	-82.69
45	92	-91.77
45	95	-89.63
45	96	-89.05
45	97	-94.73
45	98	-77.06
45	99	-86.95
46	2	-92.18
46	4	-89.76
46	6	-86.51
46	7	-89.81
46	9	-94.97
46	10	-88.61
46	11	-81.65
46	12	-66.84
46	14	-93.09
46	16	-82.32
46	17	-83.65
46	20	-79.07
46	21	-86.19
46	23	-91.91
46	25	-90.26
46	33	-87.77
46	34	-92.97
46	35	-86.02
46	37	-94.72
46	40	-89.34
46	41	-73.80
46	42	-86.15
46	43	-93.72
46	47	-75.94
46	50	-72.40
46	51	-83.69
46	52	-45.20
46	54	-69.87
46	56	-91.05
46	58	-87.63
46	61	-94.10
46	62	-75.70
46	65	-85.44
46	69	-82.30
46	70	-88.30
46	71	-91.33
46	73	-88.73
46	75	-83.93
46	77	-94.12
46	79	-94.81
46	84	-86.14
46	85	-86.41
46	87	-83.43
46	91	-88.86
46	93	-93.13
46	95	-86.86
46	96	-92.45
46	99	-92.04
46	100	-92.87
47	2	-86.66
47	4	-83.77
47	6	-85.66
47	7	-82.97
47	9	-92.67
47	10	-87.14
47	11	-79.34
47	12	-79.04
47	14	-90.69
47	16	-82.09
47	17	-86.61
47	20	-65.07
47	21	-82.66
47	23	-90.83
47	25	-89.00
47	33	-87.21
47	34	-88.63
47	35	-78.29
47	37	-92.59
47	38	-94.63
47	40	-84.49
47	41	-82.62
47	42	-87.60
47	43	-90.94
47	45	-94.87
47	46	-75.94
47	50	-79.75
47	51	-71.38
47	52	-77.44
47	53	-93.53
47	54	-71.05
47	56	-91.51
47	58	-89.35
47	59	-90.81
47	60	-94.35
47	61	-89.46
47	62	-61.98
47	65	-81.14
47	66	-94.61
47	69	-84.55
47	70	-82.66
47	71	-89.26
47	73	-89.15
47	75	-86.25
47	76	-91.61
47	77	-89.40
47	79	-90.52
47	84	-85.80
47	85	-77.09
47	86	-94.32
47	87	-70.88
47	90	-93.30
47	91	-85.64
47	93	-89.62
47	95	-78.06
47	96	-87.25
47	97	-91.88
47	98	-93.33
47	99	-86.45
47	100	-93.70
48	2	-94.98
48	4	-91.99
48	5	-83.38
48	7	-94.83
48	8	-76.88
48	9	-86.94
48	13	-93.85
48	15	-82.79
48	18	-80.45
48	21	-94.42
48	23	-93.68
48	25	-94.12
48	27	-89.00
48	28	-77.94
48	32	-80.81
48	34	-88.22
48	36	-83.40
48	37	-88.09
48	38	-93.47
48	40	-91.73
48	44	-76.60
48	49	-85.45
48	55	-86.25
48	57	-89.26
48	60	-89.60
48	63	-71.21
48	64	-71.38
48	66	-82.26
48	68	-89.17
48	70	-92.58
48	71	-92.09
48	74	-93.23
48	76	-94.59
48	77	-92.03
48	79	-88.98
48	80	-78.57
48	81	-79.56
48	83	-84.93
48	86	-85.45
48	88	-93.17
48	91	-92.81
48	92	-94.33
48	93	-87.57
48	94	-76.78
48	96	-90.97
48	97	-83.84
48	99	-92.84
49	1	-94.54
49	2	-88.48
49	3	-89.44
49	4	-89.00
49	5	-89.45
49	7	-89.72
49	8	-81.50
49	9	-91.54
49	15	-92.69
49	18	-90.87
49	21	-94.39
49	22	-88.76
49	24	-93.90
49	26	-94.96
49	27	-82.03
49	28	-88.03
49	30	-89.53
49	32	-89.64
49	34	-85.76
49	35	-94.65
49	36	-93.83
49	37	-92.44
49	39	-91.46
49	40	-90.86
49	44	-91.51
49	45	-89.67
49	48	-85.45
49	51	-93.86
49	53	-89.76
49	55	-93.96
49	57	-74.34
49	59	-87.68
49	60	-72.05
49	61	-87.78
49	63	-89.96
49	64	-89.80
49	66	-71.21
49	68	-80.84
49	70	-91.15
49	71	-94.17
49	74	-82.00
49	76	-85.60
49	77	-83.41
49	78	-87.66
49	79	-80.11
49	80	-91.10
49	81	-71.21
49	82	-94.79
49	83	-61.48
49	85	-91.84
49	86	-66.52
49	87	-94.06
49	88	-81.78
49	89	-87.45
49	91	-93.42
49	92	-87.16
49	93	-88.65
49	94	-84.93
49	95	-92.51
49	96	-85.17
49	97	-85.56
49	98	-93.89
49	99	-86.48
50	2	-92.45
50	4	-91.83
50	6	-90.92
50	7	-90.57
50	10	-84.18
50	11	-87.26
50	12	-79.66
50	14	-90.58
50	16	-87.99
50	17	-88.97
50	20	-79.22
50	21	-90.24
50	25	-93.72
50	33	-91.90
50	34	-94.80
50	35	-85.07
50	40	-92.11
50	41	-82.52
50	42	-90.80
50	43	-91.64
50	46	-72.40
50	47	-79.75
50	51	-84.85
50	52	-71.65
50	54	-68.55
50	56	-94.50
50	58	-91.85
50	59	-94.98
50	61	-94.12
50	62	-81.69
50	65	-81.97
50	69	-88.12
50	70	-91.12
50	71	-94.41
50	73	-92.70
50	75	-75.43
50	77	-94.83
50	84	-90.71
50	85	-88.02
50	87	-84.49
50	90	-94.86
50	91	-92.25
50	95	-87.38
50	96	-93.75
50	99	-92.96
51	2	-80.63
51	4	-79.98
51	6	-88.02
51	7	-74.88
51	9	-92.23
51	10	-86.79
51	11	-83.34
51	12	-85.58
51	14	-88.82
51	16	-85.89
51	17	-90.16
51	20	-68.92
51	21	-84.14
51	22	-93.32
51	23	-91.83
51	25	-90.26
51	26	-93.38
51	28	-94.37
51	33	-89.32
51	34	-86.04
51	35	-70.32
51	37	-92.36
51	39	-93.06
51	40	-83.14
51	41	-87.89
51	42	-90.50
51	43	-88.58
51	45	-91.83
51	46	-83.69
51	47	-71.38
51	49	-93.86
51	50	-84.85
51	52	-84.55
51	53	-90.17
51	54	-79.53
51	56	-93.33
51	58	-92.03
51	59	-86.54
51	60	-91.43
51	61	-84.69
51	62	-75.29
51	65	-79.56
51	66	-92.35
51	69	-88.40
51	70	-80.95
51	71	-89.79
51	73	-91.35
51	75	-88.45
51	76	-87.61
51	77	-84.99
51	79	-87.04
51	84	-88.39
51	85	-65.95
51	86	-91.76
51	87	-33.67
51	89	-92.54
51	90	-90.61
51	91	-86.13
51	93	-88.30
51	95	-63.95
51	96	-82.90
51	97	-90.23
51	98	-90.30
51	99	-80.95
52	2	-92.65
52	4	-90.38
52	6	-87.04
52	7	-90.39
52	10	-88.69
52	11	-82.54
52	12	-67.51
52	14	-93.26
52	16	-83.02
52	17	-83.89
52	20	-80.08
52	21	-86.89
52	23	-92.29
52	25	-90.69
52	33	-88.23
52	34	-93.47
52	35	-86.61
52	40	-89.96
52	41	-73.69
52	42	-86.47
52	43	-93.93
52	46	-45.20
52	47	-77.44
52	50	-71.65
52	51	-84.55
52	54	-71.05
52	56	-91.30
52	58	-87.85
52	61	-94.50
52	62	-77.31
52	65	-85.80
52	69	-82.74
52	70	-88.98
52	71	-91.79
52	73	-89.06
52	75	-83.57
52	77	-94.57
52	84	-86.64
52	85	-87.17
52	87	-84.29
52	91	-89.44
52	93	-93.60
52	95	-87.54
52	96	-92.97
52	99	-92.56
52	100	-93.03
53	1	-90.15
53	2	-81.17
53	3	-83.89
53	4	-90.77
53	7	-85.64
53	10	-92.79
53	14	-88.90
53	19	-89.65
53	20	-92.22
53	22	-71.65
53	24	-90.76
53	26	-78.37
53	27	-94.16
53	30	-78.84
53	31	-86.95
53	34	-91.64
53	35	-88.25
53	39	-69.28
53	40	-93.60
53	43	-86.54
53	45	-60.53
53	47	-93.53
53	49	-89.76
53	51	-90.17
53	57	-90.11
53	59	-71.21
53	60	-84.96
53	61	-75.53
53	62	-94.48
53	65	-90.76
53	66	-91.19
53	68	-93.40
53	70	-93.03
53	74	-87.43
53	76	-73.36
53	77	-83.13
53	78	-79.93
53	79	-87.19
53	81	-93.21
53	82	-85.33
53	83	-91.11
53	85	-89.42
53	86	-89.09
53	87	-90.26
53	88	-87.23
53	89	-70.43
53	90	-80.99
53	92	-92.90
53	93	-94.50
53	95	-87.68
53	96	-87.68
53	97	-94.08
53	98	-74.49
53	99	-85.14
54	2	-89.79
54	4	-88.69
54	6	-88.69
54	7	-87.30
54	10	-84.49
54	11	-83.97
54	12	-77.86
54	14	-89.96
54	16	-85.37
54	17	-87.71
54	20	-70.90
54	21	-87.26
54	23	-93.30
54	25	-91.76
54	33	-89.90
54	34	-92.31
54	35	-81.06
54	40	-89.16
54	41	-81.74
54	42	-89.30
54	43	-90.72
54	46	-69.87
54	47	-71.05
54	50	-68.55
54	51	-79.53
54	52	-71.05
54	56	-93.20
54	58	-90.67
54	59	-92.96
54	61	-91.89
54	62	-75.14
54	65	-79.53
54	69	-86.32
54	70	-87.90
54	71	-92.32
54	73	-91.14
54	75	-80.67
54	76	-93.82
54	77	-92.45
54	79	-93.61
54	84	-88.58
54	85	-83.82
54	87	-79.04
54	90	-93.75
54	91	-89.63
54	93	-93.05
54	95	-83.29
54	96	-91.07
54	97	-94.89
54	98	-94.21
54	99	-90.19
54	100	-94.96
55	4	-91.79
55	5	-94.22
55	6	-90.71
55	8	-92.22
55	9	-77.48
55	11	-93.06
55	13	-81.43
55	15	-65.50
55	16	-93.05
55	17	-94.76
55	18	-71.05
55	21	-90.50
55	23	-85.29
55	25	-87.11
55	28	-78.46
55	29	-87.24
55	32	-92.67
55	33	-90.08
55	34	-89.20
55	36	-74.07
55	37	-77.43
55	38	-81.73
55	40	-89.51
55	42	-92.99
55	44	-85.91
55	48	-86.25
55	49	-93.96
55	56	-90.22
55	58	-93.32
55	63	-83.65
55	64	-86.19
55	66	-90.92
55	67	-92.74
55	69	-94.19
55	70	-90.76
55	71	-84.89
55	72	-90.78
55	73	-90.89
55	79	-92.83
55	80	-74.11
55	81	-92.11
55	83	-94.36
55	84	-91.26
55	86	-92.75
55	91	-88.22
55	93	-85.37
55	94	-92.13
55	96	-92.91
55	97	-85.10
55	99	-94.72
55	100	-91.43
56	4	-91.36
56	6	-76.55
56	7	-94.98
56	9	-87.38
56	11	-83.62
56	12	-88.33
56	13	-83.15
56	15	-92.38
56	16	-81.07
56	17	-79.24
56	18	-92.26
56	20	-93.60
56	21	-83.45
56	23	-74.88
56	25	-75.11
56	28	-92.70
56	29	-82.00
56	33	-73.30
56	34	-92.00
56	36	-94.23
56	37	-86.13
56	38	-79.65
56	40	-88.13
56	41	-87.17
56	42	-73.51
56	46	-91.05
56	47	-91.51
56	50	-94.50
56	51	-93.33
56	52	-91.30
56	54	-93.20
56	55	-90.22
56	58	-71.63
56	62	-89.56
56	67	-80.86
56	69	-79.86
56	70	-88.69
56	71	-80.81
56	72	-78.37
56	73	-64.51
56	80	-93.72
56	84	-75.70
56	85	-92.81
56	87	-93.41
56	91	-83.45
56	93	-89.32
56	95	-94.61
56	96	-94.21
56	97	-91.90
56	100	-67.38
57	1	-91.67
57	2	-91.31
57	3	-86.14
57	4	-93.05
57	5	-89.56
57	7	-92.83
57	8	-83.65
57	18	-94.38
57	19	-93.72
57	22	-87.69
57	24	-90.62
57	26	-94.72
57	27	-74.37
57	28	-92.34
57	30	-87.43
57	31	-93.81
57	32	-90.45
57	34	-90.98
57	39	-90.86
57	40	-94.67
57	44	-93.72
57	45	-89.40
57	48	-89.26
57	49	-74.34
57	53	-90.11
57	59	-89.46
57	60	-78.80
57	61	-90.03
57	63	-92.78
57	64	-92.28
57	66	-82.74
57	68	-71.21
57	70	-94.82
57	74	-73.23
57	76	-87.62
57	77	-87.81
57	78	-85.05
57	79	-86.64
57	80	-94.36
57	81	-79.29
57	82	-93.04
57	83	-70.98
57	85	-94.86
57	86	-80.59
57	88	-73.13
57	89	-86.72
57	92	-79.62
57	93	-93.14
57	94	-86.39
57	96	-90.00
57	97	-90.94
57	98	-94.26
57	99	-90.45
58	4	-91.44
58	6	-75.70
58	7	-94.48
58	9	-90.26
58	11	-80.91
58	12	-83.88
58	13	-88.45
58	15	-94.99
58	16	-76.99
58	17	-67.64
58	18	-94.69
58	20	-91.76
58	21	-83.17
58	23	-81.41
58	25	-79.80
58	28	-94.76
58	29	-87.42
58	33	-74.36
58	34	-92.81
58	35	-94.65
58	37	-89.36
58	38	-86.00
58	40	-88.65
58	41	-81.78
58	42	-59.34
58	46	-87.63
58	47	-89.35
58	50	-91.85
58	51	-92.03
58	52	-87.85
58	54	-90.67
58	55	-93.32
58	56	-71.63
58	62	-87.15
58	67	-84.62
58	69	-71.58
58	70	-88.78
58	71	-84.23
58	72	-83.93
58	73	-67.08
58	84	-73.54
58	85	-91.98
58	87	-92.07
58	91	-84.61
58	93	-90.86
58	95	-93.65
58	96	-94.40
58	97	-93.39
58	100	-75.97
59	1	-92.97
59	2	-71.81
59	3	-87.30
59	4	-86.54
59	7	-79.52
59	8	-94.82
59	10	-91.98
59	11	-93.99
59	14	-89.15
59	19	-92.90
59	20	-89.53
59	21	-93.16
59	22	-79.42
59	24	-93.26
59	26	-84.48
59	27	-93.75
59	28	-94.85
59	30	-84.04
59	31	-90.97
59	34	-87.84
59	35	-85.05
59	39	-80.15
59	40	-90.23
59	43	-87.14
59	45	-75.88
59	47	-90.81
59	49	-87.68
59	50	-94.98
59	51	-86.54
59	53	-71.21
59	54	-92.96
59	57	-89.46
59	60	-81.85
59	61	-57.01
59	62	-91.77
59	65	-88.95
59	66	-88.43
59	68	-93.00
59	70	-89.52
59	74	-88.06
59	76	-59.34
59	77	-75.56
59	78	-83.84
59	79	-82.27
59	81	-91.44
59	82	-89.74
59	83	-89.55
59	85	-85.08
59	86	-86.07
59	87	-86.71
59	88	-87.84
59	89	-77.16
59	90	-84.12
59	91	-93.28
59	92	-93.51
59	93	-91.45
59	95	-83.23
59	96	-82.32
59	97	-91.12
59	98	-80.11
59	99	-78.33
60	1	-93.11
60	2	-83.73
60	3	-86.89
60	4	-87.01
60	5	-93.17
60	7	-86.08
60	8	-87.47
60	9	-92.39
60	15	-94.56
60	18	-92.87
60	19	-94.22
60	20	-94.08
60	21	-93.56
60	22	-84.33
60	24	-92.70
60	26	-91.89
60	27	-86.37
60	28	-90.29
60	30	-86.07
60	31	-93.47
60	32	-93.32
60	34	-84.84
60	35	-91.91
60	37	-93.18
60	39	-87.62
60	40	-89.85
60	43	-94.67
60	44	-94.44
60	45	-85.09
60	47	-94.35
60	48	-89.60
60	49	-72.05
60	51	-91.43
60	53	-84.96
60	57	-78.80
60	59	-81.85
60	61	-82.17
60	62	-94.55
60	63	-93.03
60	64	-93.09
60	65	-94.93
60	66	-77.26
60	68	-85.22
60	70	-89.82
60	71	-94.15
60	74	-81.07
60	76	-78.57
60	77	-76.89
60	78	-84.00
60	79	-75.70
60	80	-93.38
60	81	-81.41
60	82	-92.49
60	83	-76.99
60	85	-89.25
60	86	-70.47
60	87	-91.64
60	88	-80.72
60	89	-82.33
60	90	-92.74
60	91	-92.88
60	92	-88.36
60	93	-88.76
60	94	-89.81
60	95	-89.57
60	96	-81.73
60	97	-86.60
60	98	-90.40
60	99	-82.07
61	1	-94.08
61	2	-65.50
61	3	-88.85
61	4	-84.74
61	6	-94.86
61	7	-76.17
61	8	-94.80
61	9	-94.30
61	10	-91.39
61	11	-92.87
61	14	-88.96
61	16	-94.29
61	19	-94.03
61	20	-88.14
61	21	-91.99
61	22	-82.13
61	24	-94.32
61	26	-85.97
61	27	-94.15
61	28	-94.26
61	30	-86.03
61	31	-92.24
61	34	-86.52
61	35	-83.34
61	37	-94.78
61	39	-82.66
61	40	-88.87
61	43	-87.09
61	45	-79.26
61	46	-94.10
61	47	-89.46
61	49	-87.78
61	50	-94.12
61	51	-84.69
61	52	-94.50
61	53	-75.53
61	54	-91.89
61	57	-90.03
61	59	-57.01
61	60	-82.17
61	62	-90.47
61	65	-87.92
61	66	-88.02
61	68	-93.44
61	70	-88.03
61	71	-94.30
61	74	-89.10
61	75	-94.97
61	76	-64.51
61	77	-73.06
61	78	-85.76
61	79	-80.95
61	81	-91.38
61	82	-91.12
61	83	-89.73
61	85	-82.90
61	86	-85.79
61	87	-84.89
61	88	-88.90
61	89	-80.21
