1	2	-94.36
1	3	-92.45
1	4	-87.81
1	5	-87.68
1	7	-91.33
1	11	-93.89
1	13	-82.91
1	14	-94.34
1	15	-92.90
1	20	-93.35
1	22	-89.76
1	23	-94.17
1	24	-90.19
1	26	-85.06
1	28	-86.21
1	29	-92.67
1	30	-67.54
1	31	-90.01
1	33	-93.75
1	34	-90.46
1	36	-90.63
1	37	-93.20
1	38	-90.02
1	39	-93.16
1	41	-92.49
1	44	-86.45
1	47	-93.00
1	48	-70.43
1	50	-59.34
1	53	-90.10
1	54	-89.87
1	55	-87.43
1	56	-76.85
1	58	-83.13
1	59	-90.51
1	60	-93.75
1	61	-73.76
1	65	-80.62
1	69	-92.39
1	70	-85.54
1	71	-84.39
1	72	-88.61
1	73	-91.74
1	74	-81.50
1	76	-90.42
1	78	-88.03
1	80	-93.87
1	82	-72.51
1	83	-84.99
1	86	-79.24
1	89	-72.73
1	90	-88.64
1	93	-86.41
1	95	-87.95
1	96	-81.31
1	98	-70.74
2	1	-94.36
2	3	-89.39
2	6	-87.81
2	10	-92.38
2	13	-90.32
2	14	-90.79
2	21	-87.62
2	22	-93.89
2	24	-90.10
2	25	-86.40
2	26	-92.20
2	30	-92.55
2	31	-77.94
2	33	-93.20
2	34	-81.07
2	37	-84.66
2	39	-63.30
2	43	-78.40
2	44	-82.28
2	45	-75.14
2	46	-86.69
2	47	-94.58
2	48	-92.06
2	53	-93.65
2	54	-78.40
2	57	-77.92
2	64	-89.99
2	66	-94.45
2	67	-80.45
2	70	-83.40
2	71	-88.82
2	75	-89.99
2	78	-94.31
2	80	-90.51
2	87	-92.59
2	89	-92.23
2	90	-78.46
2	91	-90.35
2	93	-82.13
2	94	-89.10
2	95	-79.80
2	97	-84.47
2	98	-94.25
3	1	-92.45
3	2	-89.39
3	8	-89.73
3	10	-78.91
3	12	-90.26
3	13	-94.03
3	14	-64.93
3	17	-90.66
3	18	-92.10
3	19	-89.64
3	21	-93.07
3	23	-88.81
3	25	-94.52
3	27	-92.36
3	28	-92.74
3	30	-89.71
3	31	-90.51
3	32	-91.34
3	33	-72.40
3	34	-92.52
3	35	-93.80
3	36	-89.00
3	37	-72.25
3	38	-84.63
3	39	-90.03
3	40	-85.17
3	42	-90.09
3	43	-90.27
3	44	-88.48
3	45	-92.27
3	46	-86.45
3	47	-77.94
3	48	-92.16
3	50	-93.28
3	51	-89.43
3	54	-90.60
3	55	-85.52
3	56	-90.54
3	57	-88.30
3	59	-86.38
3	61	-92.75
3	62	-85.76
3	63	-87.50
3	64	-94.55
3	66	-78.82
3	67	-91.19
3	69	-82.73
3	70	-86.00
3	71	-93.51
3	73	-83.93
3	74	-89.57
3	75	-77.09
3	76	-92.63
3	77	-91.45
3	80	-60.86
3	81	-88.97
3	83	-91.91
3	84	-84.01
3	86	-92.36
3	87	-76.55
3	89	-88.29
3	90	-86.72
3	91	-76.99
3	92	-91.33
3	93	-86.80
3	94	-92.15
3	95	-87.75
3	96	-90.99
3	97	-92.11
3	98	-94.37
3	99	-91.14
3	100	-89.93
4	1	-87.81
4	7	-82.44
4	9	-94.38
4	11	-84.69
4	15	-77.44
4	20	-82.00
4	23	-94.20
4	28	-81.99
4	29	-79.84
4	30	-89.73
4	36	-90.45
4	38	-92.37
4	41	-78.62
4	48	-91.49
4	49	-94.35
4	50	-85.74
4	55	-90.62
4	56	-85.05
4	58	-70.65
4	59	-91.91
4	60	-81.01
4	61	-82.44
4	65	-74.49
4	69	-94.71
4	72	-65.16
4	73	-93.83
4	74	-85.90
4	76	-86.64
4	82	-89.11
4	83	-82.94
4	85	-84.79
4	86	-81.50
4	88	-89.96
4	89	-90.08
4	96	-83.83
4	98	-90.22
5	1	-87.68
5	13	-80.81
5	22	-72.95
5	24	-82.45
5	26	-75.01
5	30	-89.59
5	31	-91.16
5	34	-89.83
5	39	-94.41
5	44	-90.34
5	48	-85.05
5	50	-88.42
5	53	-74.69
5	54	-90.97
5	56	-93.18
5	58	-92.87
5	61	-91.79
5	65	-92.57
5	70	-91.54
5	71	-82.91
5	74	-94.85
5	78	-65.91
5	82	-82.42
5	86	-93.70
5	89	-90.92
5	90	-92.47
5	93	-91.39
5	95	-91.55
5	96	-94.71
5	98	-82.43
6	2	-87.81
6	21	-75.56
6	25	-60.94
6	31	-93.47
6	34	-94.19
6	37	-92.85
6	39	-89.88
6	43	-80.08
6	45	-80.33
6	46	-87.14
6	54	-93.61
6	57	-83.20
6	64	-76.17
6	67	-77.67
6	75	-93.61
6	90	-93.73
6	91	-93.91
6	94	-81.57
6	95	-94.27
6	97	-75.00
7	1	-91.33
7	4	-82.44
7	9	-86.25
7	11	-68.92
7	15	-78.40
7	17	-89.32
7	19	-93.70
7	20	-70.80
7	23	-87.62
7	28	-75.19
7	29	-71.38
7	30	-91.51
7	33	-94.47
7	36	-82.71
7	38	-87.25
7	40	-94.68
7	41	-73.13
7	47	-92.47
7	48	-94.19
7	49	-86.19
7	50	-90.20
7	51	-88.76
7	55	-86.08
7	56	-85.76
7	58	-85.69
7	59	-85.93
7	60	-76.38
7	61	-86.39
7	62	-94.04
7	63	-93.97
7	65	-85.12
7	69	-90.01
7	72	-77.36
7	73	-88.77
7	74	-84.01
7	76	-73.09
7	79	-94.93
7	82	-93.80
7	83	-78.09
7	85	-80.21
7	86	-83.31
7	88	-82.51
7	89	-91.10
7	92	-88.11
7	96	-82.61
7	98	-94.13
7	99	-92.91
7	100	-94.31
8	3	-89.73
8	10	-80.84
8	12	-67.54
8	14	-87.17
8	16	-91.55
8	18	-92.68
8	19	-92.82
8	21	-91.10
8	25	-94.07
8	27	-90.26
8	32	-91.79
8	33	-89.36
8	35	-92.96
8	37	-89.73
8	40	-89.68
8	42	-71.91
8	43	-92.66
8	46	-85.32
8	47	-91.59
8	52	-92.38
8	57	-91.58
8	62	-90.66
8	63	-91.44
8	64	-91.50
8	66	-85.80
8	67	-92.75
8	68	-91.26
8	69	-93.75
8	73	-94.64
8	75	-82.71
8	77	-91.58
8	80	-87.89
8	81	-89.76
8	84	-88.57
8	87	-83.29
8	91	-82.51
8	94	-88.36
8	97	-91.90
8	99	-94.35
8	100	-92.46
9	4	-94.38
9	7	-86.25
9	11	-86.22
9	15	-92.06
9	17	-77.64
9	18	-87.93
9	19	-85.54
9	20	-88.63
9	23	-80.15
9	27	-91.68
9	28	-88.81
9	29	-89.59
9	32	-88.64
9	33	-92.32
9	35	-89.83
9	36	-83.34
9	38	-86.99
9	40	-89.36
9	41	-90.29
9	47	-89.99
9	49	-33.67
9	51	-79.41
9	55	-88.54
9	56	-93.08
9	59	-85.37
9	60	-90.58
9	61	-94.47
9	62	-88.28
9	63	-87.29
9	65	-94.94
9	66	-93.18
9	68	-94.00
9	69	-87.19
9	72	-92.40
9	73	-86.47
9	74	-91.22
9	76	-83.41
9	77	-89.05
9	79	-84.19
9	80	-94.93
9	81	-89.81
9	83	-89.37
9	84	-90.46
9	85	-90.68
9	86	-92.67
9	88	-87.10
9	92	-74.74
9	96	-91.36
9	99	-82.94
9	100	-86.37
10	2	-92.38
10	3	-78.91
10	8	-80.84
10	12	-81.68
10	14	-72.48
10	16	-93.61
10	17	-91.83
10	18	-90.19
10	19	-88.81
10	21	-91.62
10	23	-91.12
10	25	-93.98
10	27	-89.02
10	31	-94.70
10	32	-89.12
10	33	-78.51
10	35	-91.50
10	36	-92.81
10	37	-81.18
10	38	-89.85
10	39	-93.47
10	40	-83.45
10	42	-81.55
10	43	-90.77
10	44	-93.77
10	45	-93.47
10	46	-83.45
10	47	-83.31
10	51	-91.11
10	52	-94.00
10	54	-94.79
10	55	-91.24
10	57	-89.00
10	59	-90.86
10	62	-84.80
10	63	-86.48
10	64	-92.81
10	66	-73.13
10	67	-91.33
10	68	-91.69
10	69	-87.18
10	70	-92.31
10	73	-88.50
10	74	-94.64
10	75	-65.83
10	77	-89.06
10	79	-94.48
10	80	-74.44
10	81	-86.06
10	84	-81.50
10	87	-58.61
10	89	-94.27
10	90	-92.22
10	91	-63.58
10	92	-92.74
10	93	-92.67
10	94	-89.72
10	95	-93.05
10	97	-91.40
10	99	-90.78
10	100	-88.70
11	1	-93.89
11	4	-84.69
11	7	-68.92
11	9	-86.22
11	15	-76.55
11	17	-90.61
11	19	-94.74
11	20	-62.12
11	23	-89.61
11	28	-82.32
11	29	-68.09
11	30	-94.16
11	36	-86.41
11	38	-90.23
11	41	-71.05
11	47	-94.48
11	49	-86.05
11	50	-92.88
11	51	-90.38
11	55	-89.59
11	56	-89.57
11	58	-88.35
11	59	-89.05
11	60	-71.38
11	61	-89.86
11	65	-88.29
11	69	-92.29
11	72	-80.67
11	73	-91.28
11	74	-88.30
11	76	-79.90
11	83	-84.16
11	85	-73.69
11	86	-87.61
11	88	-75.65
11	89	-93.85
11	92	-89.39
11	96	-87.25
11	99	-93.81
12	3	-90.26
12	8	-67.54
12	10	-81.68
12	14	-87.62
12	16	-88.63
12	17	-94.73
12	18	-90.46
12	19	-91.03
12	21	-93.59
12	23	-94.92
12	27	-87.30
12	32	-89.45
12	33	-88.98
12	35	-90.56
12	37	-91.03
12	40	-87.90
12	42	-53.97
12	43	-94.69
12	46	-88.52
12	47	-90.98
12	51	-94.54
12	52	-89.61
12	57	-93.66
12	62	-88.98
12	63	-89.65
12	64	-93.96
12	66	-84.78
12	67	-94.83
12	68	-88.25
12	69	-93.05
12	73	-93.99
12	75	-84.59
12	77	-89.17
12	79	-94.85
12	80	-88.35
12	81	-87.30
12	84	-86.79
12	87	-83.45
12	91	-84.26
12	94	-91.35
12	97	-94.19
12	99	-92.70
12	100	-90.54
13	1	-82.91
13	2	-90.32
13	3	-94.03
13	5	-80.81
13	22	-79.07
13	24	-77.03
13	26	-66.11
13	28	-94.42
13	30	-83.06
13	31	-82.52
13	34	-81.17
13	37	-93.17
13	39	-88.11
13	44	-80.02
13	45	-94.37
13	48	-75.43
13	50	-85.12
13	53	-79.29
13	54	-82.19
13	55	-93.70
13	56	-89.59
13	57	-94.98
13	58	-92.44
13	61	-88.98
13	65	-91.47
13	70	-82.43
13	71	-57.79
13	74	-91.39
13	78	-77.44
13	82	-80.94
13	83	-93.66
13	86	-91.03
13	89	-84.61
13	90	-84.14
13	93	-82.07
13	95	-82.46
13	96	-91.68
13	98	-77.94
14	1	-94.34
14	2	-90.79
14	3	-64.93
14	8	-87.17
14	10	-72.48
14	12	-87.62
14	17	-90.27
14	18	-90.68
14	19	-88.35
14	21	-92.76
14	23	-88.81
14	25	-94.54
14	27	-90.58
14	28	-93.95
14	30	-91.98
14	31	-92.41
14	32	-89.76
14	33	-69.71
14	34	-94.20
14	35	-92.39
14	36	-89.87
14	37	-75.65
14	38	-85.89
14	39	-91.62
14	40	-82.94
14	42	-87.38
14	43	-90.66
14	44	-90.86
14	45	-92.94
14	46	-85.50
14	47	-77.73
14	48	-94.15
14	51	-89.17
14	54	-92.50
14	55	-87.28
14	56	-92.39
14	57	-88.74
14	59	-87.38
14	61	-94.41
14	62	-83.91
14	63	-85.89
14	64	-94.14
14	66	-73.30
14	67	-91.45
14	68	-93.46
14	69	-83.13
14	70	-88.85
14	73	-84.63
14	74	-91.36
14	75	-72.05
14	76	-93.47
14	77	-89.83
14	79	-94.43
14	80	-45.20
14	81	-86.95
14	83	-93.26
14	84	-81.28
14	86	-93.93
14	87	-68.12
14	89	-90.75
14	90	-89.22
14	91	-71.41
14	92	-91.11
14	93	-89.45
14	94	-91.51
14	95	-90.15
14	96	-92.62
14	97	-92.06
14	99	-90.16
14	100	-88.53
15	1	-92.90
15	4	-77.44
15	7	-78.40
15	9	-92.06
15	11	-76.55
15	17	-94.74
15	20	-70.03
15	23	-93.67
15	28	-84.34
15	29	-65.83
15	30	-93.86
15	36	-90.52
15	38	-93.16
15	41	-61.77
15	49	-91.96
15	50	-91.57
15	51	-94.41
15	55	-92.06
15	56	-89.65
15	58	-84.26
15	59	-92.40
15	60	-61.70
15	61	-88.80
15	65	-85.30
15	72	-73.54
15	73	-94.30
15	74	-89.33
15	76	-85.80
15	82	-94.24
15	83	-85.82
15	85	-71.79
15	86	-87.19
15	88	-82.88
15	89	-93.87
15	92	-93.89
15	96	-87.90
15	98	-94.93
16	8	-91.55
16	10	-93.61
16	12	-88.63
16	17	-94.33
16	18	-86.82
16	19	-90.34
16	27	-82.07
16	32	-86.58
16	33	-94.97
16	35	-83.88
16	40	-90.83
16	42	-87.61
16	51	-94.83
16	52	-55.31
16	62	-91.19
16	63	-90.62
16	66	-92.48
16	68	-73.76
16	77	-86.08
16	79	-90.06
16	81	-87.47
16	84	-90.88
16	87	-93.64
16	99	-91.12
16	100	-89.51
17	3	-90.66
17	7	-89.32
17	9	-77.64
17	10	-91.83
17	11	-90.61
17	12	-94.73
17	14	-90.27
17	15	-94.74
17	16	-94.33
17	18	-81.50
17	19	-74.93
17	20	-92.20
17	23	-66.41
17	27	-86.66
17	28	-89.19
17	29	-92.73
17	30	-94.87
17	32	-81.96
17	33	-86.41
17	35	-85.20
17	36	-80.11
17	37	-94.16
17	38	-81.54
17	40	-81.06
17	41	-93.23
17	42	-94.00
17	47	-83.06
17	49	-78.29
17	51	-57.15
17	52	-93.90
17	55	-84.94
17	56	-92.01
17	59	-79.99
17	60	-93.81
17	61	-93.93
17	62	-79.07
17	63	-77.43
17	66	-87.30
17	68	-90.45
17	69	-79.24
17	72	-94.04
17	73	-79.04
17	74	-89.89
17	75	-93.30
17	76	-84.76
17	77	-82.64
17	79	-81.50
17	80	-90.22
17	81	-82.66
17	83	-89.22
17	84	-82.95
17	85	-94.37
17	86	-92.26
17	87	-90.46
17	88	-92.50
17	89	-93.94
17	91	-93.04
17	92	-55.13
17	96	-90.58
17	99	-71.38
17	100	-76.99
18	3	-92.10
18	8	-92.68
18	9	-87.93
18	10	-90.19
18	12	-90.46
18	14	-90.68
18	16	-86.82
18	17	-81.50
18	19	-69.97
18	23	-84.81
18	27	-70.65
18	32	-52.83
18	33	-87.99
18	35	-65.24
18	36	-90.26
18	37	-94.98
18	38	-89.65
18	40	-78.37
18	42	-89.31
18	47	-86.94
18	49	-88.20
18	51	-82.82
18	52	-86.08
18	55	-91.93
18	59	-89.39
18	62	-77.66
18	63	-74.36
18	66	-85.87
18	68	-79.46
18	69	-86.72
18	73	-87.58
18	75	-92.45
18	76	-93.12
18	77	-55.31
18	79	-75.89
18	80	-90.94
18	81	-70.32
18	84	-80.19
18	87	-89.21
18	91	-92.11
18	92	-83.38
18	99	-71.79
18	100	-66.67
19	3	-89.64
19	7	-93.70
19	8	-92.82
19	9	-85.54
19	10	-88.81
19	11	-94.74
19	12	-91.03
19	14	-88.35
19	16	-90.34
19	17	-74.93
19	18	-69.97
19	23	-78.91
19	27	-78.62
19	28	-93.11
19	32	-69.38
19	33	-84.52
19	35	-77.73
19	36	-86.41
19	37	-93.19
19	38	-85.46
19	40	-72.25
19	42	-90.01
19	47	-82.39
19	49	-85.90
19	51	-76.09
19	52	-89.89
19	55	-88.45
19	56	-94.61
19	59	-85.14
19	62	-69.40
19	63	-61.98
19	66	-83.23
19	68	-85.03
19	69	-81.50
19	73	-82.65
19	74	-92.94
19	75	-91.04
19	76	-90.26
19	77	-70.88
19	79	-79.24
19	80	-88.53
19	81	-70.43
19	83	-92.97
19	84	-75.70
19	87	-87.40
19	91	-90.69
19	92	-78.10
19	96	-93.70
19	99	-61.70
19	100	-49.00
20	1	-93.35
20	4	-82.00
20	7	-70.80
20	9	-88.63
20	11	-62.12
20	15	-70.03
20	17	-92.20
20	23	-91.12
20	28	-82.33
20	29	-53.97
20	30	-93.86
20	36	-87.81
20	38	-91.19
20	41	-60.53
20	49	-88.49
20	50	-92.20
20	51	-91.91
20	55	-90.31
20	56	-89.26
20	58	-86.66
20	59	-90.17
20	60	-61.70
20	61	-89.15
20	65	-86.90
20	69	-93.29
20	72	-77.36
20	73	-92.32
20	74	-88.32
20	76	-81.82
20	83	-84.18
20	85	-69.87
20	86	-87.02
20	88	-78.03
20	89	-93.66
20	92	-91.14
20	96	-87.06
21	2	-87.62
21	3	-93.07
21	6	-75.56
21	8	-91.10
21	10	-91.62
21	12	-93.59
21	14	-92.76
21	25	-70.43
21	31	-93.50
21	34	-94.61
21	37	-89.76
21	39	-90.01
21	42	-94.30
21	43	-76.96
21	44	-94.74
21	45	-82.19
21	46	-79.79
21	54	-93.66
21	57	-78.91
21	64	-63.58
21	67	-74.36
21	70	-94.66
21	75	-89.54
21	80	-92.90
21	87	-92.69
21	90	-92.97
21	91	-89.91
21	93	-94.34
21	94	-66.45
21	95	-93.69
21	97	-64.51
22	1	-89.76
22	2	-93.89
22	5	-72.95
22	13	-79.07
22	24	-73.69
22	26	-72.35
22	30	-90.69
22	31	-88.49
22	34	-86.36
22	39	-92.09
22	44	-88.57
22	48	-86.38
22	50	-90.80
22	53	-43.60
22	54	-88.28
22	56	-94.59
22	61	-93.71
22	65	-94.91
22	70	-90.39
22	71	-80.11
22	78	-61.48
22	82	-86.45
22	89	-91.77
22	90	-90.78
22	93	-89.96
22	95	-89.73
22	98	-85.62
23	1	-94.17
23	3	-88.81
23	4	-94.20
23	7	-87.62
23	9	-80.15
23	10	-91.12
23	11	-89.61
23	12	-94.92
23	14	-88.81
23	15	-93.67
23	17	-66.41
23	18	-84.81
23	19	-78.91
23	20	-91.12
23	27	-88.69
23	28	-86.51
23	29	-91.55
23	30	-92.75
23	32	-84.85
23	33	-84.42
23	35	-87.99
23	36	-73.84
23	37	-92.72
23	38	-75.53
23	40	-81.41
23	41	-92.05
23	42	-94.27
23	47	-79.99
23	49	-80.67
23	50	-94.05
23	51	-56.73
23	55	-80.34
23	56	-89.44
23	58	-94.46
23	59	-72.97
23	60	-92.84
23	61	-91.76
23	62	-79.62
23	63	-79.24
23	65	-93.41
23	66	-86.49
23	68	-92.22
23	69	-73.69
23	70	-94.93
23	72	-92.49
23	73	-72.35
23	74	-86.89
23	75	-92.39
23	76	-81.68
23	77	-85.38
23	79	-85.76
23	80	-88.64
23	81	-84.49
23	83	-86.37
23	84	-82.94
23	85	-93.68
23	86	-89.87
23	87	-89.59
23	88	-92.32
23	89	-91.67
23	91	-92.14
23	92	-66.56
23	96	-87.81
23	99	-77.94
23	100	-80.59
24	1	-90.19
24	2	-90.10
24	5	-82.45
24	13	-77.03
24	22	-73.69
24	26	-74.97
24	30	-90.20
24	31	-83.03
24	34	-79.31
24	39	-87.71
24	44	-84.45
24	45	-93.53
24	48	-86.19
24	50	-91.51
24	53	-72.33
24	54	-82.74
24	56	-94.56
24	61	-94.14
24	70	-87.23
24	71	-75.56
24	78	-77.03
24	82	-88.39
24	89	-91.05
24	90	-86.93
24	93	-86.41
24	95	-85.62
24	98	-87.02
25	2	-86.40
25	3	-94.52
25	6	-60.94
25	8	-94.07
25	10	-93.98
25	14	-94.54
25	21	-70.43
25	31	-92.65
25	34	-93.56
25	37	-91.29
25	39	-88.81
25	43	-76.35
25	44	-94.37
25	45	-78.40
25	46	-84.66
25	54	-92.81
25	57	-80.08
25	64	-73.51
25	67	-73.01
25	70	-94.59
25	75	-92.07
25	80	-94.59
25	87	-94.80
25	90	-92.69
25	91	-92.40
25	93	-94.15
25	94	-78.51
25	95	-93.32
25	97	-68.26
26	1	-85.06
26	2	-92.20
26	5	-75.01
26	13	-66.11
26	22	-72.35
26	24	-74.97
26	30	-86.05
26	31	-85.60
26	34	-83.84
26	39	-90.21
26	44	-84.39
26	48	-79.72
26	50	-86.68
26	53	-73.09
26	54	-85.33
26	56	-91.30
26	58	-92.95
26	61	-90.38
26	65	-92.23
26	70	-86.37
26	71	-70.65
26	74	-93.04
26	78	-68.79
26	82	-81.41
26	83	-94.93
26	86	-92.38
26	89	-87.51
26	90	-87.48
26	93	-86.03
26	95	-86.15
26	96	-93.16
26	98	-79.46
27	3	-92.36
27	8	-90.26
27	9	-91.68
27	10	-89.02
27	12	-87.30
27	14	-90.58
27	16	-82.07
27	17	-86.66
27	18	-70.65
27	19	-78.62
27	23	-88.69
27	32	-68.43
27	33	-88.69
27	35	-67.76
27	36	-92.90
27	37	-94.87
27	38	-91.92
27	40	-80.36
27	42	-85.83
27	47	-88.54
27	49	-91.89
27	51	-87.34
27	52	-81.50
27	55	-93.89
27	59	-91.91
27	62	-80.76
27	63	-79.24
27	66	-85.48
27	68	-71.21
27	69	-89.16
27	73	-90.10
27	75	-91.59
27	77	-66.52
27	79	-82.44
27	80	-90.97
27	81	-71.52
27	84	-81.06
27	87	-88.38
27	91	-91.23
27	92	-88.08
27	99	-80.85
27	100	-76.68
28	1	-86.21
28	3	-92.74
28	4	-81.99
28	7	-75.19
28	9	-88.81
28	11	-82.32
28	13	-94.42
28	14	-93.95
28	15	-84.34
28	17	-89.19
28	19	-93.11
28	20	-82.33
28	23	-86.51
28	29	-81.68
28	30	-86.06
28	33	-91.85
28	36	-79.04
28	38	-82.97
28	40	-93.29
28	41	-81.96
28	44	-94.36
28	47	-89.70
28	48	-89.99
28	49	-88.87
28	50	-84.89
28	51	-88.09
28	55	-79.83
28	56	-76.60
28	58	-82.33
28	59	-81.96
28	60	-84.41
28	61	-78.91
28	62	-92.72
28	63	-92.95
28	65	-80.11
28	66	-94.37
28	69	-87.14
28	70	-93.03
28	71	-94.91
28	72	-78.54
28	73	-85.60
28	74	-72.97
28	76	-72.20
28	80	-93.58
28	82	-90.07
28	83	-53.97
28	84	-93.69
28	85	-87.30
28	86	-72.73
28	88	-89.24
28	89	-85.38
28	90	-94.99
28	92	-88.32
28	93	-93.80
28	95	-94.91
28	96	-69.69
28	98	-90.26
28	99	-92.74
28	100	-93.76
29	1	-92.67
29	4	-79.84
29	7	-71.38
29	9	-89.59
29	11	-68.09
29	15	-65.83
29	17	-92.73
29	20	-53.97
29	23	-91.55
29	28	-81.68
29	30	-93.33
29	36	-88.06
29	38	-91.28
29	41	-47.08
29	49	-89.48
29	50	-91.43
29	51	-92.37
29	55	-90.24
29	56	-88.61
29	58	-85.22
29	59	-90.33
29	60	-59.54
29	61	-88.28
29	65	-85.60
29	69	-93.46
29	72	-74.44
29	73	-92.49
29	74	-87.81
29	76	-82.18
29	82	-94.44
29	83	-83.57
29	85	-71.43
29	86	-86.14
29	88	-80.32
29	89	-93.18
29	92	-91.73
29	96	-86.40
29	98	-94.98
30	1	-67.54
30	2	-92.55
30	3	-89.71
30	4	-89.73
30	5	-89.59
30	7	-91.51
30	11	-94.16
30	13	-83.06
30	14	-91.98
30	15	-93.86
30	17	-94.87
30	20	-93.86
30	22	-90.69
30	23	-92.75
30	24	-90.20
30	26	-86.05
30	28	-86.06
30	29	-93.33
30	31	-88.13
30	33	-91.43
30	34	-89.07
30	36	-89.17
30	37	-90.61
30	38	-87.81
30	39	-91.36
30	41	-93.24
30	44	-83.64
30	47	-90.73
30	48	-71.41
30	50	-72.73
30	51	-93.83
30	53	-90.92
30	54	-88.00
30	55	-84.94
30	56	-75.65
30	58	-86.19
30	59	-88.61
30	60	-94.46
30	61	-76.67
30	65	-83.83
30	66	-94.34
30	69	-90.30
30	70	-81.78
30	71	-83.88
30	72	-89.96
30	73	-89.67
30	74	-79.68
30	75	-94.50
30	76	-89.80
30	78	-89.35
30	80	-91.42
30	82	-79.42
30	83	-84.58
30	86	-79.99
30	87	-94.42
30	89	-57.01
30	90	-85.84
30	91	-94.53
30	92	-94.72
30	93	-83.13
30	95	-85.22
30	96	-80.58
30	98	-77.06
31	1	-90.01
31	2	-77.94
31	3	-90.51
31	5	-91.16
31	6	-93.47
31	10	-94.70
31	13	-82.52
31	14	-92.41
31	21	-93.50
31	22	-88.49
31	24	-83.03
31	25	-92.65
31	26	-85.60
31	30	-88.13
31	33	-93.92
31	34	-63.58
31	37	-87.63
31	39	-71.91
31	43	-88.08
31	44	-69.69
31	45	-86.15
31	46	-92.09
31	47	-94.72
31	48	-86.29
31	50	-91.61
31	53	-88.21
31	54	-28.70
31	55	-94.21
31	56	-92.89
31	57	-87.54
31	61	-93.44
31	67	-89.18
31	70	-76.09
31	71	-79.80
31	74	-93.72
31	75	-92.93
31	78	-88.91
31	80	-92.00
31	82	-90.87
31	86	-94.50
31	87	-94.53
31	89	-88.20
31	90	-69.90
31	91	-93.16
31	93	-73.13
31	94	-94.39
31	95	-67.51
31	96	-94.41
31	97	-91.50
31	98	-89.19
32	3	-91.34
32	8	-91.79
32	9	-88.64
32	10	-89.12
32	12	-89.45
32	14	-89.76
32	16	-86.58
32	17	-81.96
32	18	-52.83
32	19	-69.38
32	23	-84.85
32	27	-68.43
32	33	-87.02
32	35	-67.76
32	36	-90.22
32	37	-94.31
32	38	-89.34
32	40	-76.38
32	42	-88.22
32	47	-86.11
32	49	-88.91
32	51	-82.98
32	52	-85.98
32	55	-91.68
32	59	-89.19
32	62	-75.89
32	63	-72.51
32	66	-84.50
32	68	-79.17
32	69	-86.19
32	73	-87.19
32	75	-91.55
32	76	-93.23
32	77	-38.63
32	79	-78.48
32	80	-90.06
32	81	-65.50
32	84	-78.27
32	87	-88.09
32	91	-91.19
32	92	-83.88
32	99	-73.06
32	100	-65.46
33	1	-93.75
33	2	-93.20
33	3	-72.40
33	7	-94.47
33	8	-89.36
33	9	-92.32
33	10	-78.51
33	12	-88.98
33	14	-69.71
33	16	-94.97
33	17	-86.41
33	18	-87.99
33	19	-84.52
33	23	-84.42
33	27	-88.69
33	28	-91.85
33	30	-91.43
33	31	-93.92
33	32	-87.02
33	35	-90.29
33	36	-86.28
33	37	-81.99
33	38	-81.20
33	39	-93.69
33	40	-77.76
33	42	-88.44
33	43	-93.56
33	44	-92.09
33	46	-89.59
33	47	-65.95
33	48	-94.07
33	49	-92.55
33	50	-94.27
33	51	-84.92
33	54	-93.97
33	55	-83.78
33	56	-90.89
33	57	-92.00
33	59	-83.03
33	61	-93.20
33	62	-78.62
33	63	-81.37
33	66	-70.14
33	67	-94.23
33	68	-92.20
33	69	-76.28
33	70	-90.07
33	73	-78.82
33	74	-89.38
33	75	-80.37
33	76	-90.85
33	77	-87.19
33	79	-92.04
33	80	-69.38
33	81	-83.86
33	83	-91.15
33	84	-76.09
33	86	-92.38
33	87	-74.45
33	89	-90.08
33	90	-90.97
33	91	-79.84
33	92	-87.47
33	93	-90.79
33	94	-94.31
33	95	-91.67
33	96	-90.77
33	97	-94.79
33	99	-86.65
33	100	-84.95
34	1	-90.46
34	2	-81.07
34	3	-92.52
34	5	-89.83
34	6	-94.19
34	13	-81.17
34	14	-94.20
34	21	-94.61
34	22	-86.36
34	24	-79.31
34	25	-93.56
34	26	-83.84
34	30	-89.07
34	31	-63.58
34	37	-90.08
34	39	-76.17
34	43	-89.70
34	44	-74.83
34	45	-87.45
34	46	-93.73
34	48	-86.57
34	50	-91.99
34	53	-85.96
34	54	-62.82
34	56	-93.72
34	57	-89.46
34	61	-94.02
34	67	-90.62
34	70	-80.11
34	71	-78.05
34	74	-94.66
34	75	-94.66
34	78	-87.14
34	80	-93.83
34	82	-90.69
34	89	-89.37
34	90	-76.78
34	91	-94.87
34	93	-78.03
34	95	-74.83
34	97	-92.75
34	98	-89.06
35	3	-93.80
35	8	-92.96
35	9	-89.83
35	10	-91.50
35	12	-90.56
35	14	-92.39
35	16	-83.88
35	17	-85.20
35	18	-65.24
35	19	-77.73
35	23	-87.99
35	27	-67.76
35	32	-67.76
35	33	-90.29
35	36	-92.52
35	38	-92.04
35	40	-82.59
35	42	-89.40
35	47	-89.62
35	49	-90.04
35	51	-86.37
35	52	-82.74
35	55	-94.00
35	59	-91.83
35	62	-82.33
35	63	-80.21
35	66	-88.07
35	68	-74.29
35	69	-89.59
35	73	-90.32
35	75	-93.66
35	76	-94.91
35	77	-66.84
35	79	-76.61
35	80	-92.67
35	81	-75.89
35	84	-83.72
35	87	-90.80
35	91	-93.35
35	92	-86.58
35	99	-78.35
35	100	-75.88
36	1	-90.63
36	3	-89.00
36	4	-90.45
36	7	-82.71
36	9	-83.34
36	10	-92.81
36	11	-86.41
36	14	-89.87
36	15	-90.52
36	17	-80.11
36	18	-90.26
36	19	-86.41
36	20	-87.81
36	23	-73.84
36	27	-92.90
36	28	-79.04
36	29	-88.06
36	30	-89.17
36	32	-90.22
36	33	-86.28
36	35	-92.52
36	37	-92.60
36	38	-69.87
36	40	-86.89
36	41	-88.58
36	44	-94.72
36	47	-82.43
36	48	-92.81
36	49	-83.62
36	50	-90.31
36	51	-77.55
36	55	-71.70
36	56	-83.94
36	58	-90.60
36	59	-63.58
36	60	-89.82
36	61	-87.06
36	62	-85.91
36	63	-86.16
36	65	-89.19
36	66	-89.30
36	69	-76.85
36	70	-93.10
36	72	-88.35
36	73	-73.54
36	74	-79.98
36	75	-93.48
36	76	-72.46
36	77	-90.58
36	79	-90.71
36	80	-89.52
36	81	-89.67
36	82	-94.07
36	83	-78.66
36	84	-87.64
36	85	-91.27
36	86	-84.26
36	87	-91.43
36	88	-90.84
36	89	-87.93
36	90	-94.79
36	91	-93.30
36	92	-78.99
36	93	-93.89
36	95	-94.96
36	96	-81.17
36	98	-93.81
36	99	-85.97
36	100	-87.42
37	1	-93.20
37	2	-84.66
37	3	-72.25
37	6	-92.85
37	8	-89.73
37	10	-81.18
37	12	-91.03
37	13	-93.17
37	14	-75.65
37	17	-94.16
37	18	-94.98
37	19	-93.19
37	21	-89.76
37	23	-92.72
37	25	-91.29
37	27	-94.87
37	30	-90.61
37	31	-87.63
37	32	-94.31
37	33	-81.99
37	34	-90.08
37	36	-92.60
37	38	-89.34
37	39	-85.98
37	40	-89.64
37	42	-91.16
37	43	-85.54
37	44	-86.25
37	45	-88.20
37	46	-81.87
37	47	-85.30
37	48	-92.20
37	50	-94.19
37	51	-93.21
37	54	-87.78
37	55	-89.59
37	56	-92.50
37	57	-82.74
37	59	-90.66
37	61	-94.24
37	62	-90.19
37	63	-91.50
37	64	-91.72
37	66	-84.41
37	67	-86.84
37	69	-88.32
37	70	-84.01
37	71	-92.38
37	73	-89.07
37	74	-92.07
37	75	-76.46
37	77	-94.36
37	80	-74.88
37	81	-92.32
37	83	-94.31
37	84	-88.66
37	86	-94.23
37	87	-80.86
37	89	-89.50
37	90	-83.36
37	91	-77.06
37	92	-94.69
37	93	-84.44
37	94	-89.01
37	95	-84.89
37	96	-93.24
37	97	-88.28
37	98	-94.53
37	99	-94.44
37	100	-93.36
38	1	-90.02
38	3	-84.63
38	4	-92.37
38	7	-87.25
38	9	-86.99
38	10	-89.85
38	11	-90.23
38	14	-85.89
38	15	-93.16
38	17	-81.54
38	18	-89.65
38	19	-85.46
38	20	-91.19
38	23	-75.53
38	27	-91.92
38	28	-82.97
38	29	-91.28
38	30	-87.81
38	32	-89.34
38	33	-81.20
38	35	-92.04
38	36	-69.87
38	37	-89.34
38	40	-84.20
38	41	-91.64
38	42	-94.72
38	44	-92.74
38	47	-75.76
38	48	-91.73
38	49	-87.27
38	50	-90.08
38	51	-78.68
38	55	-64.56
38	56	-83.93
38	58	-91.89
38	59	-55.98
38	60	-92.74
38	61	-87.48
38	62	-83.35
38	63	-84.29
38	65	-90.39
38	66	-85.80
38	68	-94.94
38	69	-67.79
38	70	-90.78
38	72	-90.84
38	73	-61.48
38	74	-80.32
38	75	-90.50
38	76	-80.73
38	77	-89.68
38	79	-91.30
38	80	-85.38
38	81	-88.09
38	82	-93.71
38	83	-81.94
38	84	-84.71
38	85	-94.04
38	86	-85.38
38	87	-88.15
38	88	-93.82
38	89	-86.19
38	90	-92.57
38	91	-90.30
38	92	-81.57
38	93	-91.68
38	95	-92.87
38	96	-82.39
38	98	-93.21
38	99	-85.88
38	100	-86.45
39	1	-93.16
39	2	-63.30
39	3	-90.03
39	5	-94.41
39	6	-89.88
39	10	-93.47
39	13	-88.11
39	14	-91.62
39	21	-90.01
39	22	-92.09
39	24	-87.71
39	25	-88.81
39	26	-90.21
39	30	-91.36
39	31	-71.91
39	33	-93.69
39	34	-76.17
39	37	-85.98
39	43	-82.66
39	44	-79.07
39	45	-79.56
39	46	-89.05
39	47	-94.86
39	48	-90.47
39	50	-94.44
39	53	-91.82
39	54	-72.59
39	57	-82.29
39	64	-92.03
39	67	-84.18
39	70	-81.28
39	71	-86.32
39	75	-91.33
39	78	-92.57
39	80	-91.29
39	82	-94.14
39	87	-93.53
39	89	-91.16
39	90	-75.29
39	91	-91.64
39	93	-79.53
39	94	-91.29
39	95	-76.24
39	97	-87.38
39	98	-92.81
40	3	-85.17
40	7	-94.68
40	8	-89.68
40	9	-89.36
40	10	-83.45
40	12	-87.90
40	14	-82.94
40	16	-90.83
40	17	-81.06
40	18	-78.37
40	19	-72.25
40	23	-81.41
40	27	-80.36
40	28	-93.29
40	32	-76.38
40	33	-77.76
40	35	-82.59
40	36	-86.89
40	37	-89.64
40	38	-84.20
40	42	-86.79
40	46	-93.32
40	47	-76.60
40	49	-89.65
40	51	-80.32
40	52	-90.73
40	55	-87.33
40	56	-93.88
40	59	-84.66
40	62	-51.76
40	63	-62.76
40	66	-74.27
40	68	-86.38
40	69	-78.76
40	73	-80.95
40	74	-92.29
40	75	-86.54
40	76	-91.18
40	77	-76.78
40	79	-85.95
40	80	-83.31
40	81	-69.33
40	83	-92.94
40	84	-53.97
40	86	-94.73
40	87	-81.28
40	89	-94.21
40	91	-86.05
40	92	-83.14
40	96	-93.26
40	99	-77.66
40	100	-72.40
41	1	-92.49
41	4	-78.62
41	7	-73.13
41	9	-90.29
41	11	-71.05
41	15	-61.77
41	17	-93.23
41	20	-60.53
41	23	-92.05
41	28	-81.96
41	29	-47.08
41	30	-93.24
41	36	-88.58
41	38	-91.64
41	49	-90.19
41	50	-91.20
41	51	-92.87
41	55	-90.54
41	56	-88.57
41	58	-84.55
41	59	-90.75
41	60	-58.61
41	61	-88.07
41	65	-85.09
41	69	-93.81
41	72	-73.01
41	73	-92.85
41	74	-87.91
41	76	-82.98
41	82	-94.18
41	83	-83.78
41	85	-71.81
41	86	-86.02
41	88	-81.31
41	89	-93.14
41	92	-92.28
41	96	-86.45
41	98	-94.76
42	3	-90.09
42	8	-71.91
42	10	-81.55
42	12	-53.97
42	14	-87.38
42	16	-87.61
42	17	-94.00
42	18	-89.31
42	19	-90.01
42	21	-94.30
42	23	-94.27
42	27	-85.83
42	32	-88.22
42	33	-88.44
42	35	-89.40
42	37	-91.16
42	38	-94.72
42	40	-86.79
42	46	-89.30
42	47	-90.38
42	51	-93.83
42	52	-88.61
42	57	-94.15
42	62	-87.94
42	63	-88.59
42	64	-94.71
42	66	-83.91
42	68	-86.95
42	69	-92.45
42	73	-93.43
42	75	-84.84
42	77	-87.91
42	79	-94.00
42	80	-88.11
42	81	-85.92
42	84	-85.64
42	87	-83.06
42	91	-84.45
42	92	-94.91
42	94	-92.20
42	97	-94.81
42	99	-91.79
42	100	-89.46
43	2	-78.40
43	3	-90.27
43	6	-80.08
43	8	-92.66
43	10	-90.77
43	12	-94.69
43	14	-90.66
43	21	-76.96
43	25	-76.35
43	31	-88.08
43	33	-93.56
43	34	-89.70
43	37	-85.54
43	39	-82.66
43	44	-89.95
43	45	-70.14
43	46	-79.62
43	54	-88.30
43	57	-60.94
43	64	-81.61
43	66	-93.91
43	67	-53.97
43	70	-90.04
43	71	-94.43
43	75	-88.08
43	80	-90.63
43	87	-91.53
43	90	-87.48
43	91	-88.53
43	93	-89.50
43	94	-80.21
43	95	-88.47
43	97	-69.40
44	1	-86.45
44	2	-82.28
44	3	-88.48
44	5	-90.34
44	10	-93.77
44	13	-80.02
44	14	-90.86
44	21	-94.74
44	22	-88.57
44	24	-84.45
44	25	-94.37
44	26	-84.39
44	28	-94.36
44	30	-83.64
44	31	-69.69
44	33	-92.09
44	34	-74.83
44	36	-94.72
44	37	-86.25
44	38	-92.74
44	39	-79.07
44	43	-89.95
44	45	-89.07
44	46	-92.45
44	47	-92.72
44	48	-81.97
44	50	-88.45
44	53	-88.44
44	54	-69.38
44	55	-91.52
44	56	-89.73
44	57	-89.04
44	58	-94.77
44	59	-93.67
44	61	-90.51
44	65	-93.60
44	66	-94.38
44	67	-91.02
44	69	-93.57
44	70	-63.58
44	71	-77.48
44	73	-93.54
44	74	-90.76
44	75	-92.11
44	78	-88.41
44	80	-90.34
44	82	-88.21
44	83	-93.49
44	86	-91.73
44	87	-93.38
44	89	-83.61
44	90	-64.36
44	91	-92.31
44	93	-57.01
44	95	-56.73
44	96	-91.59
44	97	-93.00
44	98	-86.14
45	2	-75.14
45	3	-92.27
45	6	-80.33
45	10	-93.47
45	13	-94.37
45	14	-92.94
45	21	-82.19
45	24	-93.53
45	25	-78.40
45	31	-86.15
45	34	-87.45
45	37	-88.20
45	39	-79.56
45	43	-70.14
45	44	-89.07
45	46	-85.54
45	54	-86.40
45	57	-74.83
45	64	-85.17
45	67	-71.05
45	70	-89.75
45	71	-93.23
45	75	-91.23
45	80	-92.84
45	87	-93.98
45	90	-86.81
45	91	-91.59
45	93	-88.98
45	94	-85.37
45	95	-87.59
45	97	-77.43
46	2	-86.69
46	3	-86.45
46	6	-87.14
46	8	-85.32
46	10	-83.45
46	12	-88.52
46	14	-85.50
46	21	-79.79
46	25	-84.66
46	31	-92.09
46	33	-89.59
46	34	-93.73
46	37	-81.87
46	39	-89.05
46	40	-93.32
46	42	-89.30
46	43	-79.62
46	44	-92.45
46	45	-85.54
46	47	-92.07
46	54	-92.25
46	57	-76.76
46	62	-93.97
46	63	-94.92
46	64	-82.80
46	66	-88.93
46	67	-80.11
46	69	-94.29
46	70	-91.71
46	73	-94.97
46	75	-79.42
46	80	-85.82
46	81	-94.73
46	84	-92.38
46	87	-85.22
46	90	-90.29
46	91	-80.15
46	93	-91.61
46	94	-76.24
46	95	-91.29
46	97	-79.29
47	1	-93.00
47	2	-94.58
47	3	-77.94
47	7	-92.47
47	8	-91.59
47	9	-89.99
47	10	-83.31
47	11	-94.48
47	12	-90.98
47	14	-77.73
47	17	-83.06
47	18	-86.94
47	19	-82.39
47	23	-79.99
47	27	-88.54
47	28	-89.70
47	30	-90.73
47	31	-94.72
47	32	-86.11
47	33	-65.95
47	35	-89.62
47	36	-82.43
47	37	-85.30
47	38	-75.76
47	39	-94.86
47	40	-76.60
47	42	-90.38
47	44	-92.72
47	46	-92.07
47	48	-93.72
47	49	-90.26
47	50	-93.38
47	51	-80.93
47	54	-94.76
47	55	-80.06
47	56	-89.31
47	57	-93.92
47	59	-78.09
47	61	-91.90
47	62	-76.46
47	63	-79.24
47	65	-94.43
47	66	-76.02
47	68	-92.24
47	69	-66.74
47	70	-90.72
47	73	-71.43
47	74	-87.34
47	75	-84.84
47	76	-88.20
47	77	-86.40
47	79	-90.63
47	80	-77.29
47	81	-83.34
47	83	-88.98
47	84	-76.17
47	86	-90.76
47	87	-80.50
47	89	-89.30
47	90	-91.93
47	91	-84.45
47	92	-84.21
47	93	-91.51
47	95	-92.49
47	96	-88.85
47	99	-84.38
47	100	-83.18
48	1	-70.43
48	2	-92.06
48	3	-92.16
48	4	-91.49
48	5	-85.05
48	7	-94.19
48	13	-75.43
48	14	-94.15
48	22	-86.38
48	24	-86.19
48	26	-79.72
48	28	-89.99
48	30	-71.41
48	31	-86.29
48	33	-94.07
48	34	-86.57
48	36	-92.81
48	37	-92.20
48	38	-91.73
48	39	-90.47
48	44	-81.97
48	47	-93.72
48	50	-75.62
48	53	-86.71
48	54	-86.08
48	55	-89.63
48	56	-82.97
48	58	-87.89
48	59	-92.37
48	61	-82.00
48	65	-86.28
48	69	-93.57
48	70	-81.78
48	71	-77.62
48	72	-92.16
48	73	-93.13
48	74	-85.85
48	76	-93.14
48	78	-84.53
48	80	-93.67
48	82	-73.76
48	83	-88.96
48	86	-85.15
48	89	-75.43
48	90	-85.29
48	93	-82.51
48	95	-84.16
48	96	-86.15
48	98	-67.51
49	4	-94.35
49	7	-86.19
49	9	-33.67
49	11	-86.05
49	15	-91.96
49	17	-78.29
49	18	-88.20
49	19	-85.90
49	20	-88.49
49	23	-80.67
49	27	-91.89
49	28	-88.87
49	29	-89.48
49	32	-88.91
49	33	-92.55
49	35	-90.04
49	36	-83.62
49	38	-87.27
49	40	-89.65
49	41	-90.19
49	47	-90.26
49	51	-79.98
49	55	-88.75
49	56	-93.17
49	59	-85.66
49	60	-90.45
49	61	-94.53
49	62	-88.59
49	63	-87.62
49	65	-94.96
49	66	-93.40
49	68	-94.16
49	69	-87.51
49	72	-92.37
49	73	-86.78
49	74	-91.33
49	76	-83.50
49	77	-89.31
49	79	-84.43
49	81	-90.08
49	83	-89.45
49	84	-90.73
49	85	-90.51
49	86	-92.74
49	88	-86.82
49	92	-75.53
49	96	-91.45
49	99	-83.35
49	100	-86.71
50	1	-59.34
50	3	-93.28
50	4	-85.74
50	5	-88.42
50	7	-90.20
50	11	-92.88
50	13	-85.12
50	15	-91.57
50	20	-92.20
50	22	-90.80
50	23	-94.05
50	24	-91.51
50	26	-86.68
50	28	-84.89
50	29	-91.43
50	30	-72.73
50	31	-91.61
50	33	-94.27
50	34	-91.99
50	36	-90.31
50	37	-94.19
50	38	-90.08
50	39	-94.44
50	41	-91.20
50	44	-88.45
50	47	-93.38
50	48	-75.62
50	53	-91.15
50	54	-91.48
50	55	-87.45
50	56	-75.61
50	58	-80.11
50	59	-90.43
50	60	-92.56
50	61	-69.52
50	65	-77.03
50	69	-92.58
50	70	-87.59
50	71	-86.51
50	72	-86.79
50	73	-91.85
50	74	-80.76
50	76	-89.63
50	78	-89.09
50	80	-94.57
50	82	-73.23
50	83	-83.72
50	85	-94.48
50	86	-76.89
50	89	-75.94
50	90	-90.34
50	93	-88.38
50	95	-89.75
50	96	-79.97
50	98	-73.69
51	3	-89.43
51	7	-88.76
51	9	-79.41
51	10	-91.11
51	11	-90.38
51	12	-94.54
51	14	-89.17
51	15	-94.41
51	16	-94.83
51	17	-57.15
51	18	-82.82
51	19	-76.09
51	20	-91.91
51	23	-56.73
51	27	-87.34
51	28	-88.09
51	29	-92.37
51	30	-93.83
51	32	-82.98
51	33	-84.92
51	35	-86.37
51	36	-77.55
51	37	-93.21
51	38	-78.68
51	40	-80.32
51	41	-92.87
51	42	-93.83
51	47	-80.93
51	49	-79.98
51	52	-94.46
51	55	-82.79
51	56	-90.84
51	59	-76.88
51	60	-93.54
51	61	-92.95
51	62	-78.27
51	63	-77.26
51	65	-94.45
51	66	-86.35
51	68	-91.12
51	69	-75.97
51	72	-93.45
51	73	-75.56
51	74	-88.54
51	75	-92.54
51	76	-83.60
51	77	-83.60
51	79	-83.76
51	80	-89.07
51	81	-82.97
51	83	-88.02
51	84	-82.15
51	85	-94.24
51	86	-91.21
51	87	-89.62
51	88	-92.66
51	89	-92.82
51	91	-92.27
51	92	-61.48
51	96	-89.36
51	99	-74.36
51	100	-78.10
52	8	-92.38
52	10	-94.00
52	12	-89.61
52	16	-55.31
52	17	-93.90
52	18	-86.08
52	19	-89.89
52	27	-81.50
52	32	-85.98
52	35	-82.74
52	40	-90.73
52	42	-88.61
52	51	-94.46
52	62	-91.02
52	63	-90.35
52	66	-92.67
52	68	-72.07
52	77	-85.48
52	79	-89.09
52	81	-87.22
52	84	-90.87
52	87	-93.97
52	92	-94.70
52	99	-90.57
52	100	-89.05
53	1	-90.10
53	2	-93.65
53	5	-74.69
53	13	-79.29
53	22	-43.60
53	24	-72.33
53	26	-73.09
53	30	-90.92
53	31	-88.21
53	34	-85.96
53	39	-91.82
53	44	-88.44
53	48	-86.71
53	50	-91.15
53	54	-87.99
53	56	-94.81
53	61	-93.99
53	70	-90.34
53	71	-80.08
53	78	-64.93
53	82	-86.99
53	89	-91.96
53	90	-90.63
53	93	-89.87
53	95	-89.58
53	98	-86.13
54	1	-89.87
54	2	-78.40
54	3	-90.60
54	5	-90.97
54	6	-93.61
54	10	-94.79
54	13	-82.19
54	14	-92.50
54	21	-93.66
54	22	-88.28
54	24	-82.74
54	25	-92.81
54	26	-85.33
54	30	-88.00
54	31	-28.70
54	33	-93.97
54	34	-62.82
54	37	-87.78
54	39	-72.59
54	43	-88.30
54	44	-69.38
54	45	-86.40
54	46	-92.25
54	47	-94.76
54	48	-86.08
54	50	-91.48
54	53	-87.99
54	55	-94.19
54	56	-92.81
54	57	-87.77
54	61	-93.35
54	67	-89.39
54	70	-76.02
54	71	-79.39
54	74	-93.67
54	75	-93.04
54	78	-88.69
54	80	-92.09
54	82	-90.70
54	86	-94.42
54	87	-94.61
54	89	-88.09
54	90	-70.14
54	91	-93.27
54	93	-73.06
54	94	-94.53
54	95	-67.54
54	96	-94.35
54	97	-91.68
54	98	-89.01
55	1	-87.43
55	3	-85.52
55	4	-90.62
55	7	-86.08
55	9	-88.54
55	10	-91.24
55	11	-89.59
55	13	-93.70
55	14	-87.28
55	15	-92.06
55	17	-84.94
55	18	-91.93
55	19	-88.45
55	20	-90.31
55	23	-80.34
55	27	-93.89
55	28	-79.83
55	29	-90.24
55	30	-84.94
55	31	-94.21
55	32	-91.68
55	33	-83.78
55	35	-94.00
55	36	-71.70
55	37	-89.59
55	38	-64.56
55	40	-87.33
55	41	-90.54
55	44	-91.52
55	47	-80.06
55	48	-89.63
55	49	-88.75
55	50	-87.45
55	51	-82.79
55	54	-94.19
55	56	-79.65
55	58	-89.79
55	59	-67.28
55	60	-91.83
55	61	-84.27
55	62	-86.71
55	63	-87.51
55	65	-87.98
55	66	-88.08
55	69	-75.89
55	70	-89.45
55	71	-93.83
55	72	-89.10
55	73	-72.97
55	74	-74.66
55	75	-91.52
55	76	-79.58
55	77	-91.97
55	79	-93.21
55	80	-86.71
55	81	-90.60
55	82	-91.74
55	83	-78.10
55	84	-87.64
55	85	-93.38
55	86	-81.75
55	87	-89.76
55	88	-93.66
55	89	-83.02
55	90	-91.61
55	91	-91.38
55	92	-84.70
55	93	-90.47
55	95	-91.81
55	96	-77.82
55	98	-91.21
55	99	-88.71
55	100	-89.26
56	1	-76.85
56	3	-90.54
56	4	-85.05
56	5	-93.18
56	7	-85.76
56	9	-93.08
56	11	-89.57
56	13	-89.59
56	14	-92.39
56	15	-89.65
56	17	-92.01
56	19	-94.61
56	20	-89.26
56	22	-94.59
56	23	-89.44
56	24	-94.56
56	26	-91.30
56	28	-76.60
56	29	-88.61
56	30	-75.65
56	31	-92.89
56	33	-90.89
56	34	-93.72
56	36	-83.94
56	37	-92.50
56	38	-83.93
56	40	-93.88
56	41	-88.57
56	44	-89.73
56	47	-89.31
56	48	-82.97
56	49	-93.17
56	50	-75.61
56	51	-90.84
56	53	-94.81
56	54	-92.81
56	55	-79.65
56	58	-81.73
56	59	-84.26
56	60	-90.24
56	61	-66.11
56	62	-93.52
56	63	-94.04
56	65	-78.03
56	66	-93.87
56	69	-87.78
56	70	-88.08
56	71	-90.24
56	72	-84.43
56	73	-86.63
56	74	-63.58
56	76	-83.48
56	78	-93.42
56	80	-91.89
56	82	-84.34
56	83	-73.65
56	84	-94.00
56	85	-92.38
56	86	-63.58
56	87	-94.56
56	88	-94.16
56	89	-74.60
56	90	-90.84
56	92	-91.61
56	93	-89.10
56	95	-90.61
56	96	-63.06
56	98	-84.04
56	99	-94.67
57	2	-77.92
57	3	-88.30
57	6	-83.20
57	8	-91.58
57	10	-89.00
57	12	-93.66
57	13	-94.98
57	14	-88.74
57	21	-78.91
57	25	-80.08
57	31	-87.54
57	33	-92.00
57	34	-89.46
57	37	-82.74
57	39	-82.29
57	42	-94.15
57	43	-60.94
57	44	-89.04
57	45	-74.83
57	46	-76.76
57	47	-93.92
57	54	-87.77
57	64	-83.14
57	66	-92.43
57	67	-66.95
57	70	-88.85
57	71	-93.98
57	75	-85.88
57	80	-88.70
57	87	-89.80
57	89	-94.92
57	90	-86.28
57	91	-86.40
57	93	-88.38
57	94	-80.53
57	95	-87.45
57	97	-73.53
58	1	-83.13
58	4	-70.65
58	5	-92.87
58	7	-85.69
58	11	-88.35
58	13	-92.44
58	15	-84.26
58	20	-86.66
58	23	-94.46
58	26	-92.95
58	28	-82.33
58	29	-85.22
58	30	-86.19
58	36	-90.60
58	38	-91.89
58	41	-84.55
58	44	-94.77
58	48	-87.89
58	50	-80.11
58	55	-89.79
58	56	-81.73
58	59	-91.67
58	60	-86.39
58	61	-76.85
58	65	-60.53
58	69	-94.34
58	70	-94.08
58	71	-93.41
58	72	-76.09
58	73	-93.49
58	74	-83.91
58	76	-87.81
58	78	-93.99
58	82	-84.49
58	83	-82.45
58	85	-89.18
58	86	-77.92
58	88	-92.91
58	89	-86.94
58	93	-94.65
58	96	-81.68
58	98	-86.03
59	1	-90.51
59	3	-86.38
59	4	-91.91
59	7	-85.93
59	9	-85.37
59	10	-90.86
59	11	-89.05
59	14	-87.38
59	15	-92.40
59	17	-79.99
59	18	-89.39
59	19	-85.14
59	20	-90.17
59	23	-72.97
59	27	-91.91
59	28	-81.96
59	29	-90.33
59	30	-88.61
59	32	-89.19
59	33	-83.03
59	35	-91.83
59	36	-63.58
59	37	-90.66
59	38	-55.98
59	40	-84.66
59	41	-90.75
59	44	-93.67
59	47	-78.09
59	48	-92.37
59	49	-85.66
59	50	-90.43
59	51	-76.88
59	55	-67.28
59	56	-84.26
59	58	-91.67
59	60	-91.87
59	61	-87.62
59	62	-83.67
59	63	-84.32
59	65	-90.22
59	66	-86.88
59	68	-94.91
59	69	-70.32
59	70	-91.85
59	72	-90.19
59	73	-64.51
59	74	-80.53
59	75	-91.58
59	76	-78.46
59	77	-89.55
59	79	-90.66
59	80	-86.95
59	81	-88.21
59	82	-94.06
59	83	-81.14
59	84	-85.35
59	85	-93.18
59	86	-85.29
59	87	-89.26
59	88	-92.81
59	89	-87.14
59	90	-93.57
59	91	-91.38
59	92	-79.70
59	93	-92.70
59	95	-93.82
59	96	-82.29
59	98	-93.66
59	99	-85.22
59	100	-86.19
60	1	-93.75
60	4	-81.01
60	7	-76.38
60	9	-90.58
60	11	-71.38
60	15	-61.70
60	17	-93.81
60	20	-61.70
60	23	-92.84
60	28	-84.41
60	29	-59.54
60	30	-94.46
60	36	-89.82
60	38	-92.74
60	41	-58.61
60	49	-90.45
60	50	-92.56
60	51	-93.54
60	55	-91.83
60	56	-90.24
60	58	-86.39
60	59	-91.87
60	61	-89.78
60	65	-87.03
60	69	-94.69
60	72	-77.03
60	73	-93.81
60	74	-89.62
60	76	-84.76
60	83	-85.99
60	85	-64.75
60	86	-88.00
60	88	-79.24
60	89	-94.37
60	92	-92.87
60	96	-88.35
61	1	-73.76
61	3	-92.75
61	4	-82.44
61	5	-91.79
61	7	-86.39
61	9	-94.47
61	11	-89.86
61	13	-88.98
61	14	-94.41
61	15	-88.80
61	17	-93.93
61	20	-89.15
61	22	-93.71
61	23	-91.76
61	24	-94.14
61	26	-90.38
61	28	-78.91
61	29	-88.28
61	30	-76.67
61	31	-93.44
61	33	-93.20
61	34	-94.02
61	36	-87.06
61	37	-94.24
61	38	-87.48
61	41	-88.07
61	44	-90.51
61	47	-91.90
61	48	-82.00
61	49	-94.53
61	50	-69.52
61	51	-92.95
61	53	-93.99
61	54	-93.35
61	55	-84.27
61	56	-66.11
61	58	-76.85
61	59	-87.62
61	60	-89.78
61	65	-71.41
61	69	-90.60
61	70	-89.30
61	71	-89.90
61	72	-82.79
61	73	-89.63
61	74	-74.16
61	76	-85.68
61	78	-92.34
61	80	-93.97
61	82	-81.28
61	83	-77.22
61	85	-92.06
61	86	-63.95
61	88	-94.37
61	89	-77.44
61	90	-91.86
61	92	-93.51
61	93	-90.16
61	95	-91.50
61	96	-71.52
61	98	-81.68
62	3	-85.76
62	7	-94.04
62	8	-90.66
62	9	-88.28
62	10	-84.80
62	12	-88.98
62	14	-83.91
62	16	-91.19
62	17	-79.07
62	18	-77.66
62	19	-69.40
62	23	-79.62
62	27	-80.76
62	28	-92.72
62	32	-75.89
62	33	-78.62
62	35	-82.33
62	36	-85.91
62	37	-90.19
62	38	-83.35
62	40	-51.76
62	42	-87.94
62	46	-93.97
62	47	-76.46
62	49	-88.59
62	51	-78.27
62	52	-91.02
62	55	-86.71
62	56	-93.52
62	59	-83.67
62	63	-56.59
62	66	-76.57
62	68	-86.69
62	69	-77.64
62	73	-79.84
62	74	-91.84
62	75	-87.55
62	76	-90.39
62	77	-76.46
62	79	-85.06
62	80	-84.18
62	81	-70.14
62	83	-92.39
62	84	-62.57
62	86	-94.33
62	87	-82.76
62	89	-94.05
62	91	-87.11
62	92	-81.44
62	96	-92.81
62	99	-75.53
62	100	-70.21
63	3	-87.50
63	7	-93.97
63	8	-91.44
63	9	-87.29
63	10	-86.48
63	12	-89.65
63	14	-85.89
63	16	-90.62
63	17	-77.43
63	18	-74.36
63	19	-61.98
63	23	-79.24
63	27	-79.24
63	28	-92.95
63	32	-72.51
63	33	-81.37
63	35	-80.21
63	36	-86.16
63	37	-91.50
63	38	-84.29
63	40	-62.76
63	42	-88.59
63	46	-94.92
63	47	-79.24
63	49	-87.62
63	51	-77.26
63	52	-90.35
63	55	-87.51
63	56	-94.04
63	59	-84.32
63	62	-56.59
63	66	-79.56
63	68	-85.69
63	69	-79.32
63	73	-81.05
63	74	-92.37
63	75	-89.03
63	76	-90.40
63	77	-73.40
63	79	-82.95
63	80	-86.13
63	81	-67.79
63	83	-92.70
63	84	-68.92
63	86	-94.73
63	87	-84.76
63	89	-94.76
63	91	-88.63
63	92	-80.15
63	96	-93.25
63	99	-71.41
63	100	-63.30
64	2	-89.99
64	3	-94.55
64	6	-76.17
64	8	-91.50
64	10	-92.81
64	12	-93.96
64	14	-94.14
64	21	-63.58
64	25	-73.51
64	37	-91.72
64	39	-92.03
64	42	-94.71
64	43	-81.61
64	45	-85.17
64	46	-82.80
64	57	-83.14
64	67	-79.65
64	75	-91.08
64	80	-94.31
64	87	-93.87
64	90	-94.70
64	91	-91.39
64	94	-69.38
64	97	-73.65
65	1	-80.62
65	4	-74.49
65	5	-92.57
65	7	-85.12
65	9	-94.94
65	11	-88.29
65	13	-91.47
65	15	-85.30
65	20	-86.90
65	22	-94.91
65	23	-93.41
65	26	-92.23
65	28	-80.11
65	29	-85.60
65	30	-83.83
65	36	-89.19
65	38	-90.39
65	41	-85.09
65	44	-93.60
65	47	-94.43
65	48	-86.28
65	49	-94.96
65	50	-77.03
65	51	-94.45
65	55	-87.98
65	56	-78.03
65	58	-60.53
65	59	-90.22
65	60	-87.03
65	61	-71.41
65	69	-93.07
65	70	-92.78
65	71	-92.44
65	72	-77.17
65	73	-92.17
65	74	-80.95
65	76	-86.54
65	78	-93.53
65	82	-83.34
65	83	-79.86
65	85	-89.76
65	86	-73.13
65	88	-93.06
65	89	-84.59
65	90	-94.81
65	92	-94.70
65	93	-93.42
65	95	-94.46
65	96	-78.27
65	98	-84.69
66	2	-94.45
66	3	-78.82
66	8	-85.80
66	9	-93.18
66	10	-73.13
66	12	-84.78
66	14	-73.30
66	16	-92.48
66	17	-87.30
66	18	-85.87
66	19	-83.23
66	23	-86.49
66	27	-85.48
66	28	-94.37
66	30	-94.34
66	32	-84.50
66	33	-70.14
66	35	-88.07
66	36	-89.30
66	37	-84.41
66	38	-85.80
66	40	-74.27
66	42	-83.91
66	43	-93.91
66	44	-94.38
66	46	-88.93
66	47	-76.02
66	49	-93.40
66	51	-86.35
66	52	-92.67
66	55	-88.08
66	56	-93.87
66	57	-92.43
66	59	-86.88
66	62	-76.57
66	63	-79.56
66	67	-94.45
66	68	-89.48
66	69	-81.51
66	70	-92.75
66	73	-83.53
66	74	-92.58
66	75	-78.62
66	76	-93.16
66	77	-84.55
66	79	-91.15
66	80	-74.60
66	81	-80.14
66	83	-93.85
66	84	-70.47
66	87	-67.73
66	89	-93.25
66	90	-93.22
66	91	-77.76
66	92	-88.55
66	93	-93.28
66	94	-93.61
66	95	-93.90
66	96	-93.68
66	97	-94.70
66	99	-85.98
66	100	-83.23
67	2	-80.45
67	3	-91.19
67	6	-77.67
67	8	-92.75
