1	5	-88.00
1	8	-90.92
1	9	-86.89
2	6	-91.51
2	8	-82.97
2	9	-89.66
2	10	-86.41
3	4	-78.35
3	5	-86.25
3	6	-94.87
3	7	-93.07
4	3	-78.35
4	5	-91.76
4	6	-92.94
4	7	-88.50
5	1	-88.00
5	3	-86.25
5	4	-91.76
6	2	-91.51
6	3	-94.87
6	4	-92.94
6	7	-82.46
6	8	-90.99
6	9	-94.22
6	10	-90.92
7	3	-93.07
7	4	-88.50
7	6	-82.46
7	10	-94.88
8	1	-90.92
8	2	-82.97
8	6	-90.99
8	9	-76.38
8	10	-93.67
9	1	-86.89
9	2	-89.66
9	6	-94.22
9	8	-76.38
10	2	-86.41
10	6	-90.92
10	7	-94.88
10	8	-93.67
