1	2	-82.00
1	4	-89.35
1	5	-87.66
1	7	-94.16
1	16	-92.06
1	18	-50.17
1	19	-61.48
1	20	-94.56
1	21	-59.44
1	22	-89.82
1	25	-93.32
1	27	-80.40
1	29	-71.65
1	30	-85.03
1	31	-88.55
1	33	-94.97
1	34	-89.37
1	35	-89.51
1	39	-90.95
1	40	-89.40
1	42	-90.58
1	43	-89.83
1	46	-92.08
1	47	-81.44
1	49	-66.74
1	54	-74.83
1	56	-90.45
1	57	-85.05
1	58	-90.51
1	60	-84.74
1	63	-82.69
1	64	-81.07
1	70	-87.79
1	74	-85.73
1	76	-76.68
1	78	-93.52
1	79	-85.42
1	80	-91.34
1	83	-94.04
1	84	-94.57
1	86	-93.12
1	87	-86.72
1	88	-90.47
1	90	-82.98
2	1	-82.00
2	4	-94.84
2	5	-73.23
2	7	-89.30
2	16	-82.29
2	18	-83.02
2	19	-78.09
2	20	-92.32
2	21	-80.02
2	23	-91.73
2	25	-90.07
2	27	-58.93
2	28	-90.81
2	29	-74.69
2	30	-89.03
2	31	-93.86
2	34	-91.92
2	35	-87.17
2	39	-79.97
2	46	-83.54
2	47	-85.20
2	49	-81.43
2	54	-83.48
2	57	-85.91
2	60	-87.14
2	63	-92.12
2	64	-91.47
2	70	-94.35
2	74	-64.75
2	76	-83.14
2	78	-92.88
2	79	-69.47
2	80	-83.45
2	83	-86.02
2	84	-93.20
2	87	-91.45
2	90	-88.59
3	6	-89.76
3	8	-91.79
3	9	-81.99
3	10	-91.36
3	11	-73.51
3	12	-66.67
3	13	-77.85
3	14	-82.95
3	15	-78.66
3	17	-92.75
3	20	-92.94
3	24	-88.13
3	25	-94.50
3	26	-79.75
3	30	-90.40
3	31	-88.90
3	32	-83.53
3	33	-94.92
3	34	-86.65
3	35	-93.12
3	36	-92.78
3	37	-78.57
3	38	-78.02
3	41	-94.93
3	44	-91.43
3	45	-78.54
3	47	-93.03
3	48	-89.39
3	50	-86.13
3	51	-87.76
3	52	-94.67
3	53	-84.20
3	55	-82.33
3	57	-92.37
3	59	-82.42
3	60	-91.54
3	61	-75.18
3	62	-90.29
3	65	-83.47
3	66	-82.18
3	67	-94.01
3	68	-84.85
3	70	-92.37
3	71	-68.00
3	72	-86.41
3	73	-71.43
3	75	-91.73
3	77	-81.94
3	78	-88.83
3	81	-89.96
3	82	-81.33
3	84	-90.71
3	85	-93.87
3	86	-79.56
3	87	-88.90
3	88	-90.03
3	89	-92.72
3	90	-91.46
4	1	-89.35
4	2	-94.84
4	18	-88.39
4	19	-90.69
4	21	-89.30
4	22	-85.15
4	27	-94.76
4	29	-92.81
4	40	-86.40
4	42	-78.27
4	43	-88.52
4	49	-91.85
4	54	-86.21
4	56	-75.36
4	58	-86.53
4	63	-88.49
4	64	-85.08
4	70	-93.17
4	76	-86.65
5	1	-87.66
5	2	-73.23
5	7	-84.64
5	8	-93.21
5	16	-74.69
5	18	-88.47
5	19	-85.22
5	20	-90.01
5	21	-86.68
5	23	-87.15
5	25	-87.02
5	27	-74.44
5	28	-86.74
5	29	-82.29
5	30	-90.35
5	34	-92.44
5	35	-85.35
5	36	-94.11
5	39	-73.23
5	44	-93.47
5	46	-73.97
5	47	-87.11
5	49	-86.37
5	54	-89.18
5	57	-86.48
5	60	-88.14
5	63	-94.87
5	64	-94.62
5	74	-64.56
5	76	-88.95
5	78	-91.68
5	79	-61.70
5	80	-74.74
5	83	-79.80
5	84	-91.51
5	87	-92.80
5	90	-90.45
6	3	-89.76
6	8	-89.79
6	9	-90.24
6	10	-72.20
6	11	-93.31
6	12	-86.64
6	13	-91.53
6	14	-77.98
6	15	-91.89
6	17	-86.15
6	20	-92.91
6	24	-57.79
6	36	-89.27
6	37	-84.52
6	38	-93.35
6	44	-89.39
6	50	-70.21
6	53	-82.45
6	59	-88.75
6	61	-85.07
6	65	-75.11
6	66	-86.78
6	67	-74.88
6	68	-82.43
6	69	-87.15
6	71	-88.19
6	72	-86.22
6	73	-89.51
6	75	-78.85
6	77	-83.37
6	78	-91.62
6	82	-84.89
6	84	-91.40
6	85	-75.89
6	86	-94.12
7	1	-94.16
7	2	-89.30
7	5	-84.64
7	8	-84.58
7	16	-86.40
7	17	-89.12
7	18	-94.80
7	19	-93.01
7	20	-79.31
7	21	-94.09
7	23	-82.54
7	25	-73.13
7	27	-88.71
7	28	-58.16
7	29	-90.92
7	30	-91.39
7	34	-91.61
7	35	-81.20
7	36	-85.35
7	39	-87.72
7	44	-85.18
7	46	-79.04
7	47	-89.88
7	49	-92.40
7	53	-92.70
7	57	-87.48
7	59	-91.28
7	60	-89.20
7	68	-92.44
7	69	-90.83
7	72	-90.01
7	73	-94.87
7	74	-87.74
7	75	-93.26
7	78	-85.97
7	79	-85.16
7	80	-74.97
7	83	-85.88
7	84	-83.73
7	87	-93.61
7	90	-92.36
8	3	-91.79
8	5	-93.21
8	6	-89.79
8	7	-84.58
8	10	-86.27
8	11	-92.44
8	12	-90.02
8	14	-86.03
8	17	-74.29
8	20	-70.14
8	23	-93.02
8	24	-89.23
8	25	-78.27
8	26	-94.56
8	27	-94.20
8	28	-83.06
8	29	-94.57
8	30	-90.51
8	31	-94.63
8	34	-88.44
8	35	-83.36
8	36	-60.94
8	37	-93.04
8	44	-40.23
8	46	-91.70
8	47	-90.92
8	49	-94.74
8	50	-90.57
8	53	-81.37
8	57	-88.32
8	59	-81.82
8	60	-89.17
8	61	-92.27
8	65	-89.63
8	67	-91.04
8	68	-80.68
8	69	-81.74
8	71	-92.93
8	72	-75.49
8	73	-88.30
8	74	-94.71
8	75	-82.82
8	77	-93.59
8	78	-75.65
8	79	-92.75
8	80	-89.68
8	82	-94.10
8	84	-68.12
8	85	-89.48
8	86	-91.22
8	87	-91.99
8	90	-92.03
9	3	-81.99
9	6	-90.24
9	10	-93.20
9	11	-87.34
9	12	-82.59
9	13	-68.26
9	14	-87.81
9	15	-68.68
9	24	-89.03
9	26	-88.73
9	32	-89.39
9	34	-94.44
9	37	-75.43
9	38	-76.96
9	41	-93.03
9	45	-85.83
9	48	-92.04
9	50	-86.22
9	51	-82.27
9	52	-92.70
9	53	-90.45
9	55	-85.61
9	59	-91.36
9	61	-76.96
9	62	-93.83
9	65	-85.17
9	66	-68.46
9	67	-94.31
9	68	-90.84
9	71	-76.04
9	72	-92.74
9	73	-87.30
9	75	-94.35
9	77	-76.40
9	81	-86.66
9	82	-73.51
9	85	-94.72
9	86	-90.45
9	89	-91.85
10	3	-91.36
10	6	-72.20
10	8	-86.27
10	9	-93.20
10	11	-94.12
10	12	-88.55
10	13	-93.90
10	14	-79.75
10	15	-94.23
10	17	-80.11
10	20	-90.29
10	24	-74.00
10	25	-92.75
10	28	-94.26
10	34	-94.62
10	35	-94.40
10	36	-85.09
10	37	-88.42
10	44	-85.83
10	50	-79.86
10	53	-81.05
10	59	-87.89
10	61	-88.42
10	65	-81.17
10	66	-90.60
10	67	-73.65
10	68	-80.62
10	69	-80.93
10	71	-90.68
10	72	-83.80
10	73	-90.14
10	75	-65.63
10	77	-87.99
10	78	-89.73
10	82	-89.07
10	84	-88.90
10	85	-69.47
10	86	-94.42
11	3	-73.51
11	6	-93.31
11	8	-92.44
11	9	-87.34
11	10	-94.12
11	12	-79.41
11	13	-83.57
11	14	-87.70
11	15	-83.88
11	17	-94.22
11	20	-92.81
11	24	-92.06
11	25	-93.98
11	26	-67.64
11	30	-86.61
11	31	-83.02
11	32	-76.99
11	33	-91.74
11	34	-82.32
11	35	-91.72
11	36	-93.66
11	37	-86.19
11	38	-81.31
11	41	-94.50
11	43	-94.35
11	44	-92.17
11	45	-73.13
11	47	-90.10
11	48	-85.95
11	49	-93.66
11	50	-90.82
11	51	-88.98
11	52	-94.26
11	53	-87.41
11	55	-79.90
11	57	-89.85
11	59	-83.23
11	60	-88.56
11	61	-84.30
11	62	-86.11
11	63	-92.52
11	64	-94.66
11	65	-88.87
11	66	-88.20
11	68	-87.86
11	70	-87.89
11	71	-80.68
11	72	-88.07
11	73	-74.26
11	75	-94.06
11	77	-88.26
11	78	-88.38
11	81	-90.21
11	82	-87.83
11	84	-90.70
11	86	-67.79
11	87	-83.88
11	88	-84.62
11	89	-91.70
11	90	-87.63
12	3	-66.67
12	6	-86.64
12	8	-90.02
12	9	-82.59
12	10	-88.55
12	11	-79.41
12	13	-80.63
12	14	-77.44
12	15	-81.43
12	17	-90.60
12	20	-91.73
12	24	-84.59
12	25	-93.61
12	26	-84.27
12	30	-91.16
12	31	-90.81
12	32	-87.32
12	34	-87.43
12	35	-92.67
12	36	-90.95
12	37	-75.01
12	38	-82.28
12	44	-89.59
12	45	-83.73
12	47	-93.49
12	48	-92.06
12	50	-82.22
12	51	-89.90
12	53	-79.97
12	55	-86.40
12	57	-92.54
12	59	-80.15
12	60	-91.92
12	61	-70.21
12	62	-92.75
12	65	-78.48
12	66	-80.85
12	67	-91.73
12	68	-80.84
12	69	-93.26
12	70	-94.04
12	71	-68.79
12	72	-83.57
12	73	-71.21
12	75	-89.09
12	77	-78.91
12	78	-87.58
12	81	-92.06
12	82	-78.91
12	84	-89.28
12	85	-91.54
12	86	-82.61
12	87	-90.19
12	88	-92.14
12	89	-94.73
12	90	-92.33
13	3	-77.85
13	6	-91.53
13	9	-68.26
13	10	-93.90
13	11	-83.57
13	12	-80.63
13	14	-88.00
13	15	-40.23
13	24	-90.27
13	26	-84.93
13	31	-92.91
13	32	-85.67
13	34	-92.59
13	37	-77.92
13	38	-66.11
13	41	-91.69
13	45	-80.86
13	48	-89.17
13	50	-87.86
13	51	-79.84
13	52	-91.33
13	53	-90.07
13	55	-80.70
13	59	-90.07
13	61	-77.48
13	62	-91.23
13	65	-86.36
13	66	-76.32
13	68	-90.50
13	71	-72.60
13	72	-92.11
13	73	-84.92
13	75	-94.74
13	77	-80.25
13	78	-94.23
13	81	-84.48
13	82	-78.27
13	86	-87.62
13	87	-93.66
13	88	-92.97
13	89	-89.83
14	3	-82.95
14	6	-77.98
14	8	-86.03
14	9	-87.81
14	10	-79.75
14	11	-87.70
14	12	-77.44
14	13	-88.00
14	15	-88.50
14	17	-84.67
14	20	-89.36
14	24	-74.29
14	25	-91.92
14	26	-90.81
14	28	-94.51
14	30	-93.17
14	31	-94.35
14	32	-93.00
14	34	-90.07
14	35	-92.26
14	36	-86.47
14	37	-80.08
14	38	-89.66
14	44	-85.43
14	45	-90.83
14	47	-94.79
14	50	-73.97
14	51	-94.42
14	53	-68.55
14	55	-92.54
14	57	-93.41
14	59	-80.15
14	60	-93.25
14	61	-78.93
14	65	-68.55
14	66	-84.67
14	67	-85.66
14	68	-69.69
14	69	-87.99
14	71	-82.29
14	72	-78.03
14	73	-81.18
14	75	-80.86
14	77	-80.93
14	78	-86.17
14	82	-82.27
14	84	-86.78
14	85	-85.04
14	86	-88.57
14	87	-93.07
14	90	-94.40
15	3	-78.66
15	6	-91.89
15	9	-68.68
15	10	-94.23
15	11	-83.88
15	12	-81.43
15	13	-40.23
15	14	-88.50
15	24	-90.68
15	26	-85.04
15	31	-93.00
15	32	-85.60
15	34	-92.81
15	37	-78.84
15	38	-65.16
15	41	-91.30
15	45	-80.84
15	48	-88.96
15	50	-88.33
15	51	-78.91
15	52	-90.94
15	53	-90.50
15	55	-80.37
15	59	-90.46
15	61	-78.49
15	62	-91.11
15	65	-86.90
15	66	-77.03
15	68	-90.92
15	71	-74.00
15	72	-92.48
15	73	-85.42
15	77	-80.95
15	78	-94.52
15	81	-83.84
15	82	-79.04
15	86	-87.88
15	87	-93.81
15	88	-92.99
15	89	-89.43
16	1	-92.06
16	2	-82.29
16	5	-74.69
16	7	-86.40
16	18	-92.59
16	19	-90.26
16	20	-92.55
16	21	-91.12
16	23	-83.45
16	25	-90.00
16	27	-83.86
16	28	-88.13
16	29	-88.59
16	30	-94.44
16	35	-90.01
16	39	-59.44
16	46	-73.36
16	47	-92.12
16	49	-91.46
16	54	-92.39
16	57	-91.53
16	60	-92.77
16	74	-77.31
16	76	-92.03
16	78	-94.62
16	79	-79.53
16	80	-78.82
16	83	-65.46
16	84	-94.13
16	90	-94.56
17	3	-92.75
17	6	-86.15
17	7	-89.12
17	8	-74.29
17	10	-80.11
17	11	-94.22
17	12	-90.60
17	14	-84.67
17	20	-82.04
17	24	-86.03
17	25	-85.90
17	28	-87.66
17	30	-94.20
17	34	-92.27
17	35	-89.47
17	36	-68.92
17	37	-92.49
17	44	-73.85
17	46	-94.84
17	47	-94.73
17	50	-88.33
17	53	-81.35
17	57	-92.80
17	59	-85.60
17	60	-93.34
17	61	-91.99
17	65	-87.96
17	66	-94.55
17	67	-86.36
17	68	-80.51
17	69	-70.47
17	71	-93.20
17	72	-79.24
17	73	-90.22
17	75	-73.65
17	77	-92.71
17	78	-84.14
17	80	-93.38
17	82	-93.38
17	84	-81.22
17	85	-83.97
17	86	-93.67
18	1	-50.17
18	2	-83.02
18	4	-88.39
18	5	-88.47
18	7	-94.80
18	16	-92.59
18	19	-65.63
18	21	-60.53
18	22	-89.17
18	25	-94.01
18	27	-81.73
18	29	-74.36
18	30	-85.93
18	31	-88.85
18	33	-94.81
18	34	-90.04
18	35	-90.39
18	39	-91.47
18	40	-88.79
18	42	-89.79
18	43	-89.34
18	46	-92.73
18	47	-82.80
18	49	-70.43
18	54	-73.13
18	56	-89.62
18	57	-86.17
18	58	-89.93
18	60	-85.82
18	63	-82.17
18	64	-79.97
18	70	-87.79
18	74	-86.54
18	76	-75.40
18	78	-94.15
18	79	-86.42
18	80	-92.06
18	83	-94.52
18	86	-93.51
18	87	-87.34
18	88	-90.56
18	90	-83.92
19	1	-61.48
19	2	-78.09
19	4	-90.69
19	5	-85.22
19	7	-93.01
19	16	-90.26
19	18	-65.63
19	20	-93.87
19	21	-57.01
19	22	-91.67
19	25	-92.39
19	27	-76.09
19	28	-94.06
19	29	-64.41
19	30	-85.49
19	31	-89.82
19	34	-89.67
19	35	-88.55
19	39	-88.98
19	40	-91.31
19	42	-92.21
19	43	-91.68
19	46	-90.39
19	47	-81.28
19	49	-67.51
19	54	-75.18
19	56	-92.04
19	57	-84.44
19	58	-92.29
19	60	-84.59
19	63	-85.55
19	64	-84.32
19	70	-89.56
19	74	-82.82
19	76	-76.34
19	78	-93.13
19	79	-82.62
19	80	-89.68
19	83	-92.49
19	84	-94.05
19	86	-93.66
19	87	-87.63
19	88	-91.83
19	90	-83.88
20	1	-94.56
20	2	-92.32
20	3	-92.94
20	5	-90.01
20	6	-92.91
20	7	-79.31
20	8	-70.14
20	10	-90.29
20	11	-92.81
20	12	-91.73
20	14	-89.36
20	16	-92.55
20	17	-82.04
20	19	-93.87
20	21	-94.92
20	23	-90.79
20	24	-92.37
20	25	-66.56
20	26	-94.66
20	27	-91.33
20	28	-77.94
20	29	-91.99
20	30	-88.44
20	31	-93.70
20	34	-87.03
20	35	-77.16
20	36	-74.83
20	37	-94.86
20	39	-93.14
20	44	-71.38
20	46	-88.31
20	47	-88.23
20	49	-92.44
20	50	-93.29
20	53	-85.57
20	57	-84.96
20	59	-83.57
20	60	-86.40
20	61	-94.07
20	65	-92.36
20	67	-94.04
20	68	-85.17
20	69	-86.35
20	71	-94.36
20	72	-80.81
20	73	-89.44
20	74	-91.87
20	75	-87.77
20	78	-73.84
20	79	-89.45
20	80	-85.61
20	83	-92.63
20	84	-65.24
20	85	-92.78
20	86	-91.11
20	87	-90.58
20	90	-90.06
21	1	-59.44
21	2	-80.02
21	4	-89.30
21	5	-86.68
21	7	-94.09
21	16	-91.12
21	18	-60.53
21	19	-57.01
21	20	-94.92
21	22	-90.90
21	25	-93.56
21	27	-78.81
21	29	-71.07
21	30	-86.82
21	31	-90.29
21	34	-90.71
21	35	-90.04
21	39	-89.82
21	40	-90.60
21	42	-91.19
21	43	-91.13
21	46	-91.50
21	47	-83.31
21	49	-71.58
21	54	-70.80
21	56	-90.95
21	57	-86.25
21	58	-91.59
21	60	-86.25
21	63	-85.02
21	64	-83.18
21	70	-89.63
21	74	-84.26
21	76	-72.70
21	78	-94.17
21	79	-84.49
21	80	-90.94
21	83	-93.26
21	86	-94.30
21	87	-88.54
21	88	-92.03
21	90	-85.18
22	1	-89.82
22	4	-85.15
22	18	-89.17
22	19	-91.67
22	21	-90.90
22	26	-94.81
22	29	-93.23
22	30	-93.06
22	31	-89.71
22	32	-94.21
22	33	-85.87
22	34	-94.85
22	40	-55.31
22	42	-73.69
22	43	-67.73
22	47	-93.31
22	48	-93.42
22	49	-91.07
22	54	-90.73
22	56	-76.78
22	58	-52.83
22	60	-94.30
22	62	-90.76
22	63	-79.93
22	64	-78.70
22	70	-84.86
22	76	-91.47
22	87	-91.90
22	88	-87.96
22	90	-91.69
23	2	-91.73
23	5	-87.15
23	7	-82.54
23	8	-93.02
23	16	-83.45
23	20	-90.79
23	25	-88.52
23	27	-92.03
23	28	-83.31
23	29	-94.63
23	35	-91.32
23	36	-93.03
23	39	-85.90
23	44	-93.37
23	46	-80.08
23	57	-94.28
23	74	-89.53
23	78	-94.29
23	79	-88.97
23	80	-82.29
23	83	-79.41
23	84	-93.00
24	3	-88.13
24	6	-57.79
24	8	-89.23
24	9	-89.03
24	10	-74.00
24	11	-92.06
24	12	-84.59
24	13	-90.27
24	14	-74.29
24	15	-90.68
24	17	-86.03
24	20	-92.37
24	25	-94.55
24	26	-94.35
24	34	-94.17
24	36	-88.90
24	37	-82.46
24	38	-92.20
24	44	-88.78
24	45	-94.01
24	50	-64.41
24	53	-80.36
24	59	-87.30
24	61	-82.93
24	65	-70.21
24	66	-85.33
24	67	-78.54
24	68	-80.45
24	69	-87.60
24	71	-86.45
24	72	-84.89
24	73	-87.89
24	75	-79.32
24	77	-81.41
24	78	-90.71
24	82	-83.13
24	84	-90.66
24	85	-78.91
24	86	-92.96
25	1	-93.32
25	2	-90.07
25	3	-94.50
25	5	-87.02
25	7	-73.13
25	8	-78.27
25	10	-92.75
25	11	-93.98
25	12	-93.61
25	14	-91.92
25	16	-90.00
25	17	-85.90
25	18	-94.01
25	19	-92.39
25	20	-66.56
25	21	-93.56
25	23	-88.52
25	24	-94.55
25	27	-89.03
25	28	-72.76
25	29	-90.23
25	30	-88.12
25	31	-93.87
25	34	-87.64
25	35	-73.76
25	36	-80.67
25	39	-90.70
25	44	-79.04
25	46	-84.79
25	47	-87.10
25	49	-91.11
25	53	-88.81
25	57	-83.65
25	59	-86.54
25	60	-85.60
25	65	-94.48
25	68	-88.51
25	69	-88.96
25	72	-85.10
25	73	-91.32
25	74	-89.35
25	75	-90.63
25	78	-78.46
25	79	-86.50
25	80	-81.21
25	83	-90.16
25	84	-74.83
25	85	-94.83
25	86	-92.16
25	87	-90.63
25	90	-89.59
26	3	-79.75
26	8	-94.56
26	9	-88.73
26	11	-67.64
26	12	-84.27
26	13	-84.93
26	14	-90.81
26	15	-85.04
26	20	-94.66
26	22	-94.81
26	24	-94.35
26	30	-87.26
26	31	-80.91
26	32	-67.08
26	33	-88.90
26	34	-84.26
26	35	-93.16
26	37	-88.84
26	38	-81.68
26	40	-93.87
26	41	-92.93
26	43	-92.55
26	44	-94.34
26	45	-67.79
26	47	-90.62
26	48	-81.50
26	49	-93.59
26	50	-93.20
26	51	-88.15
26	52	-92.70
26	53	-90.62
26	55	-76.09
26	57	-90.87
26	58	-94.42
26	59	-87.14
26	60	-89.48
26	61	-87.43
26	62	-81.50
26	63	-91.16
26	64	-93.56
26	65	-91.59
26	66	-90.12
26	68	-90.98
26	70	-85.55
26	71	-84.21
26	72	-91.05
26	73	-81.25
26	77	-90.57
26	78	-90.86
26	81	-88.80
26	82	-90.06
26	84	-92.90
26	86	-73.13
26	87	-83.92
26	88	-81.05
26	89	-89.55
26	90	-87.77
27	1	-80.40
27	2	-58.93
27	4	-94.76
27	5	-74.44
27	7	-88.71
27	8	-94.20
27	16	-83.86
27	18	-81.73
27	19	-76.09
27	20	-91.33
27	21	-78.81
27	23	-92.03
27	25	-89.03
27	28	-90.24
27	29	-70.40
27	30	-87.17
27	31	-92.63
27	34	-90.41
27	35	-85.43
27	39	-82.13
27	44	-94.37
27	46	-83.88
27	47	-82.71
27	49	-78.82
27	54	-83.53
27	57	-83.58
27	59	-94.70
27	60	-84.99
27	63	-91.11
27	64	-90.63
27	70	-93.28
27	74	-69.97
27	76	-83.45
27	78	-91.67
27	79	-68.55
27	80	-83.14
27	83	-87.11
27	84	-92.14
27	86	-94.76
27	87	-89.91
27	88	-94.72
27	90	-86.70
28	2	-90.81
28	5	-86.74
28	7	-58.16
28	8	-83.06
28	10	-94.26
28	14	-94.51
28	16	-88.13
28	17	-87.66
28	19	-94.06
28	20	-77.94
28	23	-83.31
28	25	-72.76
28	27	-90.24
28	29	-92.13
28	30	-91.99
28	34	-91.91
28	35	-82.26
28	36	-83.58
28	39	-89.37
28	44	-83.75
28	46	-81.87
28	47	-90.77
28	49	-93.38
28	53	-92.03
28	57	-88.39
28	59	-90.92
28	60	-89.96
28	68	-91.74
28	69	-89.37
28	72	-89.26
28	73	-94.67
28	74	-89.44
28	75	-92.22
28	78	-85.61
28	79	-87.14
28	80	-78.82
28	83	-87.47
28	84	-82.88
28	87	-94.05
28	90	-93.00
29	1	-71.65
29	2	-74.69
29	4	-92.81
29	5	-82.29
29	7	-90.92
29	8	-94.57
29	16	-88.59
29	18	-74.36
29	19	-64.41
29	20	-91.99
29	21	-71.07
29	22	-93.23
29	23	-94.63
29	25	-90.23
29	27	-70.40
29	28	-92.13
29	30	-83.91
29	31	-89.72
29	34	-88.32
29	35	-85.80
29	39	-87.36
29	40	-92.81
29	42	-93.97
29	43	-92.99
29	44	-94.68
29	46	-88.19
29	47	-78.40
29	49	-67.38
29	54	-80.37
29	56	-93.86
29	57	-81.41
29	58	-93.72
29	59	-93.94
29	60	-82.13
29	63	-87.25
29	64	-86.76
29	70	-90.16
29	74	-80.08
29	76	-80.94
29	78	-91.39
29	79	-78.70
29	80	-87.15
29	83	-90.97
29	84	-92.31
29	86	-92.96
29	87	-86.82
29	88	-92.07
29	90	-82.66
30	1	-85.03
30	2	-89.03
30	3	-90.40
30	5	-90.35
30	7	-91.39
30	8	-90.51
30	11	-86.61
30	12	-91.16
30	14	-93.17
30	16	-94.44
30	17	-94.20
30	18	-85.93
30	19	-85.49
30	20	-88.44
30	21	-86.82
30	22	-93.06
30	25	-88.12
30	26	-87.26
30	27	-87.17
30	28	-91.99
30	29	-83.91
30	31	-78.86
30	32	-89.56
30	33	-93.21
30	34	-70.14
30	35	-81.85
30	36	-92.23
30	38	-94.13
30	39	-94.11
30	40	-92.19
30	43	-91.51
30	44	-90.47
30	45	-90.47
30	46	-92.52
30	47	-68.26
30	48	-93.05
30	49	-80.78
30	53	-91.16
30	54	-90.75
30	55	-92.66
30	57	-71.43
30	58	-93.15
30	59	-85.92
30	60	-63.90
30	61	-94.13
30	62	-91.29
30	63	-85.83
30	64	-88.07
30	68	-91.26
30	70	-83.99
30	71	-93.09
30	72	-89.33
30	73	-87.06
30	74	-90.51
30	76	-91.34
30	78	-84.40
30	79	-88.38
30	80	-90.77
30	84	-87.17
30	86	-82.13
30	87	-66.74
30	88	-84.67
30	90	-59.54
31	1	-88.55
31	2	-93.86
31	3	-88.90
31	8	-94.63
31	11	-83.02
31	12	-90.81
31	13	-92.91
31	14	-94.35
31	15	-93.00
31	18	-88.85
31	19	-89.82
31	20	-93.70
31	21	-90.29
31	22	-89.71
31	25	-93.87
31	26	-80.91
31	27	-92.63
31	29	-89.72
31	30	-78.86
31	32	-82.66
31	33	-86.90
31	34	-79.66
31	35	-90.20
31	37	-94.57
31	38	-91.23
31	40	-88.39
31	42	-93.27
31	43	-86.84
31	44	-94.52
31	45	-85.60
31	47	-83.57
31	48	-86.84
31	49	-86.64
31	51	-94.68
31	53	-93.26
31	54	-92.89
31	55	-88.00
31	56	-93.85
31	57	-85.56
31	58	-89.45
31	59	-89.09
31	60	-83.18
31	61	-93.52
31	62	-83.60
31	63	-82.15
31	64	-86.25
31	68	-93.46
31	70	-72.05
31	71	-91.83
31	72	-92.54
31	73	-87.24
31	76	-93.54
31	78	-90.22
31	79	-93.94
31	81	-94.70
31	84	-92.38
31	86	-78.94
31	87	-71.13
31	88	-69.10
31	89	-94.07
31	90	-77.64
32	3	-83.53
32	9	-89.39
32	11	-76.99
32	12	-87.32
32	13	-85.67
32	14	-93.00
32	15	-85.60
32	22	-94.21
32	26	-67.08
32	30	-89.56
32	31	-82.66
32	33	-86.47
32	34	-87.58
32	37	-90.50
32	38	-81.82
32	40	-93.24
32	41	-90.73
32	43	-91.76
32	45	-68.03
32	47	-92.41
32	48	-75.01
32	49	-94.69
32	50	-94.80
32	51	-86.66
32	52	-90.48
32	53	-93.03
32	55	-71.65
32	57	-92.88
32	58	-93.70
32	59	-90.29
32	60	-91.61
32	61	-89.40
32	62	-76.32
32	63	-91.28
32	64	-93.67
32	65	-93.43
32	66	-91.23
32	68	-93.35
32	70	-85.49
32	71	-86.47
32	72	-93.49
32	73	-85.60
32	77	-91.99
32	78	-93.33
32	81	-86.62
32	82	-91.41
32	86	-80.15
32	87	-86.50
32	88	-80.63
32	89	-86.54
32	90	-89.72
33	1	-94.97
33	3	-94.92
33	11	-91.74
33	18	-94.81
33	22	-85.87
33	26	-88.90
33	30	-93.21
33	31	-86.90
33	32	-86.47
33	34	-93.59
33	38	-93.82
33	40	-84.55
33	41	-92.87
33	42	-90.81
33	43	-81.78
33	45	-89.91
33	47	-94.73
33	48	-82.04
33	49	-94.83
33	51	-94.46
33	52	-92.87
33	55	-89.59
33	56	-91.88
33	58	-84.48
33	60	-94.91
33	62	-76.99
33	63	-87.19
33	64	-89.45
33	70	-83.03
33	81	-93.16
33	86	-91.54
33	87	-90.98
33	88	-82.07
33	89	-89.64
33	90	-92.41
34	1	-89.37
34	2	-91.92
34	3	-86.65
34	5	-92.44
34	7	-91.61
34	8	-88.44
34	9	-94.44
34	10	-94.62
34	11	-82.32
34	12	-87.43
34	13	-92.59
34	14	-90.07
34	15	-92.81
34	17	-92.27
34	18	-90.04
34	19	-89.67
34	20	-87.03
34	21	-90.71
34	22	-94.85
34	24	-94.17
34	25	-87.64
34	26	-84.26
34	27	-90.41
34	28	-91.91
34	29	-88.32
34	30	-70.14
34	31	-79.66
34	32	-87.58
34	33	-93.59
34	35	-82.33
34	36	-90.38
34	37	-92.45
34	38	-91.73
34	40	-94.01
34	43	-93.21
34	44	-88.29
34	45	-87.88
34	46	-93.77
34	47	-78.37
34	48	-92.06
34	49	-86.33
34	50	-93.89
34	53	-87.74
34	54	-93.80
34	55	-90.62
34	57	-77.03
34	58	-94.82
34	59	-80.63
34	60	-73.85
34	61	-91.19
34	62	-90.72
34	63	-88.98
34	64	-91.13
34	65	-92.37
34	66	-94.34
34	68	-87.91
34	70	-85.90
34	71	-90.00
34	72	-85.83
34	73	-81.85
34	74	-92.90
34	75	-93.73
34	76	-94.28
34	77	-93.72
34	78	-80.91
34	79	-90.90
34	80	-91.99
34	82	-93.72
34	84	-84.78
34	86	-76.09
34	87	-70.74
34	88	-85.09
34	90	-75.14
35	1	-89.51
35	2	-87.17
35	3	-93.12
35	5	-85.35
35	7	-81.20
35	8	-83.36
35	10	-94.40
35	11	-91.72
35	12	-92.67
35	14	-92.26
35	16	-90.01
35	17	-89.47
35	18	-90.39
35	19	-88.55
35	20	-77.16
35	21	-90.04
35	23	-91.32
35	25	-73.76
35	26	-93.16
35	27	-85.43
35	28	-82.26
35	29	-85.80
35	30	-81.85
35	31	-90.20
35	34	-82.33
35	36	-85.80
35	39	-90.22
35	44	-83.64
35	46	-85.79
35	47	-79.93
35	49	-86.41
35	53	-89.32
35	54	-93.27
35	57	-73.69
35	59	-85.18
35	60	-77.47
35	63	-93.31
35	64	-94.20
35	65	-94.72
35	68	-89.18
35	69	-92.38
35	70	-92.89
35	72	-85.96
35	73	-89.59
35	74	-87.24
35	75	-92.78
35	76	-93.51
35	78	-77.09
35	79	-83.65
35	80	-82.33
35	83	-90.94
35	84	-78.09
35	86	-89.15
35	87	-85.80
35	88	-93.16
35	90	-83.91
36	3	-92.78
36	5	-94.11
36	6	-89.27
36	7	-85.35
36	8	-60.94
36	10	-85.09
36	11	-93.66
36	12	-90.95
36	14	-86.47
36	17	-68.92
36	20	-74.83
36	23	-93.03
36	24	-88.90
36	25	-80.67
36	28	-83.58
36	30	-92.23
36	34	-90.38
36	35	-85.80
36	37	-93.48
36	44	-61.77
36	46	-92.37
36	47	-92.55
36	50	-90.51
36	53	-82.42
36	57	-90.24
36	59	-84.20
36	60	-91.02
36	61	-92.83
36	65	-89.81
36	67	-90.00
36	68	-81.69
36	69	-78.10
36	71	-93.65
36	72	-78.09
36	73	-89.74
36	75	-81.01
36	77	-93.90
36	78	-80.02
36	79	-93.80
36	80	-90.57
36	82	-94.44
36	84	-74.88
36	85	-88.21
36	86	-92.67
36	87	-93.53
36	90	-93.58
37	3	-78.57
37	6	-84.52
37	8	-93.04
37	9	-75.43
37	10	-88.42
37	11	-86.19
37	12	-75.01
37	13	-77.92
37	14	-80.08
37	15	-78.84
37	17	-92.49
37	20	-94.86
37	24	-82.46
37	26	-88.84
37	31	-94.57
37	32	-90.50
37	34	-92.45
37	36	-93.48
37	38	-82.46
37	44	-92.67
37	45	-87.22
37	48	-93.88
37	50	-77.94
37	51	-88.64
37	53	-84.66
37	55	-88.36
37	59	-87.14
37	61	-57.15
37	62	-94.99
37	65	-75.19
37	66	-66.84
37	67	-90.39
37	68	-85.22
37	69	-94.36
37	71	-70.47
37	72	-88.20
37	73	-83.17
37	75	-89.91
37	77	-59.54
37	78	-92.02
37	81	-91.46
37	82	-58.50
37	84	-92.99
37	85	-90.73
37	86	-88.88
37	87	-94.37
37	89	-94.99
38	3	-78.02
38	6	-93.35
38	9	-76.96
38	11	-81.31
38	12	-82.28
38	13	-66.11
38	14	-89.66
38	15	-65.16
38	24	-92.20
38	26	-81.68
38	30	-94.13
38	31	-91.23
38	32	-81.82
38	33	-93.82
38	34	-91.73
38	37	-82.46
38	41	-90.01
38	45	-75.53
38	48	-85.97
38	50	-90.22
38	51	-77.64
38	52	-89.63
38	53	-91.10
38	55	-74.29
38	59	-90.30
38	61	-81.57
38	62	-88.55
38	65	-88.75
38	66	-81.98
38	68	-91.51
38	70	-93.51
38	71	-76.68
38	72	-92.72
38	73	-84.84
38	77	-84.49
38	78	-94.27
38	81	-81.97
38	82	-83.13
38	86	-86.02
38	87	-92.45
38	88	-90.98
38	89	-87.39
38	90	-94.68
39	1	-90.95
39	2	-79.97
39	5	-73.23
39	7	-87.72
39	16	-59.44
39	18	-91.47
39	19	-88.98
39	20	-93.14
39	21	-89.82
39	23	-85.90
39	25	-90.70
39	27	-82.13
39	28	-89.37
39	29	-87.36
39	30	-94.11
39	35	-90.22
39	46	-76.55
39	47	-91.64
39	49	-90.50
39	54	-91.03
39	57	-91.27
39	60	-92.47
39	74	-74.16
39	76	-90.60
39	78	-94.90
39	79	-78.20
39	80	-80.49
39	83	-72.48
39	84	-94.56
39	90	-94.12
40	1	-89.40
40	4	-86.40
40	18	-88.79
40	19	-91.31
40	21	-90.60
40	22	-55.31
40	26	-93.87
40	29	-92.81
40	30	-92.19
40	31	-88.39
40	32	-93.24
40	33	-84.55
40	34	-94.01
40	42	-77.03
40	43	-60.53
40	47	-92.58
40	48	-92.49
40	49	-90.48
40	54	-90.73
40	56	-79.44
40	57	-94.52
40	58	-54.38
40	60	-93.56
40	62	-89.61
40	63	-77.94
40	64	-77.66
40	70	-82.95
40	76	-91.50
40	86	-94.29
40	87	-90.87
40	88	-86.41
40	90	-90.75
41	3	-94.93
41	9	-93.03
41	11	-94.50
41	13	-91.69
41	15	-91.30
41	26	-92.93
41	32	-90.73
41	33	-92.87
41	38	-90.01
41	45	-90.84
41	48	-87.04
41	51	-83.88
41	52	-38.63
41	55	-88.08
41	62	-90.26
41	71	-94.76
41	81	-78.43
41	89	-71.72
42	1	-90.58
42	4	-78.27
42	18	-89.79
42	19	-92.21
42	21	-91.19
42	22	-73.69
42	29	-93.97
42	31	-93.27
42	33	-90.81
42	40	-77.03
42	43	-80.93
42	49	-92.34
42	54	-89.95
42	56	-54.57
42	58	-76.17
42	62	-94.56
42	63	-85.06
42	64	-82.19
42	70	-89.80
42	76	-90.58
42	87	-94.64
42	88	-92.25
42	90	-94.07
43	1	-89.83
43	4	-88.52
43	11	-94.35
43	18	-89.34
43	19	-91.68
43	21	-91.13
43	22	-67.73
43	26	-92.55
43	29	-92.99
43	30	-91.51
43	31	-86.84
43	32	-91.76
43	33	-81.78
43	34	-93.21
43	40	-60.53
43	42	-80.93
43	45	-94.20
43	47	-92.20
43	48	-90.86
43	49	-90.56
43	54	-91.62
43	55	-94.67
43	56	-82.83
43	57	-94.12
43	58	-64.36
43	60	-93.07
43	62	-87.58
43	63	-77.36
43	64	-78.99
43	70	-80.53
43	76	-92.36
43	86	-93.19
43	87	-89.88
43	88	-84.20
43	90	-90.08
44	3	-91.43
44	5	-93.47
44	6	-89.39
44	7	-85.18
44	8	-40.23
44	10	-85.83
44	11	-92.17
44	12	-89.59
44	14	-85.43
44	17	-73.85
44	20	-71.38
44	23	-93.37
44	24	-88.78
44	25	-79.04
44	26	-94.34
44	27	-94.37
44	28	-83.75
44	29	-94.68
44	30	-90.47
44	31	-94.52
44	34	-88.29
44	35	-83.64
44	36	-61.77
44	37	-92.67
44	46	-92.04
44	47	-90.97
44	49	-94.81
44	50	-90.14
44	53	-80.53
44	57	-88.39
44	59	-81.20
44	60	-89.19
44	61	-91.89
44	65	-89.17
44	66	-94.84
44	67	-90.76
44	68	-79.80
44	69	-81.68
44	71	-92.58
44	72	-74.27
44	73	-87.89
44	74	-94.92
44	75	-82.32
44	77	-93.24
44	78	-75.37
44	79	-92.99
44	80	-90.06
44	82	-93.76
44	84	-68.26
44	85	-89.18
44	86	-90.97
44	87	-91.89
44	90	-92.00
45	3	-78.54
45	9	-85.83
45	11	-73.13
45	12	-83.73
45	13	-80.86
45	14	-90.83
45	15	-80.84
45	24	-94.01
45	26	-67.79
45	30	-90.47
45	31	-85.60
45	32	-68.03
45	33	-89.91
45	34	-87.88
45	37	-87.22
45	38	-75.53
45	41	-90.84
45	43	-94.20
45	47	-93.23
45	48	-80.32
45	50	-92.60
45	51	-84.20
45	52	-90.54
45	53	-91.23
45	55	-65.95
45	57	-93.33
45	59	-88.81
45	60	-92.21
45	61	-85.90
45	62	-82.51
45	63	-93.45
45	65	-91.04
45	66	-88.06
45	68	-91.61
45	70	-88.70
45	71	-81.98
45	72	-92.12
45	73	-82.83
45	77	-89.05
45	78	-92.63
45	81	-85.29
45	82	-88.31
45	84	-94.37
45	86	-79.65
45	87	-87.93
45	88	-85.03
45	89	-87.15
45	90	-90.94
46	1	-92.08
46	2	-83.54
46	5	-73.97
46	7	-79.04
46	8	-91.70
46	16	-73.36
46	17	-94.84
46	18	-92.73
46	19	-90.39
46	20	-88.31
46	21	-91.50
46	23	-80.08
46	25	-84.79
46	27	-83.88
46	28	-81.87
46	29	-88.19
46	30	-92.52
46	34	-93.77
46	35	-85.79
46	36	-92.37
46	39	-76.55
46	44	-92.04
46	47	-90.18
46	49	-90.79
46	54	-93.44
46	57	-88.86
46	60	-90.46
46	72	-94.84
46	74	-79.70
46	76	-93.26
46	78	-91.34
46	79	-77.92
46	80	-63.95
46	83	-73.89
46	84	-90.51
46	87	-94.72
46	90	-92.94
47	1	-81.44
47	2	-85.20
47	3	-93.03
47	5	-87.11
47	7	-89.88
47	8	-90.92
47	11	-90.10
47	12	-93.49
47	14	-94.79
47	16	-92.12
47	17	-94.73
47	18	-82.80
47	19	-81.28
47	20	-88.23
47	21	-83.31
47	22	-93.31
47	25	-87.10
47	26	-90.62
47	27	-82.71
47	28	-90.77
47	29	-78.40
47	30	-68.26
47	31	-83.57
47	32	-92.41
47	33	-94.73
47	34	-78.37
47	35	-79.93
47	36	-92.55
47	39	-91.64
47	40	-92.58
47	43	-92.20
47	44	-90.97
47	45	-93.23
47	46	-90.18
47	49	-75.14
47	53	-92.78
47	54	-88.29
47	57	-65.46
47	58	-93.54
47	59	-88.39
47	60	-62.12
47	62	-93.52
47	63	-86.19
47	64	-87.62
47	68	-92.81
47	70	-86.41
47	72	-90.81
47	73	-90.10
47	74	-87.15
47	76	-88.90
47	78	-85.62
47	79	-84.53
47	80	-88.29
47	83	-93.62
47	84	-87.68
47	86	-86.71
47	87	-76.88
47	88	-87.76
47	90	-68.09
48	3	-89.39
48	9	-92.04
48	11	-85.95
48	12	-92.06
48	13	-89.17
48	15	-88.96
48	22	-93.42
48	26	-81.50
48	30	-93.05
48	31	-86.84
48	32	-75.01
48	33	-82.04
48	34	-92.06
48	37	-93.88
48	38	-85.97
48	40	-92.49
48	41	-87.04
48	43	-90.86
48	45	-80.32
48	51	-86.74
48	52	-86.84
48	55	-77.69
48	58	-92.72
48	59	-94.53
48	60	-94.77
48	61	-93.17
48	62	-68.43
48	63	-92.06
48	64	-94.21
48	66	-94.03
48	70	-87.02
48	71	-90.93
48	73	-91.17
48	77	-94.98
48	81	-84.90
48	82	-94.41
48	86	-87.55
48	87	-90.57
48	88	-83.31
48	89	-81.01
48	90	-92.86
49	1	-66.74
49	2	-81.43
49	4	-91.85
49	5	-86.37
49	7	-92.40
49	8	-94.74
49	11	-93.66
49	16	-91.46
49	18	-70.43
49	19	-67.51
49	20	-92.44
49	21	-71.58
49	22	-91.07
49	25	-91.11
49	26	-93.59
49	27	-78.82
49	28	-93.38
49	29	-67.38
49	30	-80.78
49	31	-86.64
49	32	-94.69
49	33	-94.83
49	34	-86.33
49	35	-86.41
49	39	-90.50
49	40	-90.48
49	42	-92.34
49	43	-90.56
49	44	-94.81
49	46	-90.79
49	47	-75.14
49	54	-81.01
49	56	-92.36
49	57	-80.37
49	58	-91.57
49	59	-93.17
49	60	-79.99
49	62	-94.72
49	63	-83.35
49	64	-83.29
49	70	-86.90
49	72	-94.93
49	73	-94.19
49	74	-84.99
49	76	-82.07
49	78	-91.12
49	79	-83.64
49	80	-89.66
49	83	-93.38
49	84	-92.38
49	86	-91.14
49	87	-83.60
49	88	-89.34
49	90	-78.37
50	3	-86.13
50	6	-70.21
50	8	-90.57
50	9	-86.22
50	10	-79.86
50	11	-90.82
50	12	-82.22
50	13	-87.86
50	14	-73.97
50	15	-88.33
50	17	-88.33
50	20	-93.29
50	24	-64.41
50	26	-93.20
50	32	-94.80
50	34	-93.89
50	36	-90.51
50	37	-77.94
50	38	-90.22
50	44	-90.14
50	45	-92.60
50	51	-94.16
50	53	-81.25
50	55	-93.72
50	59	-87.25
50	61	-78.97
50	65	-61.55
50	66	-81.54
50	67	-82.60
50	68	-81.57
50	69	-90.01
50	71	-83.60
50	72	-85.87
50	73	-86.72
50	75	-83.33
50	77	-76.20
50	78	-91.23
50	82	-78.62
50	84	-91.51
50	85	-83.23
50	86	-92.11
51	3	-87.76
51	9	-82.27
51	11	-88.98
51	12	-89.90
51	13	-79.84
51	14	-94.42
51	15	-78.91
51	26	-88.15
51	31	-94.68
51	32	-86.66
51	33	-94.46
51	37	-88.64
51	38	-77.64
51	41	-83.88
51	45	-84.20
51	48	-86.74
51	50	-94.16
51	52	-83.25
51	55	-80.53
51	61	-88.63
51	62	-90.07
51	65	-93.34
51	66	-86.89
51	71	-86.48
51	73	-91.61
51	77	-89.45
51	81	-67.79
51	82	-88.36
51	86	-91.83
51	88	-93.82
51	89	-82.28
52	3	-94.67
52	9	-92.70
52	11	-94.26
52	13	-91.33
52	15	-90.94
52	26	-92.70
52	32	-90.48
52	33	-92.87
52	38	-89.63
52	41	-38.63
52	45	-90.54
52	48	-86.84
52	51	-83.25
52	55	-87.71
52	62	-90.14
52	71	-94.48
52	81	-77.51
52	89	-71.13
53	3	-84.20
53	6	-82.45
53	7	-92.70
53	8	-81.37
53	9	-90.45
53	10	-81.05
53	11	-87.41
53	12	-79.97
53	13	-90.07
53	14	-68.55
53	15	-90.50
53	17	-81.35
53	20	-85.57
53	24	-80.36
53	25	-88.81
53	26	-90.62
53	28	-92.03
53	30	-91.16
53	31	-93.26
53	32	-93.03
53	34	-87.74
53	35	-89.32
53	36	-82.42
53	37	-84.66
53	38	-91.10
53	44	-80.53
53	45	-91.23
53	47	-92.78
53	50	-81.25
53	55	-93.16
53	57	-91.02
53	59	-74.27
53	60	-90.98
53	61	-83.36
53	65	-78.48
53	66	-88.26
53	67	-87.45
53	68	-40.23
53	69	-86.21
53	71	-85.06
53	72	-67.64
53	73	-80.11
53	75	-79.93
53	77	-85.66
53	78	-81.37
53	82	-86.50
53	84	-82.07
53	85	-86.33
53	86	-87.40
53	87	-91.41
53	90	-92.61
54	1	-74.83
54	2	-83.48
54	4	-86.21
54	5	-89.18
54	16	-92.39
54	18	-73.13
54	19	-75.18
54	21	-70.80
54	22	-90.73
54	27	-83.53
54	29	-80.37
54	30	-90.75
54	31	-92.89
54	34	-93.80
54	35	-93.27
54	39	-91.03
54	40	-90.73
54	42	-89.95
54	43	-91.62
54	46	-93.44
54	47	-88.29
54	49	-81.01
54	56	-89.41
54	57	-90.45
54	58	-91.58
54	60	-90.43
54	63	-86.93
54	64	-84.12
54	70	-91.73
54	74	-86.70
54	76	-50.17
54	79	-87.77
54	80	-93.26
54	83	-94.43
54	87	-91.86
54	88	-94.01
54	90	-89.41
55	3	-82.33
55	9	-85.61
55	11	-79.90
55	12	-86.40
55	13	-80.70
55	14	-92.54
55	15	-80.37
55	26	-76.09
55	30	-92.66
55	31	-88.00
55	32	-71.65
55	33	-89.59
55	34	-90.62
55	37	-88.36
55	38	-74.29
55	41	-88.08
55	43	-94.67
55	45	-65.95
55	48	-77.69
55	50	-93.72
55	51	-80.53
55	52	-87.71
55	53	-93.16
55	59	-91.35
55	60	-94.22
55	61	-87.42
55	62	-82.00
55	63	-94.52
55	65	-92.40
55	66	-88.50
55	68	-93.50
55	70	-90.10
55	71	-83.97
55	72	-94.09
55	73	-86.41
55	77	-89.91
55	78	-94.68
55	81	-81.18
55	82	-89.07
55	86	-84.26
55	87	-90.40
55	88	-86.75
55	89	-83.60
55	90	-92.96
56	1	-90.45
56	4	-75.36
56	18	-89.62
56	19	-92.04
56	21	-90.95
56	22	-76.78
56	29	-93.86
56	31	-93.85
56	33	-91.88
56	40	-79.44
56	42	-54.57
56	43	-82.83
56	49	-92.36
56	54	-89.41
56	58	-78.91
56	63	-85.84
56	64	-82.74
56	70	-90.62
56	76	-90.01
56	88	-93.00
56	90	-94.37
57	1	-85.05
57	2	-85.91
57	3	-92.37
57	5	-86.48
57	7	-87.48
57	8	-88.32
57	11	-89.85
57	12	-92.54
57	14	-93.41
57	16	-91.53
57	17	-92.80
57	18	-86.17
57	19	-84.44
57	20	-84.96
57	21	-86.25
57	23	-94.28
57	25	-83.65
57	26	-90.87
57	27	-83.58
57	28	-88.39
57	29	-81.41
57	30	-71.43
57	31	-85.56
57	32	-92.88
57	34	-77.03
57	35	-73.69
57	36	-90.24
57	39	-91.27
57	40	-94.52
57	43	-94.12
57	44	-88.39
57	45	-93.33
57	46	-88.86
57	47	-65.46
57	49	-80.37
57	53	-91.02
57	54	-90.45
57	59	-86.22
57	60	-58.61
57	62	-94.48
57	63	-89.12
57	64	-90.38
57	68	-91.02
57	70	-88.74
57	71	-94.61
57	72	-88.57
57	73	-88.97
57	74	-87.19
57	76	-90.89
57	78	-81.96
57	79	-84.04
57	80	-86.49
57	83	-92.86
57	84	-84.36
57	86	-86.48
57	87	-79.17
57	88	-89.45
57	90	-74.55
58	1	-90.51
58	4	-86.53
58	18	-89.93
58	19	-92.29
58	21	-91.59
58	22	-52.83
58	26	-94.42
58	29	-93.72
58	30	-93.15
58	31	-89.45
58	32	-93.70
58	33	-84.48
58	34	-94.82
58	40	-54.38
58	42	-76.17
58	43	-64.36
58	47	-93.54
58	48	-92.72
58	49	-91.57
58	54	-91.58
58	56	-78.91
58	60	-94.45
58	62	-89.95
58	63	-80.47
58	64	-80.08
58	70	-84.42
58	76	-92.29
58	86	-94.96
58	87	-91.87
58	88	-87.40
58	90	-91.82
59	3	-82.42
59	6	-88.75
59	7	-91.28
59	8	-81.82
59	9	-91.36
59	10	-87.89
59	11	-83.23
59	12	-80.15
59	13	-90.07
59	14	-80.15
59	15	-90.46
59	17	-85.60
59	20	-83.57
59	24	-87.30
59	25	-86.54
59	26	-87.14
59	27	-94.70
59	28	-90.92
59	29	-93.94
59	30	-85.92
59	31	-89.09
59	32	-90.29
59	34	-80.63
59	35	-85.18
59	36	-84.20
59	37	-87.14
59	38	-90.30
59	44	-81.20
59	45	-88.81
59	47	-88.39
59	48	-94.53
59	49	-93.17
59	50	-87.25
59	53	-74.27
59	55	-91.35
59	57	-86.22
59	60	-85.90
59	61	-85.50
59	62	-94.27
59	65	-84.96
59	66	-90.19
59	67	-92.25
59	68	-74.74
59	69	-89.83
59	70	-92.89
59	71	-85.42
59	72	-70.98
59	73	-74.00
59	75	-86.71
59	77	-88.58
59	78	-74.60
59	79	-94.26
59	80	-93.46
59	82	-88.94
59	84	-78.91
59	85	-91.39
59	86	-81.58
59	87	-86.29
59	88	-91.69
59	90	-87.96
60	1	-84.74
60	2	-87.14
60	3	-91.54
60	5	-88.14
60	7	-89.20
60	8	-89.17
60	11	-88.56
60	12	-91.92
60	14	-93.25
60	16	-92.77
60	17	-93.34
60	18	-85.82
60	19	-84.59
60	20	-86.40
60	21	-86.25
60	22	-94.30
60	25	-85.60
60	26	-89.48
60	27	-84.99
60	28	-89.96
60	29	-82.13
60	30	-63.90
60	31	-83.18
60	32	-91.61
60	33	-94.91
60	34	-73.85
60	35	-77.47
60	36	-91.02
60	39	-92.47
60	40	-93.56
60	43	-93.07
60	44	-89.19
60	45	-92.21
60	46	-90.46
60	47	-62.12
60	48	-94.77
60	49	-79.99
60	53	-90.98
60	54	-90.43
60	55	-94.22
60	57	-58.61
60	58	-94.45
60	59	-85.90
60	61	-94.77
60	62	-93.26
60	63	-87.76
60	64	-89.37
60	68	-91.02
60	70	-86.95
60	71	-93.97
60	72	-88.76
60	73	-88.11
60	74	-88.57
60	76	-90.95
60	78	-82.74
60	79	-85.90
60	80	-88.39
60	83	-94.05
60	84	-85.42
60	86	-84.76
60	87	-75.29
60	88	-87.68
60	90	-69.33
61	3	-75.18
61	6	-85.07
61	8	-92.27
61	9	-76.96
61	10	-88.42
61	11	-84.30
61	12	-70.21
61	13	-77.48
61	14	-78.93
61	15	-78.49
61	17	-91.99
61	20	-94.07
61	24	-82.93
61	26	-87.43
61	30	-94.13
61	31	-93.52
61	32	-89.40
61	34	-91.19
61	36	-92.83
61	37	-57.15
61	38	-81.57
61	44	-91.89
61	45	-85.90
61	48	-93.17
61	50	-78.97
61	51	-88.63
61	53	-83.36
61	55	-87.42
61	59	-85.50
61	60	-94.77
61	62	-94.22
61	65	-75.43
61	66	-71.91
61	67	-90.80
61	68	-84.01
61	69	-94.08
61	71	-65.46
61	72	-87.02
61	73	-80.63
61	75	-89.66
61	77	-68.12
61	78	-90.92
61	81	-91.33
61	82	-67.64
61	84	-92.06
61	85	-90.97
61	86	-87.25
61	87	-93.26
61	88	-94.37
61	89	-94.70
62	3	-90.29
62	9	-93.83
62	11	-86.11
62	12	-92.75
62	13	-91.23
62	15	-91.11
62	22	-90.76
62	26	-81.50
62	30	-91.29
62	31	-83.60
62	32	-76.32
62	33	-76.99
62	34	-90.72
62	37	-94.99
62	38	-88.55
62	40	-89.61
62	41	-90.26
62	42	-94.56
62	43	-87.58
62	45	-82.51
62	47	-93.52
62	48	-68.43
62	49	-94.72
62	51	-90.07
62	52	-90.14
62	55	-82.00
62	57	-94.48
62	58	-89.95
62	59	-94.27
62	60	-93.26
62	61	-94.22
62	63	-89.06
62	64	-91.63
62	70	-82.76
62	71	-92.18
62	73	-91.28
62	81	-88.82
62	86	-86.70
62	87	-88.44
62	88	-78.10
62	89	-85.72
62	90	-90.86
63	1	-82.69
63	2	-92.12
63	4	-88.49
63	5	-94.87
63	11	-92.52
63	18	-82.17
63	19	-85.55
63	21	-85.02
63	22	-79.93
63	26	-91.16
63	27	-91.11
63	29	-87.25
63	30	-85.83
63	31	-82.15
63	32	-91.28
63	33	-87.19
63	34	-88.98
63	35	-93.31
63	40	-77.94
63	42	-85.06
63	43	-77.36
63	45	-93.45
63	47	-86.19
63	48	-92.06
63	49	-83.35
63	54	-86.93
63	55	-94.52
63	56	-85.84
63	57	-89.12
63	58	-80.47
63	60	-87.76
63	62	-89.06
63	64	-66.84
63	70	-75.49
63	73	-94.72
63	74	-94.02
63	76	-87.99
63	79	-93.43
63	86	-90.50
63	87	-84.36
63	88	-82.03
63	90	-83.43
64	1	-81.07
64	2	-91.47
64	4	-85.08
64	5	-94.62
64	11	-94.66
64	18	-79.97
64	19	-84.32
64	21	-83.18
64	22	-78.70
64	26	-93.56
64	27	-90.63
64	29	-86.76
64	30	-88.07
64	31	-86.25
64	32	-93.67
64	33	-89.45
64	34	-91.13
64	35	-94.20
64	40	-77.66
64	42	-82.19
64	43	-78.99
64	47	-87.62
64	48	-94.21
64	49	-83.29
64	54	-84.12
64	56	-82.74
64	57	-90.38
64	58	-80.08
64	60	-89.37
64	62	-91.63
64	63	-66.84
64	70	-81.73
64	74	-93.52
64	76	-85.38
64	79	-93.23
64	86	-92.86
64	87	-87.40
64	88	-86.28
64	90	-85.97
65	3	-83.47
65	6	-75.11
65	8	-89.63
65	9	-85.17
65	10	-81.17
65	11	-88.87
65	12	-78.48
65	13	-86.36
65	14	-68.55
65	15	-86.90
65	17	-87.96
65	20	-92.36
65	24	-70.21
65	25	-94.48
65	26	-91.59
65	32	-93.43
65	34	-92.37
65	35	-94.72
65	36	-89.81
65	37	-75.19
65	38	-88.75
65	44	-89.17
65	45	-91.04
65	50	-61.55
65	51	-93.34
65	53	-78.48
65	55	-92.40
65	59	-84.96
65	61	-75.43
65	66	-80.53
65	67	-84.90
65	68	-79.04
65	69	-90.15
65	71	-80.88
65	72	-83.99
65	73	-84.01
65	75	-83.67
65	77	-74.74
65	78	-89.80
65	82	-77.16
65	84	-90.32
65	85	-85.06
65	86	-90.30
65	87	-94.80
66	3	-82.18
66	6	-86.78
66	9	-68.46
66	10	-90.60
66	11	-88.20
66	12	-80.85
66	13	-76.32
66	14	-84.67
66	15	-77.03
66	17	-94.55
66	24	-85.33
66	26	-90.12
66	32	-91.23
66	34	-94.34
66	37	-66.84
66	38	-81.98
66	44	-94.84
66	45	-88.06
66	48	-94.03
66	50	-81.54
66	51	-86.89
66	53	-88.26
66	55	-88.50
66	59	-90.19
66	61	-71.91
66	65	-80.53
66	67	-91.75
66	68	-88.69
66	71	-75.53
66	72	-91.11
66	73	-86.65
66	75	-92.11
66	77	-64.93
66	78	-94.28
66	81	-90.19
66	82	-58.16
66	85	-92.28
66	86	-90.87
66	89	-94.33
67	3	-94.01
67	6	-74.88
67	8	-91.04
67	9	-94.31
67	10	-73.65
67	12	-91.73
67	14	-85.66
67	17	-86.36
67	20	-94.04
67	24	-78.54
67	36	-90.00
67	37	-90.39
67	44	-90.76
67	50	-82.60
67	53	-87.45
67	59	-92.25
67	61	-90.80
67	65	-84.90
67	66	-91.75
67	68	-87.25
67	69	-85.22
67	71	-92.96
67	72	-89.52
67	73	-93.52
67	75	-79.17
67	77	-89.50
67	78	-93.77
67	82	-90.51
67	84	-93.10
67	85	-60.28
68	3	-84.85
68	6	-82.43
68	7	-92.44
68	8	-80.68
68	9	-90.84
68	10	-80.62
68	11	-87.86
68	12	-80.84
68	13	-90.50
68	14	-69.69
68	15	-90.92
68	17	-80.51
68	20	-85.17
68	24	-80.45
68	25	-88.51
68	26	-90.98
68	28	-91.74
68	30	-91.26
68	31	-93.46
68	32	-93.35
68	34	-87.91
68	35	-89.18
68	36	-81.69
68	37	-85.22
68	38	-91.51
68	44	-79.80
68	45	-91.61
68	47	-92.81
68	50	-81.57
68	53	-40.23
68	55	-93.50
68	57	-91.02
68	59	-74.74
68	60	-91.02
68	61	-84.01
68	65	-79.04
68	66	-88.69
68	67	-87.25
68	69	-85.64
68	71	-85.67
68	72	-66.52
68	73	-80.85
68	75	-79.22
68	77	-86.13
68	78	-81.14
68	82	-86.97
68	84	-81.64
68	85	-86.04
68	86	-87.77
68	87	-91.58
68	90	-92.71
69	6	-87.15
69	7	-90.83
69	8	-81.74
69	10	-80.93
69	12	-93.26
69	14	-87.99
69	17	-70.47
69	20	-86.35
69	24	-87.60
69	25	-88.96
69	28	-89.37
69	35	-92.38
69	36	-78.10
69	37	-94.36
69	44	-81.68
69	50	-90.01
69	53	-86.21
69	59	-89.83
69	61	-94.08
69	65	-90.15
69	67	-85.22
69	68	-85.64
69	72	-85.35
69	73	-93.26
69	75	-75.86
69	77	-94.35
69	78	-88.70
69	80	-94.86
69	84	-86.41
69	85	-82.46
70	1	-87.79
70	2	-94.35
70	3	-92.37
70	4	-93.17
70	11	-87.89
70	12	-94.04
70	18	-87.79
70	19	-89.56
70	21	-89.63
70	22	-84.86
70	26	-85.55
70	27	-93.28
70	29	-90.16
70	30	-83.99
70	31	-72.05
70	32	-85.49
70	33	-83.03
70	34	-85.90
70	35	-92.89
70	38	-93.51
70	40	-82.95
70	42	-89.80
70	43	-80.53
70	45	-88.70
70	47	-86.41
70	48	-87.02
70	49	-86.90
70	54	-91.73
70	55	-90.10
70	56	-90.62
70	57	-88.74
70	58	-84.42
70	59	-92.89
70	60	-86.95
70	62	-82.76
70	63	-75.49
70	64	-81.73
70	71	-94.64
70	73	-91.41
70	76	-92.49
70	78	-93.54
70	79	-94.93
70	86	-85.64
70	87	-80.11
70	88	-67.64
70	89	-94.23
70	90	-82.09
71	3	-68.00
71	6	-88.19
71	8	-92.93
71	9	-76.04
71	10	-90.68
71	11	-80.68
71	12	-68.79
71	13	-72.60
71	14	-82.29
71	15	-74.00
71	17	-93.20
71	20	-94.36
71	24	-86.45
71	26	-84.21
71	30	-93.09
71	31	-91.83
71	32	-86.47
71	34	-90.00
71	36	-93.65
71	37	-70.47
71	38	-76.68
71	41	-94.76
71	44	-92.58
71	45	-81.98
71	48	-90.93
71	50	-83.60
71	51	-86.48
71	52	-94.48
71	53	-85.06
71	55	-83.97
71	57	-94.61
71	59	-85.42
71	60	-93.97
71	61	-65.46
71	62	-92.18
71	65	-80.88
71	66	-75.53
71	67	-92.96
71	68	-85.67
71	70	-94.64
71	72	-87.90
71	73	-78.62
71	75	-91.51
71	77	-75.86
71	78	-90.94
71	81	-89.37
71	82	-74.49
71	84	-92.35
71	85	-93.03
71	86	-84.85
71	87	-91.89
71	88	-92.57
71	89	-92.92
71	90	-93.99
72	3	-86.41
72	6	-86.22
72	7	-90.01
72	8	-75.49
72	9	-92.74
72	10	-83.80
72	11	-88.07
72	12	-83.57
72	13	-92.11
72	14	-78.03
72	15	-92.48
72	17	-79.24
72	20	-80.81
72	24	-84.89
72	25	-85.10
72	26	-91.05
72	28	-89.26
72	30	-89.33
72	31	-92.54
72	32	-93.49
72	34	-85.83
72	35	-85.96
72	36	-78.09
72	37	-88.20
72	38	-92.72
72	44	-74.27
72	45	-92.12
72	46	-94.84
72	47	-90.81
72	49	-94.93
72	50	-85.87
72	53	-67.64
72	55	-94.09
72	57	-88.57
72	59	-70.98
72	60	-88.76
72	61	-87.02
72	65	-83.99
72	66	-91.11
72	67	-89.52
72	68	-66.52
72	69	-85.35
72	71	-87.90
72	73	-81.51
72	75	-81.44
72	77	-89.12
72	78	-75.00
72	79	-94.76
72	80	-93.12
72	82	-89.73
72	84	-75.56
72	85	-88.22
72	86	-87.17
72	87	-90.10
72	88	-94.69
72	90	-91.01
73	3	-71.43
73	6	-89.51
73	7	-94.87
73	8	-88.30
73	9	-87.30
73	10	-90.14
73	11	-74.26
73	12	-71.21
