1	3	-71.79
1	5	-64.56
1	6	-76.78
1	10	-79.44
1	11	-75.53
1	14	-83.31
1	16	-89.72
1	21	-91.01
1	22	-90.45
1	26	-88.03
1	27	-86.65
1	28	-95.00
1	30	-81.82
1	31	-93.70
1	35	-89.48
1	39	-76.09
1	41	-83.62
1	45	-94.27
1	47	-81.62
1	56	-94.92
1	61	-58.61
1	66	-86.95
1	76	-88.35
1	77	-93.74
1	78	-79.80
1	79	-89.82
2	13	-80.86
2	17	-85.45
2	19	-90.48
2	20	-60.28
2	22	-84.81
2	26	-87.61
2	29	-88.30
2	30	-92.42
2	31	-78.97
2	32	-87.80
2	33	-90.51
2	34	-86.52
2	36	-70.92
2	37	-93.14
2	39	-94.19
2	41	-91.64
2	42	-83.75
2	45	-80.15
2	51	-91.36
2	55	-68.87
2	56	-76.38
2	63	-88.90
2	64	-93.22
2	65	-79.70
2	66	-91.02
2	67	-87.58
2	68	-83.25
2	70	-87.18
2	72	-78.62
2	74	-88.54
2	79	-85.66
2	80	-91.55
3	1	-71.79
3	5	-70.43
3	6	-81.73
3	10	-78.20
3	11	-74.86
3	13	-91.96
3	14	-82.94
3	16	-88.98
3	21	-89.35
3	22	-85.98
3	26	-82.51
3	27	-88.28
3	28	-95.00
3	30	-73.40
3	31	-90.29
3	33	-92.95
3	34	-93.76
3	35	-88.47
3	39	-56.73
3	41	-75.89
3	45	-91.12
3	47	-79.93
3	56	-91.84
3	61	-68.87
3	66	-81.82
3	76	-89.89
3	77	-93.19
3	78	-76.54
3	79	-85.12
4	9	-87.57
4	12	-91.84
4	18	-91.08
4	19	-89.13
4	23	-76.28
4	24	-87.62
4	34	-94.84
4	37	-88.11
4	43	-71.13
4	44	-92.16
4	48	-70.47
4	49	-93.91
4	51	-90.00
4	52	-94.62
4	54	-84.09
4	57	-76.24
4	59	-89.59
4	60	-92.75
4	63	-90.24
4	64	-91.27
4	67	-93.05
4	70	-92.52
4	73	-93.70
4	74	-91.89
4	80	-88.16
5	1	-64.56
5	3	-70.43
5	6	-73.13
5	10	-82.64
5	11	-79.66
5	13	-93.97
5	14	-78.91
5	16	-87.04
5	21	-88.57
5	22	-89.90
5	25	-93.87
5	26	-87.26
5	27	-84.14
5	28	-93.32
5	30	-81.92
5	31	-93.31
5	33	-93.86
5	35	-86.72
5	39	-74.49
5	41	-81.37
5	45	-94.07
5	47	-84.29
5	56	-94.60
5	61	-69.52
5	62	-93.67
5	66	-84.58
5	76	-86.21
5	77	-91.77
5	78	-82.33
5	79	-89.26
6	1	-76.78
6	3	-81.73
6	5	-73.13
6	8	-93.20
6	10	-88.09
6	11	-86.08
6	14	-76.55
6	16	-85.23
6	21	-88.30
6	22	-93.47
6	25	-91.76
6	26	-91.43
6	27	-77.09
6	28	-91.04
6	30	-88.08
6	35	-85.33
6	39	-83.56
6	41	-86.71
6	47	-89.31
6	50	-93.85
6	58	-94.00
6	61	-80.21
6	62	-91.28
6	66	-88.11
6	69	-93.78
6	71	-94.93
6	76	-80.06
6	77	-90.11
6	78	-88.15
6	79	-92.99
7	8	-93.95
7	9	-86.35
7	12	-77.29
7	15	-93.19
7	16	-93.81
7	18	-87.71
7	19	-94.85
7	21	-92.81
7	23	-92.64
7	24	-94.52
7	25	-89.83
7	28	-90.63
7	33	-93.68
7	35	-93.91
7	37	-92.38
7	38	-48.57
7	40	-81.86
7	43	-94.41
7	44	-77.51
7	46	-90.84
7	48	-93.92
7	49	-81.01
7	50	-89.71
7	51	-93.47
7	52	-76.02
7	53	-92.54
7	54	-90.49
7	58	-87.28
7	59	-90.71
7	60	-75.49
7	62	-91.02
7	64	-90.98
7	69	-85.50
7	71	-85.04
7	73	-86.50
7	75	-59.54
7	77	-90.16
8	6	-93.20
8	7	-93.95
8	14	-91.51
8	15	-69.52
8	16	-88.57
8	21	-91.38
8	25	-79.61
8	27	-87.62
8	28	-79.17
8	35	-89.45
8	38	-93.35
8	40	-86.90
8	46	-71.81
8	49	-94.81
8	50	-74.83
8	52	-94.16
8	53	-71.81
8	58	-80.91
8	62	-76.88
8	69	-85.83
8	71	-92.29
8	75	-94.52
8	76	-85.88
8	77	-85.71
9	4	-87.57
9	7	-86.35
9	12	-76.17
9	13	-93.99
9	18	-87.17
9	19	-85.15
9	21	-93.03
9	23	-82.74
9	24	-91.00
9	25	-94.99
9	33	-88.38
9	34	-90.07
9	37	-79.68
9	38	-87.09
9	40	-90.98
9	43	-85.76
9	44	-80.59
9	48	-84.23
9	49	-79.24
9	51	-83.29
9	52	-81.17
9	54	-83.36
9	57	-84.99
9	58	-94.16
9	59	-88.45
9	60	-77.31
9	63	-93.38
9	64	-80.51
9	65	-93.06
9	69	-91.72
9	71	-86.11
9	73	-80.50
9	74	-87.21
9	75	-84.01
9	77	-93.49
9	80	-93.22
10	1	-79.44
10	3	-78.20
10	5	-82.64
10	6	-88.09
10	11	-58.93
10	13	-94.74
10	14	-90.49
10	16	-94.48
10	21	-94.74
10	22	-87.84
10	26	-85.89
10	27	-93.31
10	30	-77.22
10	31	-91.14
10	35	-94.16
10	39	-79.07
10	41	-85.22
10	45	-91.21
10	47	-53.97
10	56	-92.38
10	61	-75.76
10	66	-89.00
10	76	-94.43
10	78	-57.15
10	79	-87.19
11	1	-75.53
11	3	-74.86
11	5	-79.66
11	6	-86.08
11	10	-58.93
11	13	-94.60
11	14	-88.94
11	16	-93.38
11	21	-93.80
11	22	-88.09
11	26	-85.85
11	27	-91.96
11	30	-76.78
11	31	-91.54
11	35	-93.06
11	39	-76.62
11	41	-84.12
11	45	-91.78
11	47	-66.45
11	56	-92.82
11	61	-70.47
11	66	-88.11
11	76	-93.18
11	78	-62.82
11	79	-87.41
12	4	-91.84
12	7	-77.29
12	9	-76.17
12	16	-94.88
12	18	-83.99
12	19	-90.94
12	21	-93.16
12	23	-86.95
12	24	-91.17
12	25	-93.04
12	28	-93.60
12	33	-91.42
12	34	-93.54
12	35	-94.78
12	37	-87.48
12	38	-78.86
12	40	-87.43
12	43	-89.51
12	44	-66.45
12	46	-94.89
12	48	-88.70
12	49	-76.99
12	50	-93.67
12	51	-89.39
12	52	-74.60
12	54	-84.62
12	57	-90.97
12	58	-91.55
12	59	-87.02
12	60	-57.79
12	62	-94.10
12	64	-86.64
12	69	-89.20
12	71	-85.07
12	73	-82.89
12	74	-91.94
12	75	-72.95
12	77	-92.22
13	2	-80.86
13	3	-91.96
13	5	-93.97
13	9	-93.99
13	10	-94.74
13	11	-94.60
13	14	-93.14
13	16	-93.13
13	17	-90.69
13	19	-85.46
13	20	-83.73
13	21	-90.29
13	22	-82.42
13	26	-83.73
13	29	-93.14
13	30	-89.78
13	31	-81.74
13	32	-92.07
13	33	-80.70
13	34	-73.51
13	35	-92.44
13	36	-85.05
13	37	-88.20
13	39	-90.73
13	41	-86.41
13	42	-89.03
13	45	-84.76
13	47	-94.66
13	49	-93.53
13	51	-85.42
13	55	-85.90
13	56	-82.79
13	57	-93.52
13	61	-94.55
13	63	-89.73
13	64	-87.01
13	65	-73.06
13	66	-83.84
13	67	-90.45
13	68	-89.99
13	70	-89.60
13	71	-92.38
13	72	-86.14
13	73	-90.42
13	74	-81.14
13	77	-94.74
13	78	-93.67
13	79	-82.95
13	80	-92.02
14	1	-83.31
14	3	-82.94
14	5	-78.91
14	6	-76.55
14	8	-91.51
14	10	-90.49
14	11	-88.94
14	13	-93.14
14	15	-94.10
14	16	-75.14
14	21	-79.99
14	22	-91.80
14	25	-87.77
14	26	-89.59
14	27	-75.61
14	28	-86.97
14	30	-87.93
14	31	-94.66
14	33	-90.78
14	34	-93.16
14	35	-74.74
14	39	-83.48
14	40	-92.06
14	41	-83.51
14	46	-92.89
14	47	-91.36
14	49	-94.17
14	50	-90.96
14	52	-94.87
14	53	-94.29
14	58	-90.52
14	61	-84.85
14	62	-87.62
14	64	-94.51
14	66	-83.14
14	69	-89.54
14	71	-90.36
14	73	-92.81
14	76	-78.91
14	77	-84.28
14	78	-90.00
14	79	-91.32
15	7	-93.19
15	8	-69.52
15	14	-94.10
15	16	-91.28
15	21	-93.34
15	25	-82.69
15	27	-91.14
15	28	-82.88
15	35	-91.99
15	38	-92.54
15	40	-86.94
15	46	-67.73
15	50	-76.35
15	52	-94.16
15	53	-50.17
15	58	-81.86
15	62	-81.25
15	69	-86.89
15	71	-93.09
15	75	-93.98
15	76	-89.83
15	77	-88.17
16	1	-89.72
16	3	-88.98
16	5	-87.04
16	6	-85.23
16	7	-93.81
16	8	-88.57
16	10	-94.48
16	11	-93.38
16	12	-94.88
16	13	-93.13
16	14	-75.14
16	15	-91.28
16	21	-70.47
16	22	-93.74
16	25	-81.28
16	26	-92.06
16	27	-79.46
16	28	-80.32
16	30	-91.87
16	33	-88.70
16	34	-92.07
16	35	-49.41
16	37	-94.70
16	38	-93.44
16	39	-89.00
16	40	-86.84
16	41	-87.53
16	46	-89.26
16	49	-90.27
16	50	-86.36
16	51	-94.04
16	52	-90.95
16	53	-91.34
16	58	-85.07
16	60	-93.78
16	61	-90.65
16	62	-81.75
16	64	-92.03
16	66	-85.54
16	69	-83.06
16	71	-84.94
16	73	-89.05
16	74	-93.97
16	75	-93.50
16	76	-80.45
16	77	-73.69
16	78	-93.99
16	79	-93.41
17	2	-85.45
17	13	-90.69
17	19	-90.70
17	20	-85.72
17	22	-94.99
17	29	-66.95
17	31	-92.51
17	32	-60.94
17	33	-94.74
17	34	-91.64
17	36	-79.22
17	37	-93.45
17	42	-59.54
17	45	-92.83
17	51	-92.44
17	55	-85.66
17	56	-91.47
17	57	-92.71
17	63	-80.06
17	64	-94.88
17	65	-86.50
17	67	-71.07
17	68	-61.55
17	70	-73.65
17	72	-72.48
17	74	-90.75
17	80	-83.29
18	4	-91.08
18	7	-87.71
18	9	-87.17
18	12	-83.99
18	23	-84.92
18	24	-81.32
18	37	-93.59
18	38	-88.58
18	40	-94.90
18	43	-87.09
18	44	-79.75
18	48	-87.27
18	49	-90.84
18	52	-89.83
18	54	-77.45
18	57	-92.99
18	59	-67.54
18	60	-86.02
18	64	-94.14
18	71	-94.47
18	73	-93.13
18	75	-87.16
19	2	-90.48
19	4	-89.13
19	7	-94.85
19	9	-85.15
19	12	-90.94
19	13	-85.46
19	17	-90.70
19	20	-92.06
19	21	-92.67
19	22	-93.93
19	23	-89.93
19	26	-94.31
19	29	-92.99
19	31	-93.44
19	32	-91.14
19	33	-81.96
19	34	-78.93
19	35	-94.96
19	36	-90.40
19	37	-68.87
19	41	-94.66
19	42	-89.17
19	43	-90.66
19	44	-92.94
19	45	-94.73
19	48	-89.42
19	49	-88.66
19	51	-62.82
19	52	-90.82
19	54	-92.49
19	55	-93.14
19	56	-93.59
19	57	-81.86
19	60	-90.83
19	63	-83.83
19	64	-75.94
19	65	-81.51
19	66	-92.50
19	67	-87.78
19	68	-91.31
19	70	-86.41
19	71	-90.12
19	72	-88.52
19	73	-85.25
19	74	-66.95
19	75	-93.59
19	79	-94.14
19	80	-85.30
20	2	-60.28
20	13	-83.73
20	17	-85.72
20	19	-92.06
20	22	-85.50
20	26	-88.35
20	29	-88.19
20	30	-92.78
20	31	-79.34
20	32	-88.06
20	33	-92.11
20	34	-88.64
20	36	-71.41
20	37	-94.48
20	39	-94.69
20	41	-92.44
20	42	-84.40
20	45	-79.46
20	51	-92.89
20	55	-57.79
20	56	-75.94
20	63	-90.02
20	64	-94.59
20	65	-82.95
20	66	-92.10
20	67	-88.38
20	68	-83.23
20	70	-88.17
20	72	-79.86
20	74	-90.39
20	79	-86.33
20	80	-92.46
21	1	-91.01
21	3	-89.35
21	5	-88.57
21	6	-88.30
21	7	-92.81
21	8	-91.38
21	9	-93.03
21	10	-94.74
21	11	-93.80
21	12	-93.16
21	13	-90.29
21	14	-79.99
21	15	-93.34
21	16	-70.47
21	19	-92.67
21	22	-92.14
21	25	-84.27
21	26	-90.54
21	27	-85.34
21	28	-83.93
21	30	-91.36
21	31	-94.36
21	33	-84.01
21	34	-88.59
21	35	-67.54
21	37	-91.87
21	38	-92.52
21	39	-88.97
21	40	-86.70
21	41	-86.17
21	46	-91.27
21	49	-87.60
21	50	-88.59
21	51	-91.00
21	52	-88.90
21	53	-93.28
21	58	-86.64
21	60	-91.98
21	61	-91.58
21	62	-85.29
21	64	-88.57
21	65	-93.08
21	66	-82.74
21	69	-83.26
21	71	-81.18
21	73	-85.30
21	74	-90.89
21	75	-92.21
21	76	-86.19
21	77	-76.57
21	78	-94.09
21	79	-91.85
22	1	-90.45
22	2	-84.81
22	3	-85.98
22	5	-89.90
22	6	-93.47
22	10	-87.84
22	11	-88.09
22	13	-82.42
22	14	-91.80
22	16	-93.74
22	17	-94.99
22	19	-93.93
22	20	-85.50
22	21	-92.14
22	26	-64.56
22	30	-79.70
22	31	-71.07
22	33	-89.63
22	34	-88.08
22	35	-93.12
22	36	-89.42
22	39	-84.04
22	41	-80.08
22	42	-94.01
22	45	-75.11
22	47	-87.42
22	51	-93.75
22	55	-86.79
22	56	-76.34
22	61	-89.31
22	64	-94.20
22	65	-87.71
22	66	-81.87
22	68	-93.98
22	72	-91.72
22	74	-91.64
22	78	-86.06
22	79	-45.20
23	4	-76.28
23	7	-92.64
23	9	-82.74
23	12	-86.95
23	18	-84.92
23	19	-89.93
23	24	-82.63
23	33	-94.81
23	37	-87.60
23	38	-93.26
23	43	-63.58
23	44	-86.82
23	48	-60.53
23	49	-90.89
23	51	-89.96
23	52	-91.32
23	54	-72.07
23	57	-81.92
23	59	-83.17
23	60	-88.44
23	63	-93.50
23	64	-90.11
23	71	-94.45
23	73	-91.51
23	74	-92.35
23	75	-91.47
23	80	-92.32
24	4	-87.62
24	7	-94.52
24	9	-91.00
24	12	-91.17
24	18	-81.32
24	23	-82.63
24	43	-82.70
24	44	-89.51
24	48	-84.19
24	54	-78.32
24	57	-91.99
24	59	-74.44
24	60	-92.50
24	75	-93.95
25	5	-93.87
25	6	-91.76
25	7	-89.83
25	8	-79.61
25	9	-94.99
25	12	-93.04
25	14	-87.77
25	15	-82.69
25	16	-81.28
25	21	-84.27
25	27	-85.89
25	28	-49.41
25	33	-92.97
25	35	-82.46
25	38	-89.12
25	40	-77.64
25	41	-94.65
25	44	-94.32
25	46	-77.64
25	49	-89.18
25	50	-69.38
25	52	-88.63
25	53	-82.41
25	58	-66.41
25	60	-91.78
25	62	-56.59
25	64	-93.95
25	66	-93.26
25	69	-72.40
25	71	-84.76
25	73	-90.01
25	75	-90.11
25	76	-84.86
25	77	-71.81
26	1	-88.03
26	2	-87.61
26	3	-82.51
26	5	-87.26
26	6	-91.43
26	10	-85.89
26	11	-85.85
26	13	-83.73
26	14	-89.59
26	16	-92.06
26	19	-94.31
26	20	-88.35
26	21	-90.54
26	22	-64.56
26	27	-94.06
26	30	-75.01
26	31	-78.09
26	33	-89.19
26	34	-88.39
26	35	-91.39
26	36	-91.48
26	39	-79.95
26	41	-74.37
26	45	-80.63
26	47	-85.66
26	51	-93.93
26	55	-89.48
26	56	-81.55
26	61	-86.78
26	64	-94.07
26	65	-89.05
26	66	-78.10
26	72	-93.35
26	74	-92.02
26	78	-83.82
26	79	-60.53
27	1	-86.65
27	3	-88.28
27	5	-84.14
27	6	-77.09
27	8	-87.62
27	10	-93.31
27	11	-91.96
27	14	-75.61
27	15	-91.14
27	16	-79.46
27	21	-85.34
27	25	-85.89
27	26	-94.06
27	28	-84.74
27	30	-92.36
27	33	-94.39
27	35	-80.50
27	39	-89.07
27	40	-91.86
27	41	-89.89
27	46	-90.34
27	47	-94.14
27	50	-88.65
27	53	-91.54
27	58	-89.16
27	61	-88.36
27	62	-84.92
27	66	-89.80
27	69	-89.45
27	71	-92.19
27	73	-94.96
27	76	-57.79
27	77	-84.66
27	78	-93.19
28	1	-95.00
28	3	-95.00
28	5	-93.32
28	6	-91.04
28	7	-90.63
28	8	-79.17
28	12	-93.60
28	14	-86.97
28	15	-82.88
28	16	-80.32
28	21	-83.93
28	25	-49.41
28	27	-84.74
28	33	-93.03
28	35	-81.66
28	38	-89.96
28	40	-79.44
28	41	-94.30
28	44	-94.87
28	46	-78.35
28	49	-89.79
28	50	-71.07
28	52	-89.36
28	53	-82.74
28	58	-70.14
28	60	-92.39
28	62	-51.76
28	64	-94.20
28	66	-92.96
28	69	-74.55
28	71	-85.37
28	73	-90.42
28	75	-90.87
28	76	-83.60
28	77	-71.49
29	2	-88.30
29	13	-93.14
29	17	-66.95
29	19	-92.99
29	20	-88.19
29	31	-94.27
29	32	-63.58
29	34	-93.99
29	36	-83.25
29	42	-73.65
29	45	-94.41
29	51	-94.53
29	55	-87.81
29	56	-93.26
29	57	-94.12
29	63	-83.53
29	65	-89.76
29	67	-76.69
29	68	-70.92
29	70	-79.07
29	72	-79.56
29	74	-93.17
29	80	-85.34
30	1	-81.82
30	2	-92.42
30	3	-73.40
30	5	-81.92
30	6	-88.08
30	10	-77.22
30	11	-76.78
30	13	-89.78
30	14	-87.93
30	16	-91.87
30	20	-92.78
30	21	-91.36
30	22	-79.70
30	26	-75.01
30	27	-92.36
30	31	-85.70
30	33	-92.59
30	34	-92.63
30	35	-91.32
30	39	-69.71
30	41	-74.88
30	45	-86.51
30	47	-77.36
30	55	-93.49
30	56	-87.71
30	61	-79.31
30	65	-93.56
30	66	-81.68
30	76	-93.59
30	78	-73.30
30	79	-78.40
31	1	-93.70
31	2	-78.97
31	3	-90.29
31	5	-93.31
31	10	-91.14
31	11	-91.54
31	13	-81.74
31	14	-94.66
31	17	-92.51
31	19	-93.44
31	20	-79.34
31	21	-94.36
31	22	-71.07
31	26	-78.09
31	29	-94.27
31	30	-85.70
31	32	-93.99
31	33	-90.64
31	34	-88.13
31	36	-85.37
31	39	-88.90
31	41	-86.04
31	42	-91.47
31	45	-61.70
31	47	-90.64
31	51	-93.60
31	55	-81.06
31	56	-59.54
31	61	-92.76
31	63	-94.22
31	64	-94.52
31	65	-85.82
31	66	-86.61
31	67	-93.70
31	68	-91.17
31	70	-93.35
31	72	-88.69
31	74	-91.27
31	78	-89.79
31	79	-73.23
32	2	-87.80
32	13	-92.07
32	17	-60.94
32	19	-91.14
32	20	-88.06
32	29	-63.58
32	31	-93.99
32	34	-92.64
32	36	-82.74
32	37	-93.73
32	42	-68.55
32	45	-94.30
32	51	-92.90
32	55	-88.00
32	56	-93.07
32	57	-92.32
32	63	-79.44
32	65	-88.11
32	67	-69.38
32	68	-70.80
32	70	-73.23
32	72	-77.44
32	74	-91.49
32	80	-81.92
33	2	-90.51
33	3	-92.95
33	5	-93.86
33	7	-93.68
33	9	-88.38
33	12	-91.42
33	13	-80.70
33	14	-90.78
33	16	-88.70
33	17	-94.74
33	19	-81.96
33	20	-92.11
33	21	-84.01
33	22	-89.63
33	23	-94.81
33	25	-92.97
33	26	-89.19
33	27	-94.39
33	28	-93.03
33	30	-92.59
33	31	-90.64
33	34	-71.52
33	35	-87.87
33	36	-92.21
33	37	-82.13
33	38	-93.72
33	39	-92.07
33	40	-91.92
33	41	-88.13
33	42	-93.45
33	44	-93.72
33	45	-92.42
33	48	-94.88
33	49	-86.13
33	51	-78.91
33	52	-88.75
33	55	-93.36
33	56	-91.50
33	57	-91.45
33	58	-93.53
33	60	-90.60
33	62	-93.81
33	63	-91.78
33	64	-76.60
33	65	-83.40
33	66	-84.18
33	67	-93.53
33	68	-94.66
33	69	-90.69
33	70	-92.66
33	71	-84.16
33	72	-91.99
33	73	-80.47
33	74	-77.17
33	75	-92.54
33	76	-94.98
33	77	-89.46
33	79	-89.66
33	80	-93.19
34	2	-86.52
34	3	-93.76
34	4	-94.84
34	9	-90.07
34	12	-93.54
34	13	-73.51
34	14	-93.16
34	16	-92.07
34	17	-91.64
34	19	-78.93
34	20	-88.64
34	21	-88.59
34	22	-88.08
34	26	-88.39
34	29	-93.99
34	30	-92.63
34	31	-88.13
34	32	-92.64
34	33	-71.52
34	35	-91.38
34	36	-88.41
34	37	-82.13
34	39	-92.78
34	40	-94.96
34	41	-88.93
34	42	-90.03
34	45	-90.15
34	48	-94.86
34	49	-89.79
34	51	-77.73
34	52	-91.92
34	55	-90.19
34	56	-88.81
34	57	-90.40
34	60	-93.03
34	63	-88.55
34	64	-79.93
34	65	-75.18
34	66	-85.76
34	67	-90.37
34	68	-91.49
34	69	-94.03
34	70	-89.32
34	71	-88.98
34	72	-88.06
34	73	-85.64
34	74	-70.80
34	75	-94.96
34	77	-93.01
34	79	-88.31
34	80	-90.60
35	1	-89.48
35	3	-88.47
35	5	-86.72
35	6	-85.33
35	7	-93.91
35	8	-89.45
35	10	-94.16
35	11	-93.06
35	12	-94.78
35	13	-92.44
35	14	-74.74
35	15	-91.99
35	16	-49.41
35	19	-94.96
35	21	-67.54
35	22	-93.12
35	25	-82.46
35	26	-91.39
35	27	-80.50
35	28	-81.66
35	30	-91.32
35	33	-87.87
35	34	-91.38
35	37	-94.27
35	38	-93.56
35	39	-88.41
35	40	-87.25
35	41	-86.66
35	46	-90.01
35	47	-94.76
35	49	-90.07
35	50	-87.24
35	51	-93.54
35	52	-90.87
35	53	-92.03
35	58	-85.87
35	60	-93.69
35	61	-90.35
35	62	-83.02
35	64	-91.52
35	66	-84.40
35	69	-83.62
35	71	-84.66
35	73	-88.63
35	74	-93.42
35	75	-93.53
35	76	-81.64
35	77	-75.01
35	78	-93.62
35	79	-92.78
36	2	-70.92
36	13	-85.05
36	17	-79.22
36	19	-90.40
36	20	-71.41
36	22	-89.42
36	26	-91.48
36	29	-83.25
36	31	-85.37
36	32	-82.74
36	33	-92.21
36	34	-88.41
36	37	-93.24
36	41	-94.55
36	42	-76.99
36	45	-85.83
36	51	-91.69
36	55	-72.48
36	56	-83.54
36	57	-94.69
36	63	-85.97
36	64	-93.87
36	65	-81.35
36	66	-93.87
36	67	-83.25
36	68	-75.40
36	70	-83.11
36	72	-68.68
36	74	-89.15
36	79	-90.04
36	80	-89.06
37	2	-93.14
37	4	-88.11
37	7	-92.38
37	9	-79.68
37	12	-87.48
37	13	-88.20
37	16	-94.70
37	17	-93.45
37	18	-93.59
37	19	-68.87
37	20	-94.48
37	21	-91.87
37	23	-87.60
37	32	-93.73
37	33	-82.13
37	34	-82.13
37	35	-94.27
37	36	-93.24
37	38	-92.72
37	40	-93.73
37	42	-92.23
37	43	-88.90
37	44	-89.99
37	48	-87.45
37	49	-85.02
37	51	-63.30
37	52	-87.63
37	54	-90.08
37	57	-81.32
37	59	-94.04
37	60	-87.38
37	63	-87.60
37	64	-69.33
37	65	-86.02
37	66	-93.09
37	67	-90.92
37	68	-94.00
37	69	-93.59
37	70	-89.85
37	71	-87.69
37	72	-91.76
37	73	-81.33
37	74	-75.00
37	75	-90.87
37	77	-94.05
37	80	-88.21
38	7	-48.57
38	8	-93.35
38	9	-87.09
38	12	-78.86
38	15	-92.54
38	16	-93.44
38	18	-88.58
38	21	-92.52
38	23	-93.26
38	25	-89.12
38	28	-89.96
38	33	-93.72
38	35	-93.56
38	37	-92.72
38	40	-80.62
38	43	-94.96
38	44	-79.29
38	46	-90.08
38	48	-94.47
38	49	-81.31
38	50	-88.91
38	51	-93.73
38	52	-76.40
38	53	-91.85
38	54	-91.23
38	58	-86.37
38	59	-91.43
38	60	-76.99
38	62	-90.35
38	64	-91.24
38	69	-84.64
38	71	-84.77
38	73	-86.66
38	75	-63.58
38	77	-89.61
39	1	-76.09
39	2	-94.19
39	3	-56.73
39	5	-74.49
39	6	-83.56
39	10	-79.07
39	11	-76.62
39	13	-90.73
39	14	-83.48
39	16	-89.00
39	20	-94.69
39	21	-88.97
39	22	-84.04
39	26	-79.95
39	27	-89.07
39	30	-69.71
39	31	-88.90
39	33	-92.07
39	34	-92.78
39	35	-88.41
39	41	-72.07
39	45	-89.86
39	47	-80.36
39	56	-90.60
39	61	-73.76
39	65	-94.39
39	66	-79.75
39	76	-90.60
39	77	-93.16
39	78	-76.85
39	79	-83.06
40	7	-81.86
40	8	-86.90
40	9	-90.98
40	12	-87.43
40	14	-92.06
40	15	-86.94
40	16	-86.84
40	18	-94.90
40	21	-86.70
40	25	-77.64
40	27	-91.86
40	28	-79.44
40	33	-91.92
40	34	-94.96
40	35	-87.25
40	37	-93.73
40	38	-80.62
40	44	-89.05
40	46	-82.61
40	49	-83.06
40	50	-78.84
40	51	-94.06
40	52	-81.01
40	53	-86.17
40	58	-71.70
40	60	-85.61
40	62	-80.36
40	64	-91.39
40	66	-94.70
40	69	-65.91
40	71	-79.65
40	73	-86.04
40	75	-82.39
40	76	-91.39
40	77	-79.61
41	1	-83.62
41	2	-91.64
41	3	-75.89
41	5	-81.37
41	6	-86.71
41	10	-85.22
41	11	-84.12
41	13	-86.41
41	14	-83.51
41	16	-87.53
41	19	-94.66
41	20	-92.44
41	21	-86.17
41	22	-80.08
41	25	-94.65
41	26	-74.37
41	27	-89.89
41	28	-94.30
41	30	-74.88
41	31	-86.04
41	33	-88.13
41	34	-88.93
41	35	-86.66
41	36	-94.55
41	39	-72.07
41	45	-87.74
41	47	-85.71
41	51	-93.91
41	55	-93.41
41	56	-88.13
41	61	-82.74
41	62	-94.86
41	64	-93.42
41	65	-91.17
41	66	-68.09
41	69	-94.70
41	71	-93.06
41	73	-93.56
41	74	-92.45
41	76	-91.27
41	77	-91.73
41	78	-83.40
41	79	-78.94
42	2	-83.75
42	13	-89.03
42	17	-59.54
42	19	-89.17
42	20	-84.40
42	22	-94.01
42	29	-73.65
42	31	-91.47
42	32	-68.55
42	33	-93.45
42	34	-90.03
42	36	-76.99
42	37	-92.23
42	45	-91.95
42	51	-91.05
42	55	-84.66
42	56	-90.45
42	57	-91.88
42	63	-78.18
42	64	-93.69
42	65	-84.14
42	67	-69.47
42	68	-64.31
42	70	-70.88
42	72	-66.67
42	74	-89.09
42	79	-94.44
42	80	-82.45
43	4	-71.13
43	7	-94.41
43	9	-85.76
43	12	-89.51
43	18	-87.09
43	19	-90.66
43	23	-63.58
43	24	-82.70
43	37	-88.90
43	38	-94.96
43	44	-89.37
43	48	-55.31
43	49	-92.75
43	51	-90.97
43	52	-93.20
43	54	-76.99
43	57	-81.51
43	59	-84.96
43	60	-90.76
43	63	-93.14
43	64	-91.49
43	73	-93.12
43	74	-93.07
43	75	-93.38
43	80	-91.68
44	4	-92.16
44	7	-77.51
44	9	-80.59
44	12	-66.45
44	18	-79.75
44	19	-92.94
44	23	-86.82
44	24	-89.51
44	25	-94.32
44	28	-94.87
44	33	-93.72
44	37	-89.99
44	38	-79.29
44	40	-89.05
44	43	-89.37
44	48	-88.80
44	49	-82.41
44	50	-94.60
44	51	-91.73
44	52	-80.11
44	54	-83.06
44	57	-92.10
44	58	-92.75
44	59	-84.16
44	60	-71.63
44	64	-89.62
44	69	-90.97
44	71	-88.22
44	73	-86.84
44	74	-93.98
44	75	-75.01
44	77	-93.91
45	1	-94.27
45	2	-80.15
45	3	-91.12
45	5	-94.07
45	10	-91.21
45	11	-91.78
45	13	-84.76
45	17	-92.83
45	19	-94.73
45	20	-79.46
45	22	-75.11
45	26	-80.63
45	29	-94.41
45	30	-86.51
45	31	-61.70
45	32	-94.30
45	33	-92.42
45	34	-90.15
45	36	-85.83
45	39	-89.86
45	41	-87.74
45	42	-91.95
45	47	-90.59
45	51	-94.95
45	55	-80.45
45	56	-59.54
45	61	-93.29
45	63	-94.99
45	65	-87.76
45	66	-88.61
45	67	-94.27
45	68	-91.40
45	70	-94.01
45	72	-89.32
45	74	-92.82
45	78	-89.93
45	79	-76.60
46	7	-90.84
46	8	-71.81
46	12	-94.89
46	14	-92.89
46	15	-67.73
46	16	-89.26
46	21	-91.27
46	25	-77.64
46	27	-90.34
46	28	-78.35
46	35	-90.01
46	38	-90.08
46	40	-82.61
46	49	-92.75
46	50	-66.11
46	52	-91.72
46	53	-65.24
46	58	-75.29
46	60	-93.91
46	62	-76.40
46	69	-82.61
46	71	-90.45
46	73	-94.10
46	75	-91.68
46	76	-89.11
46	77	-84.94
47	1	-81.62
47	3	-79.93
47	5	-84.29
47	6	-89.31
47	10	-53.97
47	11	-66.45
47	13	-94.66
47	14	-91.36
47	22	-87.42
47	26	-85.66
47	27	-94.14
47	30	-77.36
47	31	-90.64
47	35	-94.76
47	39	-80.36
47	41	-85.71
47	45	-90.59
47	56	-91.86
47	61	-78.49
47	66	-89.39
47	78	-58.61
47	79	-86.78
48	4	-70.47
48	7	-93.92
48	9	-84.23
48	12	-88.70
48	18	-87.27
48	19	-89.42
48	23	-60.53
48	24	-84.19
48	33	-94.88
48	34	-94.86
48	37	-87.45
48	38	-94.47
48	43	-55.31
48	44	-88.80
48	49	-91.86
48	51	-89.73
48	52	-92.43
48	54	-77.22
48	57	-79.53
48	59	-85.57
48	60	-89.95
48	63	-92.40
48	64	-90.30
48	67	-94.98
48	70	-94.44
48	73	-92.14
48	74	-92.02
48	75	-92.80
48	80	-90.98
49	4	-93.91
49	7	-81.01
49	8	-94.81
49	9	-79.24
49	12	-76.99
49	13	-93.53
49	14	-94.17
49	16	-90.27
49	18	-90.84
49	19	-88.66
49	21	-87.60
49	23	-90.89
49	25	-89.18
49	28	-89.79
49	33	-86.13
49	34	-89.79
49	35	-90.07
49	37	-85.02
49	38	-81.31
49	40	-83.06
49	43	-92.75
49	44	-82.41
49	46	-92.75
49	48	-91.86
49	50	-90.84
49	51	-86.25
49	52	-63.58
49	53	-94.63
49	54	-90.37
49	57	-91.71
49	58	-88.03
49	59	-92.67
49	60	-73.30
49	62	-90.59
49	64	-81.50
49	65	-93.85
49	66	-93.52
49	69	-83.96
49	71	-73.53
49	73	-70.14
49	74	-88.79
49	75	-77.92
49	77	-87.06
50	6	-93.85
50	7	-89.71
50	8	-74.83
50	12	-93.67
50	14	-90.96
50	15	-76.35
50	16	-86.36
50	21	-88.59
50	25	-69.38
50	27	-88.65
50	28	-71.07
50	35	-87.24
50	38	-88.91
50	40	-78.84
50	44	-94.60
50	46	-66.11
50	49	-90.84
50	52	-89.88
50	53	-75.49
50	58	-66.11
50	60	-92.54
50	62	-68.46
50	69	-77.64
50	71	-87.79
50	73	-92.14
50	75	-90.38
50	76	-87.47
50	77	-80.50
51	2	-91.36
51	4	-90.00
51	7	-93.47
51	9	-83.29
51	12	-89.39
51	13	-85.42
51	16	-94.04
51	17	-92.44
51	19	-62.82
51	20	-92.89
51	21	-91.00
51	22	-93.75
51	23	-89.96
51	26	-93.93
51	29	-94.53
51	31	-93.60
51	32	-92.90
51	33	-78.91
51	34	-77.73
51	35	-93.54
51	36	-91.69
51	37	-63.30
51	38	-93.73
51	40	-94.06
51	41	-93.91
51	42	-91.05
51	43	-90.97
51	44	-91.73
51	45	-94.95
51	48	-89.73
51	49	-86.25
51	52	-88.82
51	54	-92.14
51	55	-93.97
51	56	-93.90
51	57	-83.72
51	60	-89.11
51	63	-86.80
51	64	-68.68
51	65	-82.97
51	66	-91.51
51	67	-90.03
51	68	-92.88
51	69	-93.69
51	70	-88.86
51	71	-87.81
51	72	-90.26
51	73	-81.93
51	74	-66.84
51	75	-92.09
51	77	-93.76
51	79	-93.91
51	80	-87.99
52	4	-94.62
52	7	-76.02
52	8	-94.16
52	9	-81.17
52	12	-74.60
52	14	-94.87
52	15	-94.16
52	16	-90.95
52	18	-89.83
52	19	-90.82
52	21	-88.90
52	23	-91.32
52	25	-88.63
52	28	-89.36
52	33	-88.75
52	34	-91.92
52	35	-90.87
52	37	-87.63
52	38	-76.40
52	40	-81.01
52	43	-93.20
52	44	-80.11
52	46	-91.72
52	48	-92.43
52	49	-63.58
52	50	-89.88
52	51	-88.82
52	53	-93.66
52	54	-90.24
52	57	-92.96
52	58	-86.93
52	59	-92.03
52	60	-69.30
52	62	-90.08
52	64	-85.05
52	66	-94.84
52	69	-83.06
52	71	-76.35
52	73	-77.09
52	74	-91.04
52	75	-71.70
52	77	-87.26
53	7	-92.54
53	8	-71.81
53	14	-94.29
53	15	-50.17
53	16	-91.34
53	21	-93.28
53	25	-82.41
53	27	-91.54
53	28	-82.74
53	35	-92.03
53	38	-91.85
53	40	-86.17
53	46	-65.24
53	49	-94.63
53	50	-75.49
53	52	-93.66
53	58	-81.06
53	62	-81.17
53	69	-86.34
53	71	-92.72
53	75	-93.39
53	76	-90.30
53	77	-88.00
54	4	-84.09
54	7	-90.49
54	9	-83.36
54	12	-84.62
54	18	-77.45
54	19	-92.49
54	23	-72.07
54	24	-78.32
54	37	-90.08
54	38	-91.23
54	43	-76.99
54	44	-83.06
54	48	-77.22
54	49	-90.37
54	51	-92.14
54	52	-90.24
54	57	-87.47
54	59	-74.83
54	60	-86.61
54	64	-91.61
54	71	-94.21
54	73	-91.83
54	74	-94.35
54	75	-89.39
55	2	-68.87
55	13	-85.90
55	17	-85.66
55	19	-93.14
55	20	-57.79
55	22	-86.79
55	26	-89.48
55	29	-87.81
55	30	-93.49
55	31	-81.06
55	32	-88.00
55	33	-93.36
55	34	-90.19
55	36	-72.48
55	41	-93.41
55	42	-84.66
55	45	-80.45
55	51	-93.97
55	56	-77.72
55	63	-90.66
55	65	-85.05
55	66	-93.21
55	67	-88.76
55	68	-82.94
55	70	-88.69
55	72	-80.63
55	74	-91.68
55	79	-87.55
55	80	-92.97
56	1	-94.92
56	2	-76.38
56	3	-91.84
56	5	-94.60
56	10	-92.38
56	11	-92.82
56	13	-82.79
56	17	-91.47
56	19	-93.59
56	20	-75.94
56	22	-76.34
56	26	-81.55
56	29	-93.26
56	30	-87.71
56	31	-59.54
56	32	-93.07
56	33	-91.50
56	34	-88.81
56	36	-83.54
56	39	-90.60
56	41	-88.13
56	42	-90.45
56	45	-59.54
56	47	-91.86
56	51	-93.90
56	55	-77.72
56	61	-94.04
56	63	-93.73
56	64	-94.98
56	65	-85.74
56	66	-88.52
56	67	-92.97
56	68	-89.93
56	70	-92.66
56	72	-87.47
56	74	-91.57
56	78	-91.17
56	79	-77.86
57	4	-76.24
57	9	-84.99
57	12	-90.97
57	13	-93.52
57	17	-92.71
57	18	-92.99
57	19	-81.86
57	23	-81.92
57	24	-91.99
57	29	-94.12
57	32	-92.32
57	33	-91.45
57	34	-90.40
57	36	-94.69
57	37	-81.32
57	42	-91.88
57	43	-81.51
57	44	-92.10
57	48	-79.53
57	49	-91.71
57	51	-83.72
57	52	-92.96
57	54	-87.47
57	59	-92.42
57	60	-91.58
57	63	-85.05
57	64	-86.42
57	65	-90.66
57	67	-89.21
57	68	-93.83
57	70	-88.30
57	71	-94.27
57	72	-92.56
57	73	-90.60
57	74	-86.19
57	75	-94.42
57	80	-83.14
58	6	-94.00
58	7	-87.28
58	8	-80.91
58	9	-94.16
58	12	-91.55
58	14	-90.52
58	15	-81.86
58	16	-85.07
58	21	-86.64
58	25	-66.41
58	27	-89.16
58	28	-70.14
58	33	-93.53
58	35	-85.87
58	38	-86.37
58	40	-71.70
58	44	-92.75
58	46	-75.29
58	49	-88.03
58	50	-66.11
58	52	-86.93
58	53	-81.06
58	60	-90.21
58	62	-70.47
58	64	-93.86
58	66	-94.73
58	69	-69.47
58	71	-84.34
58	73	-89.63
58	75	-87.87
58	76	-88.31
58	77	-77.09
59	4	-89.59
59	7	-90.71
59	9	-88.45
59	12	-87.02
59	18	-67.54
59	23	-83.17
59	24	-74.44
59	37	-94.04
59	38	-91.43
59	43	-84.96
59	44	-84.16
59	48	-85.57
59	49	-92.67
59	52	-92.03
59	54	-74.83
59	57	-92.42
59	60	-88.75
59	64	-94.93
59	73	-94.46
59	75	-90.14
60	4	-92.75
60	7	-75.49
60	9	-77.31
60	12	-57.79
60	16	-93.78
60	18	-86.02
60	19	-90.83
60	21	-91.98
60	23	-88.44
60	24	-92.50
60	25	-91.78
60	28	-92.39
60	33	-90.60
60	34	-93.03
60	35	-93.69
60	37	-87.38
60	38	-76.99
60	40	-85.61
60	43	-90.76
60	44	-71.63
60	46	-93.91
60	48	-89.95
60	49	-73.30
60	50	-92.54
60	51	-89.11
60	52	-69.30
60	54	-86.61
60	57	-91.58
60	58	-90.21
60	59	-88.75
60	62	-92.94
60	64	-85.99
60	69	-87.53
60	71	-82.89
60	73	-81.06
60	74	-91.61
60	75	-69.87
60	77	-90.86
61	1	-58.61
61	3	-68.87
61	5	-69.52
61	6	-80.21
61	10	-75.76
61	11	-70.47
61	13	-94.55
61	14	-84.85
61	16	-90.65
61	21	-91.58
61	22	-89.31
61	26	-86.78
61	27	-88.36
61	30	-79.31
61	31	-92.76
61	35	-90.35
61	39	-73.76
61	41	-82.74
61	45	-93.29
61	47	-78.49
61	56	-94.04
61	66	-86.61
61	76	-89.90
61	77	-94.47
61	78	-76.09
61	79	-88.64
62	5	-93.67
62	6	-91.28
62	7	-91.02
62	8	-76.88
62	12	-94.10
62	14	-87.62
62	15	-81.25
62	16	-81.75
62	21	-85.29
62	25	-56.59
62	27	-84.92
62	28	-51.76
62	33	-93.81
62	35	-83.02
62	38	-90.35
62	40	-80.36
62	41	-94.86
62	46	-76.40
62	49	-90.59
62	50	-68.46
62	52	-90.08
62	53	-81.17
62	58	-70.47
62	60	-92.94
62	64	-94.90
62	66	-93.63
62	69	-76.49
62	71	-86.58
62	73	-91.29
62	75	-91.34
62	76	-83.58
62	77	-74.69
63	2	-88.90
63	4	-90.24
63	9	-93.38
63	13	-89.73
63	17	-80.06
63	19	-83.83
63	20	-90.02
63	23	-93.50
63	29	-83.53
63	31	-94.22
63	32	-79.44
63	33	-91.78
63	34	-88.55
63	36	-85.97
63	37	-87.60
63	42	-78.18
63	43	-93.14
63	45	-94.99
63	48	-92.40
63	51	-86.80
63	55	-90.66
63	56	-93.73
63	57	-85.05
63	64	-90.36
63	65	-84.38
63	67	-69.69
63	68	-82.74
63	70	-65.46
63	72	-81.05
63	73	-94.50
63	74	-85.55
63	80	-66.11
64	2	-93.22
64	4	-91.27
64	7	-90.98
64	9	-80.51
64	12	-86.64
64	13	-87.01
64	14	-94.51
64	16	-92.03
64	17	-94.88
64	18	-94.14
64	19	-75.94
64	20	-94.59
64	21	-88.57
64	22	-94.20
64	23	-90.11
64	25	-93.95
64	26	-94.07
64	28	-94.20
64	31	-94.52
64	33	-76.60
64	34	-79.93
64	35	-91.52
64	36	-93.87
64	37	-69.33
64	38	-91.24
64	40	-91.39
64	41	-93.42
64	42	-93.69
64	43	-91.49
64	44	-89.62
64	48	-90.30
64	49	-81.50
64	51	-68.68
64	52	-85.05
64	54	-91.61
64	56	-94.98
64	57	-86.42
64	58	-93.86
64	59	-94.93
64	60	-85.99
64	62	-94.90
64	63	-90.36
64	65	-86.32
64	66	-90.78
64	67	-92.93
64	69	-90.98
64	70	-91.99
64	71	-83.50
64	72	-92.89
64	73	-74.69
64	74	-75.70
64	75	-89.37
64	77	-91.29
64	79	-94.28
64	80	-91.21
65	2	-79.70
65	9	-93.06
65	13	-73.06
65	17	-86.50
65	19	-81.51
65	20	-82.95
65	21	-93.08
65	22	-87.71
65	26	-89.05
65	29	-89.76
65	30	-93.56
65	31	-85.82
65	32	-88.11
65	33	-83.40
65	34	-75.18
65	36	-81.35
65	37	-86.02
65	39	-94.39
65	41	-91.17
65	42	-84.14
65	45	-87.76
65	49	-93.85
65	51	-82.97
65	55	-85.05
65	56	-85.74
65	57	-90.66
65	63	-84.38
65	64	-86.32
65	66	-89.25
65	67	-85.54
65	68	-86.04
65	70	-84.26
65	71	-93.57
65	72	-80.66
65	73	-90.93
65	74	-77.44
65	79	-88.20
65	80	-87.64
66	1	-86.95
66	2	-91.02
66	3	-81.82
66	5	-84.58
66	6	-88.11
66	10	-89.00
66	11	-88.11
66	13	-83.84
66	14	-83.14
66	16	-85.54
66	19	-92.50
66	20	-92.10
66	21	-82.74
66	22	-81.87
66	25	-93.26
66	26	-78.10
66	27	-89.80
66	28	-92.96
66	30	-81.68
66	31	-86.61
66	33	-84.18
66	34	-85.76
66	35	-84.40
66	36	-93.87
66	37	-93.09
66	39	-79.75
66	40	-94.70
66	41	-68.09
66	45	-88.61
66	47	-89.39
66	49	-93.52
66	51	-91.51
66	52	-94.84
66	55	-93.21
66	56	-88.52
66	58	-94.73
66	61	-86.61
66	62	-93.63
66	64	-90.78
66	65	-89.25
66	69	-92.91
66	71	-90.52
66	72	-94.87
66	73	-90.92
66	74	-89.95
66	76	-91.07
66	77	-89.80
66	78	-87.63
66	79	-81.17
67	2	-87.58
67	4	-93.05
67	13	-90.45
67	17	-71.07
67	19	-87.78
67	20	-88.38
67	29	-76.69
67	31	-93.70
67	32	-69.38
67	33	-93.53
67	34	-90.37
67	36	-83.25
67	37	-90.92
67	42	-69.47
67	45	-94.27
67	48	-94.98
67	51	-90.03
67	55	-88.76
67	56	-92.97
67	57	-89.21
67	63	-69.69
67	64	-92.93
67	65	-85.54
67	68	-76.38
67	70	-53.53
67	72	-76.88
67	74	-88.52
67	80	-75.37
68	2	-83.25
68	13	-89.99
68	17	-61.55
68	19	-91.31
68	20	-83.23
68	22	-93.98
68	29	-70.92
68	31	-91.17
68	32	-70.80
68	33	-94.66
68	34	-91.49
68	36	-75.40
68	37	-94.00
68	42	-64.31
68	45	-91.40
68	51	-92.88
68	55	-82.94
68	56	-89.93
68	57	-93.83
68	63	-82.74
68	65	-86.04
68	67	-76.38
68	70	-77.72
68	72	-69.47
68	74	-91.02
68	79	-94.43
68	80	-85.80
69	6	-93.78
69	7	-85.50
69	8	-85.83
69	9	-91.72
69	12	-89.20
69	14	-89.54
69	15	-86.89
69	16	-83.06
69	21	-83.26
69	25	-72.40
69	27	-89.45
69	28	-74.55
69	33	-90.69
69	34	-94.03
69	35	-83.62
69	37	-93.59
69	38	-84.64
69	40	-65.91
69	41	-94.70
69	44	-90.97
69	46	-82.61
69	49	-83.96
69	50	-77.64
69	51	-93.69
69	52	-83.06
69	53	-86.34
69	58	-69.47
69	60	-87.53
69	62	-76.49
69	64	-90.98
69	66	-92.91
69	71	-78.09
69	73	-85.66
69	74	-94.59
69	75	-85.56
69	76	-89.00
69	77	-72.65
70	2	-87.18
70	4	-92.52
70	13	-89.60
70	17	-73.65
70	19	-86.41
70	20	-88.17
70	29	-79.07
70	31	-93.35
70	32	-73.23
70	33	-92.66
70	34	-89.32
70	36	-83.11
70	37	-89.85
70	42	-70.88
70	45	-94.01
70	48	-94.44
70	51	-88.86
70	55	-88.69
70	56	-92.66
70	57	-88.30
70	63	-65.46
70	64	-91.99
70	65	-84.26
70	67	-53.53
70	68	-77.72
70	72	-76.60
70	74	-87.23
70	80	-74.07
71	6	-94.93
71	7	-85.04
71	8	-92.29
71	9	-86.11
71	12	-85.07
71	13	-92.38
71	14	-90.36
71	15	-93.09
71	16	-84.94
71	18	-94.47
71	19	-90.12
71	21	-81.18
71	23	-94.45
71	25	-84.76
71	27	-92.19
71	28	-85.37
71	33	-84.16
71	34	-88.98
71	35	-84.66
71	37	-87.69
71	38	-84.77
71	40	-79.65
71	41	-93.06
71	44	-88.22
71	46	-90.45
71	49	-73.53
71	50	-87.79
71	51	-87.81
71	52	-76.35
71	53	-92.72
71	54	-94.21
71	57	-94.27
71	58	-84.34
71	60	-82.89
71	62	-86.58
71	64	-83.50
71	65	-93.57
71	66	-90.52
71	69	-78.09
71	73	-73.09
71	74	-89.30
71	75	-83.60
71	76	-92.28
71	77	-80.50
72	2	-78.62
72	13	-86.14
72	17	-72.48
72	19	-88.52
72	20	-79.86
72	22	-91.72
72	26	-93.35
72	29	-79.56
72	31	-88.69
72	32	-77.44
72	33	-91.99
72	34	-88.06
72	36	-68.68
72	37	-91.76
72	42	-66.67
72	45	-89.32
72	51	-90.26
72	55	-80.63
72	56	-87.47
72	57	-92.56
72	63	-81.05
72	64	-92.89
72	65	-80.66
72	66	-94.87
72	67	-76.88
72	68	-69.47
72	70	-76.60
72	74	-87.78
72	79	-92.22
72	80	-85.16
73	4	-93.70
73	7	-86.50
73	9	-80.50
73	12	-82.89
73	13	-90.42
73	14	-92.81
73	16	-89.05
73	18	-93.13
73	19	-85.25
73	21	-85.30
73	23	-91.51
73	25	-90.01
73	27	-94.96
73	28	-90.42
73	33	-80.47
73	34	-85.64
73	35	-88.63
73	37	-81.33
73	38	-86.66
73	40	-86.04
73	41	-93.56
73	43	-93.12
73	44	-86.84
73	46	-94.10
73	48	-92.14
73	49	-70.14
73	50	-92.14
73	51	-81.93
73	52	-77.09
73	54	-91.83
73	57	-90.60
73	58	-89.63
73	59	-94.46
73	60	-81.06
73	62	-91.29
73	63	-94.50
73	64	-74.69
73	65	-90.93
73	66	-90.92
73	69	-85.66
73	71	-73.09
73	74	-84.74
73	75	-84.49
73	77	-86.93
74	2	-88.54
74	4	-91.89
74	9	-87.21
74	12	-91.94
74	13	-81.14
74	16	-93.97
74	17	-90.75
74	19	-66.95
74	20	-90.39
74	21	-90.89
74	22	-91.64
74	23	-92.35
74	26	-92.02
74	29	-93.17
74	31	-91.27
74	32	-91.49
74	33	-77.17
74	34	-70.80
74	35	-93.42
74	36	-89.15
74	37	-75.00
74	41	-92.45
74	42	-89.09
74	43	-93.07
74	44	-93.98
74	45	-92.82
74	48	-92.02
74	49	-88.79
74	51	-66.84
74	52	-91.04
74	54	-94.35
74	55	-91.68
74	56	-91.57
74	57	-86.19
74	60	-91.61
74	63	-85.55
74	64	-75.70
74	65	-77.44
74	66	-89.95
74	67	-88.52
74	68	-91.02
74	69	-94.59
74	70	-87.23
74	71	-89.30
74	72	-87.78
74	73	-84.74
74	75	-94.04
74	77	-94.21
74	79	-91.87
74	80	-87.53
75	7	-59.54
75	8	-94.52
75	9	-84.01
75	12	-72.95
75	15	-93.98
75	16	-93.50
75	18	-87.16
75	19	-93.59
75	21	-92.21
75	23	-91.47
75	24	-93.95
75	25	-90.11
75	28	-90.87
75	33	-92.54
75	34	-94.96
75	35	-93.53
75	37	-90.87
75	38	-63.58
75	40	-82.39
75	43	-93.38
75	44	-75.01
75	46	-91.68
75	48	-92.80
75	49	-77.92
75	50	-90.38
75	51	-92.09
75	52	-71.70
75	53	-93.39
75	54	-89.39
75	57	-94.42
75	58	-87.87
75	59	-90.14
75	60	-69.87
75	62	-91.34
75	64	-89.37
75	69	-85.56
75	71	-83.60
75	73	-84.49
75	74	-94.04
75	77	-89.96
76	1	-88.35
76	3	-89.89
76	5	-86.21
76	6	-80.06
76	8	-85.88
76	10	-94.43
76	11	-93.18
76	14	-78.91
76	15	-89.83
76	16	-80.45
76	21	-86.19
76	25	-84.86
76	27	-57.79
76	28	-83.60
76	30	-93.59
76	33	-94.98
76	35	-81.64
76	39	-90.60
76	40	-91.39
76	41	-91.27
76	46	-89.11
76	50	-87.47
76	53	-90.30
76	58	-88.31
76	61	-89.90
76	62	-83.58
76	66	-91.07
76	69	-89.00
76	71	-92.28
76	77	-84.40
76	78	-94.34
77	1	-93.74
77	3	-93.19
77	5	-91.77
77	6	-90.11
77	7	-90.16
77	8	-85.71
77	9	-93.49
77	12	-92.22
77	13	-94.74
77	14	-84.28
77	15	-88.17
77	16	-73.69
77	21	-76.57
77	25	-71.81
77	27	-84.66
77	28	-71.49
77	33	-89.46
77	34	-93.01
77	35	-75.01
77	37	-94.05
77	38	-89.61
77	39	-93.16
77	40	-79.61
77	41	-91.73
77	44	-93.91
77	46	-84.94
77	49	-87.06
77	50	-80.50
77	51	-93.76
77	52	-87.26
77	53	-88.00
77	58	-77.09
77	60	-90.86
77	61	-94.47
77	62	-74.69
77	64	-91.29
77	66	-89.80
77	69	-72.65
77	71	-80.50
77	73	-86.93
77	74	-94.21
77	75	-89.96
77	76	-84.40
78	1	-79.80
78	3	-76.54
78	5	-82.33
78	6	-88.15
78	10	-57.15
78	11	-62.82
78	13	-93.67
78	14	-90.00
78	16	-93.99
78	21	-94.09
78	22	-86.06
78	26	-83.82
78	27	-93.19
78	30	-73.30
78	31	-89.79
78	35	-93.62
78	39	-76.85
78	41	-83.40
78	45	-89.93
78	47	-58.61
78	56	-91.17
78	61	-76.09
78	66	-87.63
78	76	-94.34
78	79	-85.32
79	1	-89.82
79	2	-85.66
79	3	-85.12
79	5	-89.26
79	6	-92.99
79	10	-87.19
79	11	-87.41
79	13	-82.95
79	14	-91.32
79	16	-93.41
79	19	-94.14
79	20	-86.33
79	21	-91.85
79	22	-45.20
79	26	-60.53
79	30	-78.40
79	31	-73.23
79	33	-89.66
79	34	-88.31
79	35	-92.78
79	36	-90.04
79	39	-83.06
79	41	-78.94
79	42	-94.44
79	45	-76.60
79	47	-86.78
79	51	-93.91
79	55	-87.55
79	56	-77.86
79	61	-88.64
79	64	-94.28
79	65	-88.20
79	66	-81.17
79	68	-94.43
79	72	-92.22
79	74	-91.87
79	78	-85.32
80	2	-91.55
80	4	-88.16
80	9	-93.22
80	13	-92.02
80	17	-83.29
80	19	-85.30
80	20	-92.46
80	23	-92.32
80	29	-85.34
80	32	-81.92
80	33	-93.19
80	34	-90.60
80	36	-89.06
80	37	-88.21
80	42	-82.45
80	43	-91.68
80	48	-90.98
80	51	-87.99
80	55	-92.97
80	57	-83.14
80	63	-66.11
80	64	-91.21
80	65	-87.64
80	67	-75.37
80	68	-85.80
80	70	-74.07
80	72	-85.16
80	74	-87.53
