1	2	-90.85
1	10	-83.00
1	14	-84.23
1	15	-79.07
1	16	-93.01
1	18	-86.47
1	20	-93.23
1	28	-93.71
1	29	-94.93
1	30	-90.57
2	1	-90.85
2	3	-92.89
2	6	-93.94
2	10	-89.63
2	12	-92.59
2	13	-94.47
2	14	-82.88
2	15	-82.62
2	17	-84.21
2	18	-85.38
2	19	-81.94
2	20	-79.90
2	22	-88.82
2	25	-85.76
2	26	-81.35
2	27	-89.47
2	28	-94.84
2	29	-78.91
2	30	-74.11
3	2	-92.89
3	4	-87.64
3	6	-86.53
3	11	-88.52
3	12	-89.32
3	13	-69.47
3	17	-81.58
3	19	-87.57
3	20	-90.34
3	21	-84.14
3	22	-90.57
3	24	-82.15
3	25	-89.10
3	26	-89.66
3	29	-87.25
3	30	-92.64
4	3	-87.64
4	5	-85.33
4	6	-77.45
4	7	-86.99
4	9	-89.73
4	11	-63.12
4	12	-84.03
4	13	-83.14
4	17	-92.01
4	19	-91.74
4	20	-93.38
4	21	-81.37
4	23	-91.02
4	24	-72.35
4	29	-92.96
5	4	-85.33
5	6	-87.48
5	7	-79.86
5	8	-93.99
5	9	-87.24
5	11	-85.96
5	12	-88.38
5	13	-94.06
5	21	-92.95
5	23	-88.47
5	24	-90.19
6	2	-93.94
6	3	-86.53
6	4	-77.45
6	5	-87.48
6	7	-83.99
6	8	-93.82
6	9	-84.59
6	11	-81.92
6	12	-70.74
6	13	-83.47
6	14	-94.80
6	17	-88.02
6	19	-85.83
6	20	-87.94
6	21	-87.36
6	23	-86.25
6	24	-79.75
6	26	-94.80
6	28	-94.12
6	29	-87.99
6	30	-91.34
7	4	-86.99
7	5	-79.86
7	6	-83.99
7	8	-87.99
7	9	-74.27
7	11	-88.84
7	12	-81.75
7	13	-93.53
7	16	-92.57
7	19	-92.37
7	20	-92.74
7	21	-94.36
7	23	-77.09
7	24	-90.69
7	28	-90.78
7	29	-94.14
7	30	-94.87
8	5	-93.99
8	6	-93.82
8	7	-87.99
8	9	-83.45
8	10	-90.48
8	12	-90.92
8	14	-92.75
8	16	-77.86
8	19	-94.39
8	20	-93.39
8	23	-81.22
8	28	-74.69
8	30	-94.18
9	4	-89.73
9	5	-87.24
9	6	-84.59
9	7	-74.27
9	8	-83.45
9	10	-93.01
9	11	-91.61
9	12	-79.31
9	13	-93.89
9	14	-92.87
9	16	-88.38
9	17	-93.82
9	19	-89.61
9	20	-89.45
9	23	-55.98
9	24	-92.11
9	28	-85.85
9	29	-91.76
9	30	-91.77
10	1	-83.00
10	2	-89.63
10	8	-90.48
10	9	-93.01
10	12	-94.12
10	14	-75.62
10	15	-81.64
10	16	-83.86
10	18	-91.78
10	19	-91.05
10	20	-88.45
10	23	-92.25
10	28	-84.71
10	29	-91.72
10	30	-86.17
11	3	-88.52
11	4	-63.12
11	5	-85.96
11	6	-81.92
11	7	-88.84
11	9	-91.61
11	12	-87.03
11	13	-84.14
11	17	-93.32
11	19	-93.41
11	20	-94.93
11	21	-79.32
11	23	-92.75
11	24	-73.84
11	29	-94.42
12	2	-92.59
12	3	-89.32
12	4	-84.03
12	5	-88.38
12	6	-70.74
12	7	-81.75
12	8	-90.92
12	9	-79.31
12	10	-94.12
12	11	-87.03
12	13	-87.62
12	14	-92.43
12	16	-92.78
12	17	-88.25
12	19	-83.64
12	20	-85.16
12	21	-91.24
12	23	-81.33
12	24	-85.83
12	26	-94.61
12	28	-91.02
12	29	-86.61
12	30	-89.05
13	2	-94.47
13	3	-69.47
13	4	-83.14
13	5	-94.06
13	6	-83.47
13	7	-93.53
13	9	-93.89
13	11	-84.14
13	12	-87.62
13	17	-85.17
13	19	-88.64
13	20	-91.20
13	21	-78.91
13	22	-93.49
13	23	-94.72
13	24	-74.60
13	25	-92.20
13	26	-92.45
13	29	-88.97
13	30	-93.67
14	1	-84.23
14	2	-82.88
14	6	-94.80
14	8	-92.75
14	9	-92.87
14	10	-75.62
14	12	-92.43
14	15	-74.27
14	16	-88.63
14	17	-91.49
14	18	-88.29
14	19	-86.47
14	20	-82.74
14	23	-92.39
14	25	-94.28
14	26	-92.03
14	28	-88.43
14	29	-86.82
14	30	-77.69
15	1	-79.07
15	2	-82.62
15	10	-81.64
15	14	-74.27
15	16	-92.49
15	17	-92.96
15	18	-82.18
15	19	-89.79
15	20	-87.21
15	25	-93.93
15	26	-91.63
15	27	-93.64
15	28	-92.60
15	29	-89.32
15	30	-82.61
16	1	-93.01
16	7	-92.57
16	8	-77.86
16	9	-88.38
16	10	-83.86
16	12	-92.78
16	14	-88.63
16	15	-92.49
16	19	-93.68
16	20	-92.07
16	23	-86.86
16	28	-62.32
16	29	-94.92
16	30	-92.02
17	2	-84.21
17	3	-81.58
17	4	-92.01
17	6	-88.02
17	9	-93.82
17	11	-93.32
17	12	-88.25
17	13	-85.17
17	14	-91.49
17	15	-92.96
17	18	-94.43
17	19	-77.22
17	20	-81.73
17	21	-92.31
17	22	-86.33
17	23	-94.27
17	24	-89.55
17	25	-82.63
17	26	-80.94
17	27	-93.16
17	29	-73.43
17	30	-84.59
18	1	-86.47
18	2	-85.38
18	10	-91.78
18	14	-88.29
18	15	-82.18
18	17	-94.43
18	19	-93.59
18	20	-92.30
18	22	-93.46
18	25	-92.33
18	26	-90.26
18	27	-87.62
18	29	-92.44
18	30	-89.30
19	2	-81.94
19	3	-87.57
19	4	-91.74
19	6	-85.83
19	7	-92.37
19	8	-94.39
19	9	-89.61
19	10	-91.05
19	11	-93.41
19	12	-83.64
19	13	-88.64
19	14	-86.47
19	15	-89.79
19	16	-93.68
19	17	-77.22
19	18	-93.59
19	20	-65.46
19	21	-94.13
19	22	-91.50
19	23	-89.96
19	24	-90.66
19	25	-88.75
19	26	-86.41
19	28	-92.52
19	29	-63.58
19	30	-76.45
20	1	-93.23
20	2	-79.90
20	3	-90.34
20	4	-93.38
20	6	-87.94
20	7	-92.74
20	8	-93.39
20	9	-89.45
20	10	-88.45
20	11	-94.93
20	12	-85.16
20	13	-91.20
20	14	-82.74
20	15	-87.21
20	16	-92.07
20	17	-81.73
20	18	-92.30
20	19	-65.46
20	22	-92.51
20	23	-89.56
20	24	-92.71
20	25	-89.93
20	26	-87.38
20	28	-90.92
20	29	-70.40
20	30	-69.10
21	3	-84.14
21	4	-81.37
21	5	-92.95
21	6	-87.36
21	7	-94.36
21	11	-79.32
21	12	-91.24
21	13	-78.91
21	17	-92.31
21	19	-94.13
21	24	-74.66
21	29	-94.58
22	2	-88.82
22	3	-90.57
22	13	-93.49
22	17	-86.33
22	18	-93.46
22	19	-91.50
22	20	-92.51
22	25	-66.67
22	26	-76.10
22	27	-84.55
22	29	-89.39
22	30	-92.33
23	4	-91.02
23	5	-88.47
23	6	-86.25
23	7	-77.09
23	8	-81.22
23	9	-55.98
23	10	-92.25
23	11	-92.75
23	12	-81.33
23	13	-94.72
23	14	-92.39
23	16	-86.86
23	17	-94.27
23	19	-89.96
23	20	-89.56
23	24	-93.16
23	28	-84.03
23	29	-92.06
23	30	-91.68
24	3	-82.15
24	4	-72.35
24	5	-90.19
24	6	-79.75
24	7	-90.69
24	9	-92.11
24	11	-73.84
24	12	-85.83
24	13	-74.60
24	17	-89.55
24	19	-90.66
24	20	-92.71
24	21	-74.66
24	23	-93.16
24	29	-91.55
25	2	-85.76
25	3	-89.10
25	13	-92.20
25	14	-94.28
25	15	-93.93
25	17	-82.63
25	18	-92.33
25	19	-88.75
25	20	-89.93
25	22	-66.67
25	26	-66.74
25	27	-85.42
25	29	-86.13
25	30	-89.78
26	2	-81.35
26	3	-89.66
26	6	-94.80
26	12	-94.61
26	13	-92.45
26	14	-92.03
26	15	-91.63
26	17	-80.94
26	18	-90.26
26	19	-86.41
26	20	-87.38
26	22	-76.10
26	25	-66.74
26	27	-85.22
26	29	-83.17
26	30	-86.78
27	2	-89.47
27	15	-93.64
27	17	-93.16
27	18	-87.62
27	22	-84.55
27	25	-85.42
27	26	-85.22
27	29	-93.47
27	30	-93.68
28	1	-93.71
28	2	-94.84
28	6	-94.12
28	7	-90.78
28	8	-74.69
28	9	-85.85
28	10	-84.71
28	12	-91.02
28	14	-88.43
28	15	-92.60
28	16	-62.32
28	19	-92.52
28	20	-90.92
28	23	-84.03
28	29	-93.95
28	30	-91.21
29	1	-94.93
29	2	-78.91
29	3	-87.25
29	4	-92.96
29	6	-87.99
29	7	-94.14
29	9	-91.76
29	10	-91.72
29	11	-94.42
29	12	-86.61
29	13	-88.97
29	14	-86.82
29	15	-89.32
29	16	-94.92
29	17	-73.43
29	18	-92.44
29	19	-63.58
29	20	-70.40
29	21	-94.58
29	22	-89.39
29	23	-92.06
29	24	-91.55
29	25	-86.13
29	26	-83.17
29	27	-93.47
29	28	-93.95
29	30	-76.10
30	1	-90.57
30	2	-74.11
30	3	-92.64
30	6	-91.34
30	7	-94.87
30	8	-94.18
30	9	-91.77
30	10	-86.17
30	12	-89.05
30	13	-93.67
30	14	-77.69
30	15	-82.61
30	16	-92.02
30	17	-84.59
30	18	-89.30
30	19	-76.45
30	20	-69.10
30	22	-92.33
30	23	-91.68
30	25	-89.78
30	26	-86.78
30	27	-93.68
30	28	-91.21
30	29	-76.10
