1	7	-89.60
2	3	-88.06
2	4	-87.38
3	2	-88.06
3	4	-58.61
3	8	-87.81
4	2	-87.38
4	3	-58.61
4	8	-89.34
5	6	-74.34
5	7	-93.71
5	8	-90.11
5	9	-88.63
5	10	-91.83
6	5	-74.34
6	8	-92.60
6	9	-91.64
6	10	-88.47
7	1	-89.60
7	5	-93.71
7	9	-87.14
8	3	-87.81
8	4	-89.34
8	5	-90.11
8	6	-92.60
8	10	-94.42
9	5	-88.63
9	6	-91.64
9	7	-87.14
10	5	-91.83
10	6	-88.47
10	8	-94.42
