1	4	-79.70
1	7	-91.69
1	9	-83.14
2	5	-75.43
2	8	-91.86
3	9	-90.86
4	1	-79.70
4	9	-90.63
5	2	-75.43
6	7	-86.37
6	8	-89.22
6	9	-94.57
6	10	-65.83
7	1	-91.69
7	6	-86.37
7	8	-81.35
7	9	-84.53
7	10	-89.40
8	2	-91.86
8	6	-89.22
8	7	-81.35
8	9	-91.54
8	10	-91.61
9	1	-83.14
9	3	-90.86
9	4	-90.63
9	6	-94.57
9	7	-84.53
9	8	-91.54
10	6	-65.83
10	7	-89.40
10	8	-91.61
